-20.475800 -55.699700
-21.065900 -48.527600
-20.998500 -44.763500
-18.831300 -40.846500
-10.873200 -55.796500
-29.314300 -50.852700
-30.511900 -53.490500
-18.300000 -43.660000
-23.343460 -49.563470
-27.234900 -52.131300
-19.704200 -50.359000
-23.338200 -45.621700
-21.610000 -51.260000
-12.105600 -48.300600
-31.754600 -53.645600
-24.716060 -52.064780
-22.419100 -47.531000
-18.702900 -41.184700
-22.795300 -52.634000
-23.002200 -46.965800
-15.706000 -51.812100
02.395300 -60.522500
-07.729900 -72.704900
-09.816840 -66.213680
-17.983000 -48.211700
-04.367200 -55.734300
-15.058100 -44.311200
-03.161500 -60.683800
-01.852900 -54.264900
-00.360200 -52.056700
-07.045370 -55.357860
-11.612300 -56.729600
-06.172400 -49.815000
-15.448700 -59.136800
-02.896700 -44.124600
-15.901200 -55.693600
-12.408500 -44.903000
-08.861700 -47.588600
-11.974200 -51.294300
-04.186800 -69.909000
-02.370400 -48.095700
-12.952800 -60.200200
-09.668865 -36.274600
-08.225770 -36.013000
-04.224330 -38.291010
-12.593730 -39.182050
-14.930740 -39.434470
-10.992530 -37.789030
-07.364500 -36.949710
-07.365430 -38.764080
-03.310730 -40.041370
-05.750270 -37.112130
-05.543190 -39.583700
-10.846820 -40.198810
-04.393990 -41.445730
-06.417770 -35.290520
-08.679470 -35.127210
-09.121830 -38.063230
-20.616865 -40.725213
-21.825656 -41.657401
-22.080966 -42.374182
-13.720000 -39.575278
-24.811420 -48.102354
-27.397200 -49.011800
-22.865160 -43.964094
-24.290108 -47.275344
-19.314216 -40.394365
-23.324300 -45.155900
-28.531800 -49.129100
-25.323541 -49.004644
-22.280081 -43.442624
