-03.288500 -52.224900 0183.0 ATM1
-03.154600 -51.755800 0037.0 BMO1
-03.347400 -51.988700 0117.0 BMO2
-15.641777 -48.014800 1198.0 BRA7
-13.417500 -48.085200 0380.0 CAN1
-03.778500 -38.768100 0470.0 FOR1
-21.112100 -44.931800 0922.0 FUN1
-09.981600 -48.318500 0294.0 LAJE
-15.060000 -44.310000 0693.0 JAN7
-06.747800 -47.327300 0248.0 PAL2
-22.009000 -42.985400 0392.0 SIM1
-21.915900 -42.806900 0345.0 SIM2
-08.915300 -63.250700 0125.0 SAMU
-04.282900 -49.916600 0152.0 TUC3
-04.251400 -49.536800 0114.0 TUC4
