-20.475800 -55.699700 0158.0 AQDB
-21.065900 -48.527600 0573.0 BB19B
-20.998500 -44.763500 0965.0 BSCB
-18.831300 -40.846500 0185.0 BSFB
-10.873200 -55.796500 0298.0 CLDB
-29.314300 -50.852700 0700.0 CNLB
-30.511900 -53.490500 0300.0 CPSB
-18.300000 -43.660000 1280.0 DIAM
-23.343460 -49.563470 0531.0 FRTB
-27.234900 -52.131300 0459.0 ITAB
-19.704200 -50.359000 0431.0 ITRB
-23.338200 -45.621700 0767.0 PARB
-21.610000 -51.260000 0346.0 PCMB
-12.105600 -48.300600 0350.0 PEXB
-31.754600 -53.645600 0200.0 PLTB
-24.716060 -52.064780 0907.0 PTGB
-22.419100 -47.531000 0660.0 RCLB
-18.702900 -41.184700 0243.0 SJMB
-22.795300 -52.634000 0580.0 TRCB
-23.002200 -46.965800 0808.0 VABB
-15.706000 -51.812100 0237.0 ARAG
02.395300 -60.522500 0114.0 BOAV
-07.729900 -72.704900 0196.0 CZSB
-09.816840 -66.213680 0118.0 ETMB
-17.983000 -48.211700 0706.0 IPMB
-04.367200 -55.734300 0118.0 ITTB
-15.058100 -44.311200 0693.0 JANB
-03.161500 -60.683800 0075.0 MACA
-01.852900 -54.264900 0027.0 MALB
-00.360200 -52.056700 0127.0 MCPB
-07.045370 -55.357860 0000.0 NPGB
-11.612300 -56.729600 0330.0 PDRB
-06.172400 -49.815000 0265.0 PRPB
-15.448700 -59.136800 0072.0 PTLB
-02.896700 -44.124600 0060.0 ROSB
-15.901200 -55.693600 0213.0 SALV
-12.408500 -44.903000 0623.0 SDBA
-08.861700 -47.588600 0292.0 SMTB
-11.974200 -51.294300 0252.0 SNDB
-04.186800 -69.909000 0091.0 TBTG
-02.370400 -48.095700 0026.0 TMAB
-12.952800 -60.200200 0434.0 VILB
-09.668865 -36.274600 0260.0 NBAN
-08.225770 -36.013000 0613.0 NBCA
-04.224330 -38.291010 0027.0 NBCL
-12.593730 -39.182050 0232.0 NBCP
-14.930740 -39.434470 0183.0 NBIT
-10.992530 -37.789030 0192.0 NBLA
-07.364500 -36.949710 0624.0 NBLI
-07.365430 -38.764080 0437.0 NBMA
-03.310730 -40.041370 0095.0 NBMO
-05.750270 -37.112130 0092.0 NBPA
-05.543190 -39.583700 0263.0 NBPB
-10.846820 -40.198810 0386.0 NBPN
-04.393990 -41.445730 0713.0 NBPS
-06.417770 -35.290520 0091.0 NBPV
-08.679470 -35.127210 0056.0 NBRF
-09.121830 -38.063230 0348.0 NBTA
-20.616865 -40.725213 0022.0 ALF01
-21.825656 -41.657401 0031.0 CAM01
-22.080966 -42.374182 0623.0 DUB01
-13.720000 -39.575278 0251.0 GDU01
-24.811420 -48.102354 0297.0 JAC01
-27.397200 -49.011800 0344.0 MAJ01
-22.865160 -43.964094 0617.0 MAN01
-24.290108 -47.275344 0150.0 PET01
-19.314216 -40.394365 0216.0 RIB01
-23.324300 -45.155900 1117.0 SLP01
-28.531800 -49.129100 0315.0 TER01
-25.323541 -49.004644 1049.0 TIJ01
-22.280081 -43.442624 0402.0 VAS01
