>999 999
 -51.0700   0.0450
 -51.1820  -0.0630
 -51.2000  -0.0900
 -51.2180  -0.1170
 -51.2450  -0.1810
 -51.2720  -0.2260
 -51.3080  -0.2710
 -51.3440  -0.3610
 -51.3800  -0.4060
 -51.4430  -0.4880
 -51.4790  -0.5420
 -51.5510  -0.6320
 -51.6050  -0.7220
 -51.6500  -0.8580
 -51.6770  -0.9480
 -51.7130  -1.0200
 -51.7580  -1.0750
 -51.8210  -1.1290
 -51.8750  -1.2190
 -51.9110  -1.3090
 -51.9370  -1.3450
 -51.9820  -1.3900
 -52.0720  -1.4180
 -52.1620  -1.4270
 -52.2520  -1.4720
 -52.3420  -1.4990
 -52.4320  -1.5260
 -52.5220  -1.5440
 -52.6120  -1.5620
 -52.7470  -1.5620
 -52.8370  -1.5710
 -52.9260  -1.6160
 -52.9260  -1.6250
 -52.9530  -1.6700
 -52.9710  -1.7150
 -52.9260  -1.7240
 -52.8820  -1.6520
 -52.7920  -1.6430
 -52.7020  -1.6160
 -52.5670  -1.5980
 -52.4770  -1.5980
 -52.3870  -1.5890
 -52.2970  -1.5710
 -52.2070  -1.5080
 -52.1170  -1.4990
 -52.0720  -1.4900
 -52.0270  -1.4720
 -51.9820  -1.4630
 -51.9370  -1.4990
 -51.9370  -1.5350
 -52.0270  -1.5530
 -52.0720  -1.5710
 -52.1170  -1.5890
 -52.1620  -1.6070
 -52.2520  -1.6430
 -52.2970  -1.6430
 -52.2880  -1.7150
 -52.2790  -1.7610
 -52.2790  -1.8510
 -52.2790  -1.9410
 -52.2700  -2.0310
 -52.2520  -2.1040
 -52.2160  -2.2120
 -52.1890  -2.2570
 -52.1440  -2.3470
 -52.1080  -2.4370
 -52.0720  -2.5190
 -52.0360  -2.6180
 -52.0270  -2.7350
 -51.9550  -2.6630
 -51.9370  -2.5730
 -51.9460  -2.4820
 -51.9820  -2.3920
 -52.0270  -2.3110
 -52.0720  -2.2390
 -52.1170  -2.1760
 -52.1440  -2.0760
 -52.1620  -1.9950
 -52.1710  -1.8960
 -52.2070  -1.8240
 -52.2160  -1.7150
 -52.1710  -1.6700
 -52.1170  -1.6430
 -52.0720  -1.6250
 -52.0270  -1.6160
 -51.9820  -1.6160
 -51.9370  -1.6070
 -51.8930  -1.5890
 -51.8120  -1.5350
 -51.7310  -1.4900
 -51.6770  -1.4450
 -51.6230  -1.4270
 -51.5780  -1.4090
 -51.5330  -1.3630
 -51.4880  -1.3270
 -51.4430  -1.2820
 -51.3980  -1.2640
 -51.3080  -1.2370
 -51.2360  -1.1740
 -51.1730  -1.1110
 -51.1550  -1.0380
 -51.1100  -0.9480
 -51.0830  -0.8670
 -51.0650  -0.8130
 -51.0380  -0.7310
 -50.9930  -0.6860
 -50.9570  -0.6320
 -50.9040  -0.6230
 -50.8140  -0.5960
 -50.8140  -0.6770
 -50.8230  -0.7220
 -50.8230  -0.7680
 -50.8320  -0.8580
 -50.8320  -0.9030
 -50.8320  -0.9930
 -50.7870  -1.0840
 -50.7240  -1.1110
 -50.7420  -1.0380
 -50.7600  -0.9930
 -50.7600  -0.9030
 -50.7600  -0.8580
 -50.7690  -0.7860
 -50.7690  -0.7220
 -50.7330  -0.6320
 -50.6880  -0.5870
 -50.6880  -0.5420
 -50.6790  -0.4700
 -50.6700  -0.4060
 -50.6340  -0.3430
 -50.5530  -0.2260
 -50.4990  -0.1900
 -50.4360  -0.1350
 -50.3640  -0.1260
 -50.3190  -0.0990
 -50.2290  -0.1350
 -50.1390  -0.1540
 -50.0400  -0.1720
 -49.9600  -0.1900
 -49.8700  -0.2260
 -49.7350  -0.2440
 -49.6450  -0.2530
 -49.5550  -0.2620
 -49.4200  -0.2260
 -49.3300  -0.1990
 -49.2400  -0.1450
 -49.1500  -0.1350
 -49.0600  -0.1450
 -48.9710  -0.1720
 -48.8810  -0.2440
 -48.7460  -0.2440
 -48.6560  -0.2530
 -48.5660  -0.2530
 -48.4760  -0.2710
 -48.4040  -0.3160
 -48.3950  -0.4060
 -48.4130  -0.4970
 -48.4400  -0.5870
 -48.4490  -0.6770
 -48.4760  -0.7490
 -48.5030  -0.8130
 -48.5210  -0.8850
 -48.5480  -0.9480
 -48.5930  -1.0380
 -48.6110  -1.0840
 -48.6920  -1.1740
 -48.7100  -1.2190
 -48.7640  -1.3090
 -48.7910  -1.3720
 -48.8630  -1.4900
 -48.9260  -1.5260
 -49.0150  -1.5530
 -49.1050  -1.5710
 -49.1950  -1.6160
 -49.2400  -1.6250
 -49.3300  -1.6340
 -49.4110  -1.6700
 -49.4650  -1.7240
 -49.5100  -1.7520
 -49.6000  -1.7520
 -49.6900  -1.7880
 -49.7350  -1.8060
 -49.8250  -1.8150
 -49.9150  -1.7700
 -50.0040  -1.7420
 -50.0940  -1.7520
 -50.1840  -1.7880
 -50.2740  -1.7880
 -50.3190  -1.8240
 -50.3820  -1.8510
 -50.4990  -1.9320
 -50.4990  -1.9410
 -50.4090  -1.9500
 -50.2740  -1.9410
 -50.1840  -1.9140
 -50.0490  -1.8690
 -49.9600  -1.8600
 -49.8700  -1.8960
 -49.7800  -1.9140
 -49.6900  -1.8780
 -49.6000  -1.8330
 -49.5100  -1.7880
 -49.4200  -1.7420
 -49.3120  -1.8060
 -49.3570  -1.8960
 -49.3930  -2.0310
 -49.4200  -2.0940
 -49.4560  -2.2120
 -49.5010  -2.3020
 -49.4650  -2.3650
 -49.3750  -2.3380
 -49.3480  -2.2570
 -49.3210  -2.1670
 -49.2940  -2.0760
 -49.2490  -1.9860
 -49.1950  -1.9050
 -49.1680  -1.8510
 -49.1050  -1.7700
 -49.0600  -1.7150
 -49.0150  -1.6520
 -48.9710  -1.6160
 -48.8810  -1.5710
 -48.8810  -1.6250
 -48.9260  -1.6880
 -48.8810  -1.7060
 -48.8090  -1.6250
 -48.7460  -1.5620
 -48.7010  -1.4810
 -48.6560  -1.3990
 -48.6110  -1.3810
 -48.5660  -1.3990
 -48.4940  -1.3540
 -48.4850  -1.2640
 -48.4580  -1.1740
 -48.3860  -1.0930
 -48.3410  -1.1020
 -48.2960  -1.1290
 -48.2690  -1.0840
 -48.2960  -0.9930
 -48.2510  -0.9120
 -48.1700  -0.8580
 -48.1250  -0.7680
 -48.0710  -0.7310
 -47.9820  -0.7130
 -47.9370  -0.6500
 -47.9100  -0.5870
 -47.8470  -0.6230
 -47.8020  -0.6680
 -47.7570  -0.5960
 -47.6670  -0.5690
 -47.6310  -0.6320
 -47.5770  -0.6950
 -47.5320  -0.5960
 -47.4960  -0.6770
 -47.4420  -0.7130
 -47.3970  -0.6500
 -47.3520  -0.6500
 -47.3070  -0.6230
 -47.2620  -0.6140
 -47.1720  -0.6320
 -47.1540  -0.7220
 -47.0820  -0.7130
 -47.0380  -0.7490
 -46.9930  -0.7490
 -46.9480  -0.7590
 -46.9120  -0.8580
 -46.8580  -0.8670
 -46.8400  -0.7680
 -46.7860  -0.8130
 -46.7680  -0.8580
 -46.7320  -0.8130
 -46.6780  -0.8400
 -46.5880  -0.8310
 -46.5790  -0.9030
 -46.5430  -0.9480
 -46.4170  -0.9480
 -46.4080  -1.0020
 -46.3180  -1.0110
 -46.2460  -0.9480
 -46.1830  -0.9210
 -46.1830  -0.9930
 -46.1740  -1.0380
 -46.1380  -1.0930
 -46.0930  -1.1200
 -46.0490  -1.1380
 -46.0040  -1.1020
 -45.9950  -1.0840
>999 999
 -50.5710   0.0000
 -50.5890  -0.0720
 -50.6340  -0.1450
 -50.7060  -0.2260
 -50.7240  -0.3160
 -50.7420  -0.4060
 -50.7690  -0.4880
 -50.8590  -0.5330
 -50.9490  -0.6050
 -51.0380  -0.6410
 -51.0830  -0.6050
 -51.1100  -0.6770
 -51.1550  -0.7680
 -51.1820  -0.8310
 -51.1910  -0.9030
 -51.2090  -0.9930
 -51.2630  -1.0650
 -51.2990  -1.1290
 -51.3980  -1.2010
 -51.4880  -1.2460
 -51.5780  -1.3270
 -51.6680  -1.3810
 -51.7580  -1.4360
 -51.8480  -1.4720
 -51.8840  -1.3990
 -51.8660  -1.3090
 -51.8570  -1.2190
 -51.8210  -1.1740
 -51.7130  -1.1380
 -51.6590  -1.0380
 -51.6410  -0.9480
 -51.6140  -0.8580
 -51.5600  -0.7680
 -51.4880  -0.6410
 -51.4160  -0.5870
 -51.3080  -0.5330
 -51.2180  -0.4610
 -51.1550  -0.4060
 -51.0380  -0.3340
 -51.0020  -0.2260
 -50.9660  -0.1350
 -50.9220  -0.0450
 -50.7500   0.0500
 -50.5710   0.0000
>999 999
 -45.9950  -1.0840
 -45.9320  -1.1740
 -45.9140  -1.1830
 -45.8690  -1.1380
 -45.8330  -1.1740
 -45.8240  -1.2460
 -45.7340  -1.2100
 -45.6890  -1.2100
 -45.6080  -1.2640
 -45.5540  -1.2910
 -45.5090  -1.3450
 -45.4190  -1.3450
 -45.4460  -1.3990
 -45.3830  -1.4450
 -45.3560  -1.3990
 -45.3290  -1.3540
 -45.2930  -1.3990
 -45.3110  -1.4900
 -45.3110  -1.5800
 -45.2930  -1.6250
 -45.2390  -1.6070
 -45.1940  -1.5530
 -45.1220  -1.4900
 -45.0150  -1.5080
 -44.9250  -1.5170
 -44.8350  -1.4810
 -44.8440  -1.5800
 -44.7990  -1.6700
 -44.7630  -1.7150
 -44.7180  -1.7610
 -44.7000  -1.8150
 -44.6550  -1.7700
 -44.6100  -1.8060
 -44.5650  -1.8240
 -44.5290  -1.8960
 -44.5020  -1.9410
 -44.4930  -2.0310
 -44.5470  -2.1220
 -44.5830  -2.1670
 -44.6460  -2.2570
 -44.6100  -2.2930
 -44.5200  -2.2210
 -44.4300  -2.1760
 -44.4120  -2.2570
 -44.3850  -2.3380
 -44.3940  -2.4370
 -44.4750  -2.4640
 -44.5200  -2.5090
 -44.5290  -2.5730
 -44.5560  -2.6180
 -44.5830  -2.7080
 -44.6370  -2.7980
 -44.6460  -2.8430
 -44.6550  -2.8880
 -44.6730  -2.9780
 -44.6730  -3.0690
 -44.6820  -3.1140
 -44.6100  -3.1410
 -44.5650  -3.1230
 -44.5020  -3.0690
 -44.4570  -2.9780
 -44.4300  -2.9510
 -44.4030  -2.8430
 -44.3850  -2.7530
 -44.3580  -2.6630
 -44.3310  -2.6360
>999 999
 -44.4750  -2.7530
 -44.4750  -2.8430
 -44.4750  -2.9330
 -44.4840  -2.9780
 -44.5200  -3.0150
 -44.5650  -3.0510
 -44.6100  -3.0690
 -44.6100  -3.0240
 -44.5920  -2.9330
 -44.5740  -2.8880
 -44.5560  -2.8430
 -44.5200  -2.7890
 -44.5020  -2.7530
 -44.4750  -2.7530
>999 999
 -44.3310  -2.6360
 -44.3040  -2.5730
 -44.2590  -2.5280
 -44.1690  -2.4820
 -44.1160  -2.4640
 -44.0710  -2.4280
 -44.0530  -2.4820
 -44.0260  -2.5280
 -44.0710  -2.5910
 -44.1160  -2.6540
 -44.1510  -2.7080
 -44.2050  -2.7440
 -44.2500  -2.7620
 -44.2050  -2.7890
 -44.1960  -2.8430
 -44.1600  -2.8610
 -44.1160  -2.8160
 -44.0710  -2.7800
 -44.0260  -2.7170
 -43.9900  -2.6630
 -43.9360  -2.6270
 -43.8910  -2.5730
 -43.8460  -2.5820
 -43.7560  -2.5640
 -43.7110  -2.5370
 -43.6660  -2.5190
 -43.6210  -2.5370
 -43.5310  -2.5000
 -43.4680  -2.5280
 -43.4410  -2.5370
 -43.4320  -2.4370
 -43.3960  -2.4190
 -43.3600  -2.3920
 -43.2610  -2.3920
 -43.1710  -2.4100
 -43.0820  -2.4370
 -43.0370  -2.4550
 -42.9470  -2.4730
 -42.8660  -2.5280
 -42.7850  -2.5730
 -42.7220  -2.5820
 -42.6410  -2.6180
 -42.5510  -2.6630
 -42.4520  -2.6990
 -42.3980  -2.7530
 -42.3170  -2.7620
 -42.2720  -2.7800
 -42.1820  -2.7980
 -42.0480  -2.8160
 -41.9580  -2.7890
 -41.8680  -2.7620
 -41.8140  -2.7440
 -41.7240  -2.8070
 -41.6340  -2.8790
 -41.5440  -2.9060
 -41.4540  -2.9150
 -41.3640  -2.9150
 -41.2740  -2.8970
 -41.1850  -2.8880
 -41.0950  -2.8880
 -41.0050  -2.8790
 -40.8250  -2.8700
 -40.6450  -2.8520
 -40.4650  -2.8160
 -40.2850  -2.8160
 -40.1060  -2.8430
 -39.9260  -2.8790
 -39.7460  -2.9870
 -39.6650  -3.0240
 -39.5660  -3.1140
 -39.3680  -3.2040
 -39.1710  -3.2940
 -39.0540  -3.3840
 -38.9010  -3.4740
 -38.8110  -3.5730
 -38.7570  -3.6090
 -38.6940  -3.6540
 -38.5770  -3.7090
 -38.4870  -3.7270
 -38.4510  -3.7450
 -38.3970  -3.7990
 -38.3070  -3.9070
 -38.2180  -4.0060
 -38.1460  -4.1050
 -38.0650  -4.1950
 -37.9660  -4.2850
 -37.8580  -4.3480
 -37.7680  -4.3840
 -37.7140  -4.4650
 -37.6510  -4.5550
 -37.4980  -4.6270
 -37.4080  -4.6630
 -37.3180  -4.6990
 -37.2470  -4.8250
 -37.1930  -4.9150
 -37.0490  -4.9510
 -36.9590  -4.9600
 -36.8690  -4.9780
 -36.7790  -5.0500
 -36.7070  -5.0950
 -36.5990  -5.1130
 -36.5090  -5.0860
 -36.4190  -5.0680
 -36.2400  -5.0860
 -36.1500  -5.0950
 -36.0600  -5.0680
 -35.9700  -5.0230
 -35.8800  -5.0500
 -35.7900  -5.0680
 -35.7000  -5.0860
 -35.6100  -5.1130
 -35.5200  -5.1400
 -35.4480  -5.1850
 -35.3670  -5.2750
 -35.3410  -5.3650
 -35.2960  -5.4540
 -35.2510  -5.5440
 -35.2150  -5.6340
 -35.1610  -5.7870
 -35.1520  -5.9040
 -35.0980  -5.9930
 -35.0800  -6.0830
 -35.0620  -6.1730
 -35.0260  -6.2630
 -35.0080  -6.3530
 -34.9630  -6.4420
 -34.9450  -6.5320
 -34.9450  -6.6220
 -34.9270  -6.7110
 -34.9090  -6.8010
 -34.8640  -6.8910
 -34.8460  -6.9800
 -34.8280  -7.0700
 -34.8100  -7.1590
 -34.7920  -7.2490
 -34.7920  -7.4280
 -34.7920  -7.5180
 -34.8100  -7.6070
 -34.8190  -7.6970
 -34.8100  -7.7860
 -34.8100  -7.8750
 -34.8100  -7.9650
 -34.8550  -8.0540
 -34.8820  -8.1440
 -34.9000  -8.2330
 -34.9270  -8.3220
 -34.9540  -8.4120
 -34.9720  -8.5010
 -35.0530  -8.6800
 -35.1160  -8.8580
 -35.1430  -8.9470
 -35.1970  -9.0360
 -35.2420  -9.1260
 -35.2960  -9.2150
 -35.3670  -9.3040
 -35.4660  -9.3930
 -35.5200  -9.4280
 -35.6100  -9.5620
 -35.7000  -9.6510
 -35.7900  -9.7400
 -35.8440  -9.8380
 -35.9250  -9.9270
 -35.9700  -9.9710
 -36.0600 -10.0780
 -36.1500 -10.1580
 -36.2400 -10.2380
 -36.2670 -10.2820
 -36.2940 -10.3710
 -36.3380 -10.4240
 -36.4190 -10.4950
 -36.5630 -10.5490
 -36.6890 -10.6290
 -36.7790 -10.6820
 -36.8690 -10.7700
 -36.9140 -10.8150
 -36.9680 -10.9030
 -37.0490 -10.9390
 -37.0490 -10.9920
 -37.0760 -11.0810
 -37.1390 -11.1160
 -37.1570 -11.1690
 -37.2290 -11.2580
 -37.2830 -11.3460
 -37.3180 -11.3910
 -37.3270 -11.4350
 -37.3810 -11.5230
 -37.4350 -11.6120
 -37.4800 -11.7000
 -37.5070 -11.7890
 -37.5430 -11.8770
 -37.5880 -11.9300
 -37.6420 -12.0540
 -37.6780 -12.1070
 -37.7500 -12.2300
 -37.8220 -12.3180
 -37.8580 -12.3540
 -37.8850 -12.4060
 -37.9210 -12.4950
 -37.9840 -12.5830
 -38.0380 -12.6440
 -38.1280 -12.7410
 -38.2180 -12.8380
 -38.2890 -12.9260
 -38.3970 -12.9880
 -38.4690 -13.0230
 -38.4870 -13.0230
 -38.4960 -12.9350
 -38.4960 -12.8470
 -38.4780 -12.7590
 -38.5770 -12.7240
 -38.6310 -12.6710
 -38.6670 -12.6360
 -38.7300 -12.7590
 -38.7570 -12.8200
 -38.8470 -12.7680
 -38.8560 -12.8470
 -38.7570 -12.8820
 -38.7390 -12.9350
 -38.7570 -13.0230
 -38.8470 -13.0760
 -38.8650 -13.1110
 -38.8650 -13.1990
>999 999
 -38.7570 -13.1200
 -38.7120 -13.0230
 -38.6670 -12.9790
 -38.5860 -13.0230
 -38.7210 -13.1110
 -38.7570 -13.1200
>999 999
 -38.8650 -13.1990
 -38.9370 -13.2780
 -38.9550 -13.3740
 -39.0270 -13.4010
 -39.0630 -13.4620
 -38.9910 -13.5500
 -38.9820 -13.6380
 -38.9640 -13.7250
 -38.9640 -13.8130
>999 999
 -38.9010 -13.5500
 -38.9910 -13.4620
 -38.9010 -13.4620
>999 999
 -38.9280 -13.6030
 -38.8830 -13.6030
 -38.9280 -13.6550
 -38.9370 -13.5940
>999 999
 -38.9640 -13.8130
 -39.0180 -13.8220
 -39.1080 -13.7080
 -39.0270 -13.8570
 -39.0810 -13.9450
 -38.9910 -14.0320
 -39.0630 -14.1200
 -38.9550 -14.0320
 -38.9460 -13.9450
 -38.9280 -13.9100
 -38.9010 -14.0320
 -38.9100 -14.1200
 -38.9370 -14.2070
 -38.9640 -14.2950
 -38.9820 -14.3820
 -38.9910 -14.4700
 -39.0180 -14.5400
 -39.0450 -14.6440
 -39.0630 -14.7320
 -39.0180 -14.8190
 -39.0180 -14.9060
 -39.0090 -14.9940
 -38.9910 -15.0810
 -38.9820 -15.1680
 -38.9820 -15.2550
 -38.9820 -15.3420
 -38.9730 -15.4290
 -38.9550 -15.5160
 -38.9370 -15.6030
 -38.9100 -15.6900
 -38.8920 -15.7770
 -38.8650 -15.8640
 -38.9010 -15.9510
 -38.9280 -16.0370
 -38.9460 -16.1240
 -38.9640 -16.2110
 -38.9910 -16.2970
 -39.0090 -16.3840
 -39.0450 -16.4710
 -39.0810 -16.5570
 -39.1080 -16.7130
 -39.1260 -16.8170
 -39.1170 -16.9030
 -39.1620 -16.9890
 -39.1710 -17.0760
 -39.2250 -17.1620
 -39.2250 -17.2480
 -39.2340 -17.3340
 -39.2070 -17.4210
 -39.1980 -17.5070
 -39.1980 -17.5930
 -39.1530 -17.6790
 -39.2250 -17.7650
 -39.2780 -17.8510
 -39.3770 -17.9020
 -39.4400 -17.9370
 -39.5210 -18.0230
 -39.5570 -18.1000
 -39.6110 -18.1940
 -39.6470 -18.2280
 -39.6560 -18.2800
 -39.6740 -18.3660
 -39.7100 -18.5370
 -39.7280 -18.7080
 -39.7370 -18.8790
 -39.7370 -18.9640
 -39.7370 -19.0500
 -39.7280 -19.2200
 -39.7280 -19.3050
 -39.7280 -19.3910
 -39.7460 -19.4760
 -39.7820 -19.5610
 -39.8270 -19.6120
 -39.8720 -19.6460
 -39.9530 -19.7310
 -40.0430 -19.8160
 -40.0970 -19.8920
 -40.1240 -19.9860
 -40.1420 -20.0700
 -40.1600 -20.1550
 -40.1870 -20.2310
 -40.2760 -20.2910
 -40.3120 -20.3330
 -40.2760 -20.4090
 -40.3300 -20.4940
 -40.3660 -20.5360
 -40.3750 -20.5780
 -40.4560 -20.6210
 -40.4830 -20.6630
 -40.5190 -20.7470
 -40.6360 -20.7980
 -40.6810 -20.8320
 -40.7710 -20.9160
 -40.7980 -21.0000
 -40.8160 -21.0510
 -40.9060 -21.1520
 -40.9510 -21.2530
 -40.9600 -21.3370
 -40.9960 -21.4130
 -41.0680 -21.5050
 -41.0590 -21.5890
 -41.0230 -21.6730
 -41.0140 -21.8410
 -40.9870 -21.9250
 -40.9870 -22.0080
 -41.0860 -22.0580
 -41.1760 -22.1250
 -41.2650 -22.1590
 -41.3550 -22.1840
 -41.4450 -22.2010
 -41.5800 -22.2590
 -41.7150 -22.3090
 -41.8050 -22.3840
 -41.8770 -22.5100
 -41.9670 -22.5930
 -41.9670 -22.6760
 -41.8680 -22.7600
 -41.9760 -22.8430
 -42.0210 -22.9260
 -42.0750 -22.9510
 -42.1650 -22.9510
 -42.3440 -22.9510
 -42.5240 -22.9340
 -42.6140 -22.9340
 -42.7040 -22.9510
 -42.7940 -22.9670
 -42.9740 -22.9760
 -43.0640 -22.9670
 -43.1000 -22.8430
 -43.0550 -22.7600
 -43.0370 -22.6760
 -43.1540 -22.7010
 -43.2430 -22.7430
 -43.2250 -22.8430
 -43.1710 -22.9260
 -43.3330 -23.0010
 -43.4050 -23.0090
 -43.5130 -23.0420
 -43.6030 -23.0420
 -43.6930 -22.9760
 -43.7830 -22.9510
 -43.8280 -22.9260
 -43.9630 -22.9340
 -44.0530 -23.0010
 -44.1420 -23.0420
 -44.2320 -23.0590
 -44.3310 -23.0090
>999 999
 -44.2320 -23.0880
 -44.1420 -23.1090
 -44.1160 -23.1750
 -44.2320 -23.1920
 -44.3220 -23.2000
 -44.2590 -23.0920
 -44.2320 -23.0880
>999 999
 -44.3310 -23.0090
 -44.3310 -22.9260
 -44.4120 -22.9430
 -44.5020 -23.0010
 -44.5920 -23.0340
 -44.6640 -23.0920
 -44.7000 -23.1750
 -44.5920 -23.2000
 -44.5380 -23.2580
 -44.5740 -23.3410
 -44.6820 -23.3410
 -44.7720 -23.3580
 -44.8620 -23.3580
 -44.9520 -23.3820
 -45.0330 -23.4240
 -45.0420 -23.4240
 -45.1220 -23.5070
 -45.2210 -23.5480
 -45.3110 -23.6060
 -45.4010 -23.6390
 -45.4280 -23.6720
 -45.4010 -23.7550
 -45.4820 -23.8370
>999 999
 -45.4000 -23.8500
 -45.3470 -23.7550
 -45.3110 -23.7220
 -45.2570 -23.8370
 -45.2210 -23.8790
 -45.3110 -23.9040
 -45.4010 -23.9280
 -45.4000 -23.8500
>999 999
 -45.4820 -23.8370
 -45.5180 -23.8370
 -45.5810 -23.8130
 -45.6710 -23.7960
 -45.7610 -23.7710
 -45.8510 -23.7710
 -45.9410 -23.7710
 -46.0310 -23.8040
 -46.1200 -23.8040
 -46.1830 -23.9200
 -46.2370 -24.0030
 -46.3000 -24.0360
 -46.3900 -24.0270
 -46.4800 -24.0360
 -46.5700 -24.0690
 -46.6600 -24.1100
 -46.7500 -24.1510
 -46.8400 -24.2090
 -46.9930 -24.3320
 -47.0110 -24.4140
 -47.1090 -24.4640
 -47.1990 -24.5210
 -47.2710 -24.5790
 -47.3790 -24.6360
 -47.4690 -24.6850
 -47.5590 -24.7430
 -47.6490 -24.8000
 -47.7390 -24.8660
 -47.8290 -24.9390
 -47.9100 -25.0700
 -47.9190 -25.1520
 -47.9910 -25.2340
 -48.0800 -25.3150
 -48.1610 -25.3970
 -48.2780 -25.4700
 -48.2150 -25.3150
 -48.3680 -25.2830
 -48.4490 -25.3970
 -48.5480 -25.4460
 -48.6380 -25.4460
 -48.7280 -25.3810
 -48.6650 -25.4780
 -48.5480 -25.5030
 -48.4580 -25.5270
 -48.3770 -25.5600
 -48.4490 -25.6410
 -48.4850 -25.7230
 -48.5120 -25.8040
 -48.5480 -25.8370
 -48.6380 -25.8370
 -48.6740 -25.8850
 -48.5750 -25.9660
 -48.5930 -26.0480
 -48.6470 -26.2100
 -48.7280 -26.2100
 -48.7640 -26.2910
 -48.6560 -26.3720
 -48.6380 -26.4040
 -48.6110 -26.4530
>999 999
 -48.6110 -26.3720
 -48.6830 -26.2910
 -48.5930 -26.2100
 -48.5480 -26.1850
 -48.5300 -26.2910
 -48.5570 -26.3720
 -48.6110 -26.3720
>999 999
 -48.6110 -26.4530
 -48.6560 -26.5330
 -48.6830 -26.6140
 -48.6830 -26.6950
 -48.5930 -26.7750
 -48.6290 -26.8560
 -48.6200 -26.9370
 -48.5750 -27.0170
 -48.5750 -27.0970
 -48.5030 -27.1780
 -48.6020 -27.2580
 -48.5570 -27.3380
 -48.6110 -27.4180
 -48.6200 -27.4990
 -48.6020 -27.5790
 -48.6290 -27.6590
>999 999
 -48.5390 -27.5790
 -48.5210 -27.4990
 -48.5210 -27.4180
 -48.4580 -27.4020
 -48.3680 -27.4100
 -48.3860 -27.4990
 -48.4400 -27.5790
 -48.4670 -27.6590
 -48.4760 -27.7390
 -48.5480 -27.7870
 -48.5660 -27.6590
 -48.5390 -27.5790
>999 999
 -48.6290 -27.6590
 -48.6380 -27.6590
 -48.6290 -27.7390
 -48.5930 -27.8180
 -48.5840 -27.8980
 -48.6110 -27.9780
 -48.6110 -28.0580
 -48.6380 -28.1370
 -48.6470 -28.2170
 -48.6650 -28.2970
 -48.7100 -28.3760
 -48.7460 -28.4560
 -48.7730 -28.5350
 -48.8180 -28.5900
 -48.8630 -28.6140
 -48.9970 -28.6850
 -49.1410 -28.7730
 -49.2400 -28.8520
 -49.3570 -28.9230
 -49.4380 -29.0100
 -49.5280 -29.0890
 -49.6270 -29.1990
 -49.7170 -29.3170
 -49.7710 -29.4040
 -49.8340 -29.4820
 -49.8790 -29.5610
 -49.9860 -29.7180
 -50.0220 -29.7960
 -50.0760 -29.8830
 -50.1480 -30.0310
 -50.2200 -30.1870
 -50.2920 -30.3430
 -50.3190 -30.4210
 -50.3460 -30.4600
 -50.3550 -30.4990
 -50.4090 -30.5770
 -50.4720 -30.6620
 -50.5170 -30.7320
 -50.5710 -30.8100
 -50.6160 -30.8640
 -50.6430 -30.8870
 -50.6880 -30.9650
 -50.7510 -31.0420
 -50.8230 -31.1200
 -50.8770 -31.1970
 -50.9490 -31.2740
 -51.0560 -31.3510
 -51.1190 -31.4280
 -51.2090 -31.5050
 -51.3080 -31.5820
 -51.4070 -31.6590
 -51.4970 -31.7360
 -51.6050 -31.7900
 -51.6950 -31.8360
 -51.7850 -31.8670
 -51.8750 -31.9200
 -51.9640 -32.0200
 -52.0540 -32.1040
 -52.0540 -32.0430
 -52.0360 -31.9660
 -52.0270 -31.8900
 -52.0630 -31.8130
 -51.9640 -31.7980
 -51.8750 -31.8130
 -51.7850 -31.7520
 -51.6950 -31.7590
 -51.6050 -31.6820
 -51.5600 -31.5820
 -51.5150 -31.5590
 -51.4790 -31.5050
 -51.4250 -31.4750
 -51.3350 -31.4670
 -51.2450 -31.4130
 -51.1730 -31.3510
 -51.1550 -31.1970
 -51.1640 -31.0420
 -51.0650 -31.0110
 -50.9750 -30.9800
 -50.9750 -30.8870
 -50.8860 -30.8560
 -50.7960 -30.8020
 -50.7420 -30.7320
 -50.7060 -30.6550
 -50.6970 -30.5770
 -50.6970 -30.4990
 -50.7060 -30.4210
 -50.7330 -30.3430
 -50.6610 -30.4210
 -50.6160 -30.4520
 -50.5620 -30.3430
 -50.5710 -30.2660
 -50.6160 -30.1870
 -50.6970 -30.2660
 -50.7960 -30.2810
 -50.8860 -30.2890
 -50.9220 -30.3430
 -50.9750 -30.3820
 -51.0290 -30.2660
 -51.0650 -30.2340
 -51.1550 -30.2190
 -51.1910 -30.1870
 -51.2360 -30.1090
 -51.2540 -30.0310
 -51.3170 -30.1090
 -51.3170 -30.1870
 -51.2900 -30.2660
 -51.1550 -30.3360
 -51.1190 -30.3430
 -51.2450 -30.4140
 -51.2630 -30.4990
 -51.2900 -30.5770
 -51.2900 -30.6620
 -51.2810 -30.7320
 -51.3260 -30.6550
 -51.4070 -30.7320
 -51.3980 -30.8100
 -51.4250 -30.8490
 -51.4790 -30.8870
 -51.4880 -30.9650
 -51.4790 -31.0420
 -51.6050 -31.0890
 -51.6500 -31.1200
 -51.6590 -31.1970
 -51.6950 -31.2360
 -51.7850 -31.2510
 -51.8660 -31.2740
 -51.9640 -31.3440
 -51.9820 -31.4280
 -51.9910 -31.5050
 -51.9910 -31.5820
 -52.0540 -31.5210
 -52.1260 -31.6590
 -52.1980 -31.7360
 -52.2340 -31.8050
 -52.1620 -31.8900
 -52.2250 -31.9660
 -52.1440 -31.9970
 -52.1170 -32.0430
 -52.0900 -32.1190
 -52.1800 -32.1960
 -52.2340 -32.2650
 -52.2970 -32.3490
 -52.3240 -32.3710
 -52.3690 -32.4250
 -52.4050 -32.5010
 -52.4320 -32.5770
 -52.4590 -32.6530
 -52.4680 -32.7290
 -52.4860 -32.8050
 -52.5220 -32.8810
 -52.5670 -32.9570
 -52.6300 -33.1080
 -52.6840 -33.1690
 -52.7650 -33.2590
 -52.8370 -33.3350
 -52.9260 -33.4100
 -53.0340 -33.4860
 -53.1330 -33.5460
 -53.1510 -33.5610
>999 999
 -53.0430 -33.4410
 -52.9530 -33.3650
 -52.8640 -33.2750
 -52.7830 -33.1840
 -52.7200 -33.1080
 -52.6840 -33.0700
 -52.6480 -32.9570
 -52.5940 -32.8890
 -52.5760 -32.8050
 -52.6750 -32.8810
 -52.7200 -32.9570
 -52.7740 -33.0170
 -52.8550 -33.1080
 -52.9170 -33.1840
 -52.9530 -33.2290
 -53.0340 -33.3350
 -53.0970 -33.4100
 -53.1330 -33.4630
 -53.0430 -33.4410
>999 999
 -53.4930 -33.5380
 -53.4570 -33.4860
 -53.4300 -33.4100
 -53.4300 -33.3350
 -53.4300 -33.1840
 -53.3940 -33.1080
 -53.3130 -33.0550
 -53.2410 -33.0330
 -53.1870 -32.9570
 -53.1690 -32.8810
 -53.1510 -32.8050
 -53.1330 -32.7820
 -53.0430 -32.7600
 -52.9530 -32.8280
 -52.9000 -32.8810
 -52.7740 -32.8360
 -52.7200 -32.7290
 -52.6840 -32.6760
 -52.6210 -32.5770
 -52.6210 -32.4250
 -52.6570 -32.3490
 -52.7110 -32.2720
 -52.6750 -32.1960
 -52.7740 -32.2030
 -52.8190 -32.2720
 -52.8010 -32.3490
 -52.8640 -32.4020
 -52.9530 -32.4400
 -52.9980 -32.5010
 -53.0610 -32.5770
 -53.1330 -32.6150
 -53.1870 -32.6530
 -53.3040 -32.7290
 -53.3130 -32.8050
 -53.3310 -32.8810
 -53.4030 -32.9040
 -53.4930 -32.9340
 -53.5830 -33.0250
 -53.6190 -33.0330
 -53.6280 -33.1080
 -53.6550 -33.1840
 -53.5830 -33.2590
 -53.5920 -33.3350
 -53.5920 -33.4100
 -53.5560 -33.4860
 -53.5290 -33.5610
 -53.4930 -33.5380
 -53.4840 -33.5610
 -53.4840 -33.6740
 -53.3670 -33.6740
>999 999
 -53.1510 -33.5610
 -53.2230 -33.6060
 -53.2410 -33.6360
 -53.3130 -33.6740
 -53.4030 -33.7570
 -53.4930 -33.8320
 -53.5200 -33.9370
 -53.5200 -34.0110
 -53.5830 -34.0710
 -53.6550 -34.1610
 -53.7270 -34.2360
 -53.7810 -34.3100
 -53.7990 -34.3850
 -53.9330 -34.4590
 -54.0320 -34.5120
 -54.1220 -34.5860
 -54.2120 -34.6600
 -54.3020 -34.5410
 -54.3470 -34.6080
 -54.2930 -34.6830
 -54.3920 -34.7120
 -54.4820 -34.7490
 -54.5720 -34.7940
 -54.7520 -34.8680
 -54.9310 -34.9350
 -55.0210 -34.9130
 -55.1110 -34.8830
 -55.2010 -34.8750
 -55.2910 -34.8680
 -55.3810 -34.8010
 -55.4710 -34.7940
 -55.5610 -34.7790
 -55.6510 -34.7720
 -55.7500 -34.7720
 -55.8300 -34.7790
 -55.9200 -34.8010
 -56.0100 -34.8530
 -56.0910 -34.9050
 -56.1900 -34.9130
 -56.2800 -34.9050
 -56.3700 -34.8680
 -56.4600 -34.7720
 -56.5500 -34.7490
 -56.6400 -34.7200
 -56.7300 -34.6970
 -56.8190 -34.6750
 -56.9090 -34.6450
 -56.9990 -34.5710
 -57.0890 -34.4670
 -57.1790 -34.4300
 -57.3590 -34.4070
 -57.5390 -34.4300
 -57.6290 -34.4220
 -57.8080 -34.4520
 -57.8980 -34.4370
 -57.9700 -34.3100
 -58.0330 -34.2360
 -58.0780 -34.1910
 -58.1680 -34.1460
 -58.2400 -34.0860
 -58.2940 -34.0110
 -58.3570 -33.9370
 -58.4020 -33.8620
 -58.4200 -33.7110
 -58.4290 -33.6360
 -58.4200 -33.4860
 -58.3750 -33.4100
 -58.3480 -33.3730
 -58.3480 -33.3350
 -58.3480 -33.2590
 -58.3390 -33.1840
 -58.3210 -33.1080
 -58.2580 -33.0860
 -58.1680 -33.0630
 -58.1320 -33.0330
 -58.0960 -32.9570
 -58.0690 -32.8810
 -58.1050 -32.8050
 -58.1500 -32.8810
 -58.1500 -32.9570
 -58.1860 -33.0330
 -58.2580 -33.0550
 -58.3480 -33.0550
 -58.4290 -33.1840
 -58.4380 -33.2590
 -58.4560 -33.3350
 -58.5010 -33.4100
 -58.5280 -33.4860
 -58.5460 -33.6360
 -58.5550 -33.7110
 -58.5190 -33.7870
 -58.4650 -33.8620
 -58.4560 -33.9370
 -58.6180 -33.9740
 -58.7080 -33.9590
 -58.7970 -33.8840
 -58.8690 -33.8620
 -58.9770 -33.8020
 -58.8870 -33.8990
 -58.8330 -33.9370
 -58.7080 -33.9960
 -58.6180 -34.0260
 -58.4380 -33.9890
 -58.4020 -34.0860
 -58.4020 -34.1610
 -58.4020 -34.2360
 -58.5280 -34.2580
 -58.5100 -34.3100
 -58.5100 -34.3850
 -58.5190 -34.4590
 -58.4740 -34.5340
 -58.4380 -34.5560
 -58.3570 -34.6080
 -58.2580 -34.6750
 -58.1680 -34.7270
 -58.0780 -34.7420
 -57.9880 -34.7640
 -57.8980 -34.8090
 -57.8080 -34.8460
 -57.7280 -34.9050
 -57.6290 -34.9420
 -57.5390 -35.0090
 -57.4850 -35.0530
 -57.3770 -35.1270
 -57.3050 -35.2010
 -57.2510 -35.2750
 -57.1970 -35.3480
 -57.1430 -35.4220
 -57.1790 -35.4960
 -57.2330 -35.5690
 -57.2690 -35.6200
 -57.3500 -35.7160
 -57.3860 -35.7890
 -57.3860 -35.9360
 -57.3590 -36.0090
 -57.3230 -36.0820
 -57.2600 -36.1550
 -57.1790 -36.2130
 -57.0260 -36.3000
 -56.9090 -36.3300
 -56.7300 -36.3220
 -56.7120 -36.4460
 -56.6940 -36.5190
 -56.6760 -36.6640
 -56.6760 -36.8080
 -56.7390 -36.9530
 -56.7930 -37.0250
 -56.8910 -37.1690
 -56.9990 -37.2840
 -57.0440 -37.3850
 -57.1070 -37.4570
 -57.1790 -37.5210
 -57.2600 -37.6000
 -57.3590 -37.6790
 -57.3770 -37.6000
 -57.4490 -37.6570
 -57.4580 -37.7430
 -57.4940 -37.8140
 -57.5570 -37.9570
 -57.5480 -38.0280
 -57.5480 -38.0990
 -57.6290 -38.1490
 -57.7190 -38.2270
 -57.8080 -38.2700
 -57.8710 -38.3120
 -57.9880 -38.3550
 -58.0510 -38.3830
 -58.1680 -38.3970
 -58.3480 -38.4680
 -58.5280 -38.5180
 -58.7080 -38.6020
 -58.8870 -38.6380
 -59.0130 -38.6660
 -59.2470 -38.7220
 -59.4270 -38.7360
 -59.6520 -38.8070
 -59.7860 -38.8210
 -59.9660 -38.8420
 -60.3260 -38.8840
 -60.6850 -38.9400
 -61.0450 -38.9760
 -61.2250 -39.0110
 -61.4050 -38.9900
 -61.5850 -39.0040
 -61.7640 -38.9760
 -61.9440 -38.9690
 -62.1240 -38.9120
 -62.2410 -38.8070
 -62.3940 -38.9470
 -62.3310 -39.0880
 -62.3130 -39.2280
 -62.2050 -39.3680
 -62.1240 -39.4660
 -62.1150 -39.6470
 -62.1420 -39.7860
 -62.3040 -39.8550
 -62.3400 -39.9240
>999 999
 -51.7180   3.9010
 -51.6640   3.9910
 -51.6010   4.1730
 -51.5200   4.0910
 -51.5200   4.1730
 -51.5290   4.2630
 -51.4300   4.2990
 -51.3400   4.2450
 -51.1870   4.0820
 -51.1330   3.9910
 -51.1600   3.9010
 -51.1240   3.9010
 -51.0970   3.8100
 -51.0970   3.7200
 -51.0880   3.6290
 -51.0790   3.5390
 -51.0610   3.3570
 -51.0520   3.1760
 -50.9980   2.9950
 -50.9710   2.9040
 -50.9080   2.7230
 -50.8450   2.5410
 -50.8000   2.4600
 -50.7370   2.2690
 -50.7010   2.1780
 -50.6290   2.0880
 -50.5400   1.9060
 -50.4410   1.8430
 -50.3510   1.8340
 -50.2610   1.8340
 -50.2070   1.8150
>999 999
 -50.3330   1.9060
 -50.3240   1.9970
 -50.3510   2.0880
 -50.4050   2.1780
 -50.5310   2.2060
 -50.5400   2.0880
 -50.5220   1.9970
 -50.4770   1.9060
 -50.4410   1.8880
 -50.3510   1.8970
 -50.3330   1.9060
>999 999
 -50.2070   1.8150
 -50.1170   1.8150
 -50.0810   1.7970
 -50.0000   1.7250
 -49.9280   1.6340
 -49.9010   1.5610
 -49.8920   1.4520
 -49.9100   1.3620
 -49.9910   1.2890
 -50.0810   1.2350
 -49.9910   1.2070
 -49.9460   1.1800
 -49.9910   1.0890
 -50.0810   1.0620
 -50.1530   0.9990
 -50.2610   0.9170
 -50.3150   0.8170
 -50.3780   0.7260
 -50.4410   0.6810
 -50.5310   0.5540
 -50.5760   0.4540
 -50.6200   0.3900
 -50.7100   0.3000
 -50.8000   0.2090
 -50.8900   0.1910
 -50.9800   0.1450
 -51.0700   0.0450
>999 999
 -49.9730   0.9710
 -50.0360   0.9440
 -50.0810   0.9350
 -50.0720   1.0170
 -50.0360   1.0350
 -49.9910   1.0440
 -49.9730   0.9710
>999 999
 -50.0540   0.8810
 -50.0810   0.8810
 -50.1710   0.8620
 -50.2610   0.8530
 -50.2880   0.7900
 -50.2700   0.7440
 -50.2160   0.7440
 -50.1710   0.7440
 -50.1260   0.7720
 -50.0810   0.8260
 -50.0540   0.8810
>999 999
 -50.1530   0.6080
 -50.2160   0.6080
 -50.2610   0.5720
 -50.2970   0.5170
 -50.3060   0.4720
 -50.2970   0.3810
 -50.2610   0.3540
 -50.1710   0.4180
 -50.1260   0.4630
 -50.0810   0.5080
 -50.0540   0.5630
 -50.0630   0.6080
 -50.1260   0.6350
 -50.1710   0.6170
>999 999
 -50.3510   0.5630
 -50.3510   0.5170
 -50.3510   0.4720
 -50.3690   0.4270
 -50.3510   0.3810
 -50.3240   0.3360
 -50.3150   0.2910
 -50.3960   0.2540
 -50.4050   0.2090
 -50.4410   0.1910
 -50.4860   0.1910
 -50.5310   0.2360
 -50.4950   0.2910
 -50.4770   0.3810
 -50.4590   0.4270
 -50.4320   0.4720
 -50.4230   0.5170
 -50.4050   0.5630
 -50.3870   0.6080
 -50.3600   0.5630
>999 999
 -50.6200   0.2090
 -50.6560   0.1540
 -50.6470   0.1090
 -50.6120   0.0630
 -50.5760   0.0270
 -50.5310   0.0000
 -50.4860   0.0000
 -50.4410   0.0090
 -50.4500   0.0910
 -50.4860   0.1360
 -50.5310   0.1540
 -50.5490   0.1820
 -50.6200   0.2090
>999 999
 -50.3780   0.1360
 -50.3510   0.0630
 -50.3060   0.0360
 -50.2160   0.0270
 -50.1260   0.0450
 -50.0360   0.0270
 -49.9910   0.0000
 -49.9010   0.0000
 -49.8650   0.0450
 -49.8470   0.0910
 -49.7660   0.1820
 -49.7210   0.2180
 -49.7120   0.2720
 -49.7660   0.3000
 -49.8380   0.3180
 -49.9010   0.3540
 -49.9910   0.3360
 -50.0630   0.2720
 -50.1260   0.2540
 -50.2160   0.2360
 -50.2790   0.2270
 -50.3510   0.2000
 -50.3780   0.1360
>999 999
 -49.3610   0.0180
 -49.4400  -0.0860
 -49.5810  -0.1420
 -49.7620  -0.1420
 -49.8620  -0.0670
 -49.7210   0.0450
 -49.6760   0.0630
 -49.6310   0.0820
 -49.5410   0.1000
 -49.4960   0.1000
 -49.4510   0.0820
 -49.4060   0.0630
 -49.3610   0.0180
>999 999
 -51.6010   4.1730
 -51.7360   4.3540
 -51.7900   4.4890
 -51.9690   4.5170
 -52.0500   4.7160
 -52.1490   4.8150
 -52.2570   4.8970
 -52.5000   5.0780
 -52.6890   5.2220
 -52.8690   5.4030
 -53.0490   5.4660
 -53.4080   5.5750
 -53.5880   5.6560
 -53.7680   5.7550
 -53.9480   5.7370
 -53.9660   5.8010
 -54.1280   5.8640
 -54.3080   5.9180
 -54.4870   5.9360
 -54.6670   5.9630
 -55.0270   6.0350
 -55.2070   5.8820
 -55.3870   5.9450
 -55.5670   5.9900
 -55.7460   5.9900
 -55.8810   5.8010
 -55.9260   5.8010
 -56.1060   5.8550
 -56.2860   5.8910
 -56.4660   5.9360
 -56.6460   5.9720
 -56.8260   5.9900
 -57.0050   6.0350
 -57.1310   5.8010
 -57.1670   5.9810
 -57.1850   6.0900
 -57.3650   6.2880
 -57.4550   6.3420
 -57.5450   6.3060
 -57.6890   6.5230
 -57.8600   6.7030
 -58.0840   6.8290
 -58.2280   6.8840
 -58.4440   6.8480
 -58.5340   6.7030
 -58.5790   6.5230
 -58.6240   6.4060
 -58.6060   6.7030
 -58.5880   6.8840
 -58.4800   7.0640
 -58.4800   7.2440
 -58.5340   7.4240
 -58.6420   7.6040
 -58.8040   7.7300
 -58.9840   7.9100
 -59.0470   7.9640
 -59.2450   8.1440
 -59.3430   8.2070
 -59.5230   8.3060
 -59.7030   8.4040
 -59.8830   8.4670
 -60.0630   8.6290
 -60.2430   8.6470
 -60.4230   8.6200
 -60.6020   8.5930
 -60.7820   8.6200
 -60.9620   8.6110
 -60.7820   8.6740
 -60.6020   8.6920
 -60.7190   8.8620
 -60.7820   8.9160
 -60.7460   9.0420
 -60.7460   9.2210
 -60.8090   9.4000
 -60.9620   9.5350
 -61.1420   9.6150
 -61.3220   9.6960
 -61.5020   9.8390
 -61.6280   9.9370
 -61.6820   9.8210
 -61.8610   9.8750
 -62.0410   9.9820
>999 999
 -61.6820  10.1070
 -61.5020  10.0720
 -61.3220  10.0810
 -61.1420  10.0890
 -60.9800  10.2950
 -61.0250  10.4740
 -61.0250  10.6520
 -60.9620  10.7770
 -61.1420  10.8570
 -61.3220  10.8130
 -61.5020  10.7950
 -61.5110  10.6520
 -61.4750  10.4740
 -61.4570  10.2950
 -61.6820  10.2060
 -61.8610  10.1340
>999 999
 -62.2210  10.0180
 -62.3470   9.9370
 -62.4550  10.1160
 -62.5810  10.2150
 -62.6530  10.2950
 -62.6980  10.4740
 -62.7610  10.4920
 -62.5810  10.5900
 -62.4010  10.5630
 -62.2210  10.6080
 -62.0410  10.6610
 -61.8610  10.6970
 -62.0410  10.7240
 -62.4010  10.7330
 -62.5810  10.7500
 -62.7610  10.7500
 -63.1200  10.7150
 -63.4800  10.6700
 -63.8400  10.7330
 -64.0200  10.7240
 -64.2000  10.7150
 -64.0200  10.6170
 -63.8400  10.5900
 -63.8400  10.5010
 -64.0200  10.5010
 -64.2000  10.4830
 -64.3790  10.4020
 -64.5590  10.3040
 -64.7390  10.1700
 -64.9190  10.1160
 -65.0990  10.1160
 -65.2790  10.1160
 -65.4590  10.1880
 -65.6380  10.2500
 -65.8180  10.3040
 -66.0070  10.4020
 -66.0610  10.6520
 -66.1870  10.6790
 -66.5470  10.6700
 -66.9060  10.6610
 -67.0860  10.6430
 -67.4460  10.5810
 -67.6260  10.5450
 -67.8060  10.5270
 -67.9860  10.5360
 -68.1650  10.5540
 -68.2910  10.8310
 -68.2820  11.0090
 -68.4260  11.1870
 -68.5250  11.2940
 -68.6150  11.3650
 -68.7050  11.3920
 -68.8850  11.4810
 -69.0650  11.4900
 -69.2450  11.5700
 -69.4330  11.5260
 -69.6130  11.5880
 -69.7480  11.8990
 -69.7930  12.1390
 -69.9730  12.2190
 -70.1530  12.1570
 -70.2880  11.8990
 -70.1980  11.7210
 -69.9730  11.6590
 -69.7930  11.6950
 -69.7030  11.5430
 -69.9730  11.5350
 -70.1530  11.4540
 -70.2970  11.3650
 -70.5130  11.2850
 -70.6920  11.2500
 -70.8720  11.2230
 -71.0520  11.1430
 -71.2320  11.0800
 -71.2590  11.0090
 -71.4120  11.0090
 -71.4930  10.8310
 -71.5020  10.6520
 -71.4750  10.4740
 -71.3850  10.2950
 -71.2320  10.1250
 -71.1330   9.9370
 -71.0520   9.8120
 -71.0700   9.5790
 -71.0520   9.4000
 -71.1960   9.2210
 -71.4120   9.1130
 -71.5920   9.0960
 -71.7270   9.4000
 -71.8790   9.5790
 -72.0050   9.7580
 -72.1310   9.8570
 -72.0320   9.9370
 -71.7990  10.2950
 -71.6460  10.4740
 -71.5920  10.5630
 -71.6280  10.8310
 -71.7000  11.0090
 -71.7720  11.1520
 -71.8880  11.3650
 -71.9240  11.5430
 -71.5920  11.7040
 -71.4120  11.7750
 -71.3220  11.8990
 -71.2320  11.9790
 -71.1240  12.0770
 -71.1870  12.2540
 -71.3940  12.4320
 -71.7720  12.4320
 -71.9240  12.2540
 -72.1310  12.2540
 -72.1580  12.0770
 -72.3020  11.8990
 -72.4910  11.8370
 -72.7970  11.7210
 -73.0310  11.5430
 -73.2190  11.3830
 -73.3990  11.3210
 -73.7590  11.3300
 -73.9390  11.3740
 -74.1190  11.4010
 -74.2090  11.1870
 -74.2980  11.0540
 -74.4780  11.0540
 -74.6580  11.1070
 -74.8380  11.1340
 -75.0090  11.0090
 -75.1980  10.8750
 -75.3780  10.7150
 -75.4770  10.4740
 -75.4770  10.2950
 -75.5220  10.1160
 -75.5570   9.9460
 -75.6470   9.7580
 -75.5570   9.5790
 -75.7370   9.4360
 -75.9170   9.4540
 -76.0970   9.3550
 -76.2860   9.0510
 -76.4570   8.8620
 -76.6460   8.7100
 -76.8260   8.6110
 -76.7720   8.5030
 -76.7270   8.3240
 -76.7180   8.1440
 -76.8520   8.1440
 -76.9240   8.3240
 -77.1670   8.5030
 -77.2930   8.6830
 -77.3650   8.7010
 -77.5450   8.7640
 -77.7250   9.0060
 -77.9050   9.1850
 -78.2640   9.3470
 -78.3630   9.4000
 -78.6240   9.4540
 -78.8040   9.4540
 -78.9840   9.4810
 -78.9840   9.5790
 -79.1640   9.5530
 -79.3430   9.5790
 -79.5230   9.6060
 -79.7120   9.4900
 -79.7750   9.4000
 -79.7660   9.2210
 -79.8920   9.1040
 -80.0720   9.2840
 -80.2520   9.1940
 -80.4320   9.1400
 -80.6110   9.0960
 -80.7910   8.9610
 -80.9710   8.8980
 -81.3310   8.8350
 -81.5110   8.8620
 -81.6370   9.0420
 -81.8700   8.9970
 -82.0500   9.0150
 -82.1670   9.2210
 -82.2300   9.3290
 -82.2930   9.4000
 -82.4100   9.5440
 -82.5900   9.7230
 -82.7070   9.7580
 -82.9050   9.9370
 -83.0480  10.1160
 -83.2640  10.2950
 -83.4170  10.4740
 -83.4980  10.7330
 -83.6060  11.0090
 -83.7590  11.1870
 -83.7320  11.5430
 -83.5970  11.7210
 -83.7320  11.8990
 -83.6330  12.2540
 -83.6960  12.4320
 -83.6690  12.6090
 -83.6510  12.7860
 -83.5700  12.6090
 -83.5880  12.4320
 -83.4890  12.6090
 -83.4980  12.7860
 -83.5340  13.1410
 -83.5430  13.4940
 -83.4800  13.8470
 -83.3540  14.2000
 -83.2100  14.3760
 -83.2010  14.5520
 -83.2820  14.7270
 -83.2010  15.0790
 -83.3180  15.2540
 -83.4980  15.3240
 -83.6780  15.2100
 -84.0380  15.2720
 -84.1640  15.4290
 -84.1460  15.6040
 -84.2180  15.8840
 -84.3970  15.8750
 -84.5770  15.8670
 -84.7390  15.9540
 -84.9370  15.9980
 -85.1170  15.9890
 -85.4770  15.9100
 -85.8360  16.0500
 -86.0160  15.9540
 -86.1960  15.9190
 -86.5650  15.8580
 -86.9240  15.8320
 -87.2840  15.8490
 -87.6440  15.9540
 -88.0040  15.8580
 -88.1830  15.7880
 -88.3630  15.9020
 -88.5430  15.9450
 -88.7230  15.8840
 -88.8040  15.9540
 -88.8310  16.1290
 -88.7050  16.3030
 -88.5430  16.4170
 -88.2010  16.6520
 -88.1470  16.8260
 -88.1920  17.0000
 -88.2100  17.1730
 -88.2280  17.3470
 -88.2190  17.5200
 -88.1830  17.6930
 -88.1470  17.8670
 -88.1020  18.0390
 -88.0390  18.2120
 -88.2640  18.5570
 -88.1200  18.7290
 -88.0040  18.8930
 -88.0310  18.5570
 -87.8960  18.3850
 -87.9140  18.0390
 -87.8240  18.1780
 -87.8150  18.3850
 -87.7250  18.5570
 -87.6710  18.7290
 -87.5720  19.0730
 -87.5000  19.2450
 -87.6440  19.3560
 -87.4640  19.4590
 -87.4010  19.5880
 -87.6440  19.6220
 -87.5540  19.7590
 -87.3650  19.9300
 -87.4100  20.1010
 -87.3650  20.2720
 -87.1040  20.5950
 -86.9240  20.7480
 -86.7980  20.9520
 -86.7530  21.1220
 -86.7530  21.2910
 -86.9240  21.6130
 -87.1040  21.5450
 -87.2840  21.5370
 -87.4640  21.5960
 -87.6440  21.5960
 -88.0040  21.6470
 -88.1830  21.6720
 -88.3630  21.6810
 -88.7230  21.4690
 -88.9030  21.4780
 -89.2630  21.4440
 -89.4420  21.4100
 -89.6220  21.3680
 -89.8020  21.3250
>999 999
 -84.6760  21.9840
 -84.2360  22.1360
 -84.3520  22.3880
 -84.1370  22.6070
 -83.8670  22.8420
 -83.3270  23.0180
 -82.7880  23.1100
 -82.4550  23.1430
 -81.9780  23.2350
 -81.4390  23.1930
 -80.8990  23.1930
 -80.6290  23.1770
 -80.3600  23.1010
 -79.8200  22.9920
 -79.6760  22.8920
 -79.4690  22.6400
 -79.1280  22.3880
 -78.7410  22.3880
 -78.2010  22.2620
 -77.9770  22.1360
 -77.6710  21.8830
 -77.3920  21.7730
 -77.6620  21.9840
 -77.8600  22.1360
 -78.1290  22.3880
 -78.4710  22.5310
 -78.2010  22.5310
 -77.9320  22.3800
 -77.6620  22.1440
 -77.3380  21.8830
 -77.1220  21.7480
 -76.8520  21.6210
 -76.5830  21.4180
 -76.3130  21.3250
 -75.7730  21.2150
 -75.5220  21.1220
 -75.6020  20.8670
 -75.2340  20.7910
 -74.9640  20.7570
 -74.6940  20.6550
 -74.4240  20.4500
 -74.1550  20.3990
 -74.4240  20.1350
 -74.9640  20.0580
 -75.5040  19.9730
 -76.0430  20.0240
 -76.5830  20.0160
 -77.1220  20.0070
 -77.3920  19.9470
 -77.6620  19.9390
 -77.3920  20.2630
 -77.2300  20.6120
 -77.3920  20.7650
 -77.9320  20.7570
 -78.2010  20.9270
 -78.3900  21.1220
 -78.4710  21.3590
 -78.6600  21.6300
 -79.0110  21.6640
 -79.2810  21.6380
 -79.5500  21.7400
 -79.8200  21.7650
 -80.0900  21.8750
 -80.3600  22.0690
 -80.6290  22.1360
 -80.8990  22.1190
 -81.1690  22.2960
 -81.4390  22.2290
 -81.7090  22.2540
 -81.9780  22.3720
 -81.7090  22.5310
 -81.6010  22.6400
 -81.9780  22.7410
 -82.2480  22.7500
 -82.7880  22.6910
 -83.0570  22.5310
 -83.5970  22.2540
 -83.8670  22.2540
 -84.1370  22.0100
 -84.4060  21.8660
 -84.6760  21.9420
>999 999
 -77.9320  18.5490
 -77.6620  18.5740
 -77.1220  18.5230
 -76.8520  18.4710
 -76.5830  18.3070
 -76.1780  18.0390
 -76.5830  17.9270
 -76.8520  17.9700
 -77.1220  17.9270
 -77.3920  17.9180
 -77.9320  18.1340
 -78.0840  18.2990
 -78.2010  18.2900
>999 999
 -74.1550  18.7290
 -73.6150  18.6000
 -73.0760  18.5230
 -72.5360  18.5400
 -72.3920  18.8150
 -72.6980  19.0730
 -72.7610  19.3310
 -72.8060  19.5790
 -73.0760  19.6910
 -73.3450  19.7080
 -73.0760  19.9390
 -72.8060  19.9900
 -72.2660  19.8700
 -71.7180  19.8620
 -71.1870  19.9220
 -70.9170  19.9810
 -70.6470  19.8700
 -70.3780  19.8020
 -70.1080  19.6820
 -69.8380  19.6820
 -69.5680  19.3650
 -69.2990  19.3650
 -69.5680  19.2360
 -69.2990  19.1250
 -69.0290  19.0390
 -68.7590  19.0390
 -68.4890  18.8580
 -68.3540  18.5570
 -68.6420  18.2990
 -69.0290  18.4620
 -69.2990  18.4970
 -69.8380  18.5310
 -70.1080  18.3330
 -70.3780  18.2380
 -70.6470  18.4880
 -70.9170  18.2900
 -71.1060  18.0390
 -71.2680  17.7800
 -71.4570  17.6930
 -71.6550  18.0390
 -71.7270  18.1000
 -71.9960  18.2470
 -72.5360  18.2730
 -73.0760  18.2290
 -73.3450  18.2730
 -73.6150  18.2810
 -73.8850  18.1340
 -74.1550  18.3670
 -74.3790  18.5570
>999 999
 -67.1400  18.4880
 -66.8700  18.5740
 -66.6010  18.5570
 -66.0610  18.5490
 -65.7910  18.5230
 -65.5840  18.2990
 -65.9620  18.0390
 -66.3310  18.0140
 -66.8700  18.0310
 -67.1490  18.0220
 -67.1580  18.2990
 -67.1130  18.5570
>999 999
 -61.2050  16.3470
 -61.2950  16.3900
 -61.3850  16.5040
 -61.4750  16.5470
 -61.5290  16.4770
 -61.5650  16.3730
 -61.7450  16.4080
 -61.7810  16.2160
 -61.6550  16.0680
 -61.5380  16.2160
 -61.4750  16.2600
 -61.2950  16.2860
>999 999
 -61.4570  15.6040
 -61.4570  15.5170
 -61.4120  15.3420
 -61.2950  15.2540
 -61.2320  15.3420
 -61.2410  15.5170
 -61.2950  15.6040
>999 999
 -61.2140  14.8150
 -61.1150  14.6660
 -61.0880  14.5520
 -60.9350  14.4810
 -60.8450  14.4370
 -60.8720  14.6400
 -60.8630  14.8150
 -61.0250  14.8500
 -61.1150  14.9030
>999 999
 -60.9800  14.1120
 -61.0250  14.0320
 -61.0700  13.8470
 -60.9800  13.7590
 -60.8990  13.8470
 -60.8900  14.0230
>999 999
 -61.2050  13.3970
 -61.2860  13.2290
 -61.1240  13.3170
 -61.1150  13.4060
>999 999
 -59.6310  13.3170
 -59.6490  13.2290
 -59.6400  13.1410
 -59.4960  13.0870
 -59.4060  13.1320
 -59.4330  13.2290
 -59.5500  13.3170
>999 999
 -61.6550  12.2720
 -61.7450  12.1830
 -61.7720  12.0770
 -61.6550  12.0240
 -61.5920  12.1660
>999 999
 -60.5750  11.3650
 -60.6650  11.3390
 -60.7550  11.2850
 -60.8450  11.2050
 -60.7550  11.1520
 -60.6650  11.1960
 -60.4950  11.3650
>999 999
 -63.9030  11.2050
 -63.9930  11.1430
 -64.0830  11.0710
 -64.1730  11.0710
 -64.2630  11.1250
 -64.3070  11.0090
 -64.1730  11.0000
 -63.9930  10.9380
 -63.8130  10.9560
 -63.7770  11.0980
 -63.8130  11.1870
>999 999
 -89.4420  13.5470
 -89.1730  13.5030
 -88.9030  13.3880
 -88.3630  13.2470
 -87.8240  13.3000
 -87.5540  13.4590
 -87.6530  12.9640
 -87.3110  12.6980
 -87.0140  12.4580
 -86.7450  12.2100
 -86.4930  11.8990
 -86.4750  11.8810
 -86.2410  11.6320
 -85.9350  11.3740
 -85.7190  11.0980
 -85.7010  10.8310
 -85.8000  10.5630
 -85.8270  10.2950
 -85.3960   9.8750
 -85.2160   9.7580
 -84.8560   9.8570
 -85.0540  10.0270
 -84.8560  10.0720
 -84.6040   9.7580
 -84.5860   9.6240
 -84.3610   9.4900
 -84.0470   9.3910
 -83.7770   9.2480
 -83.5430   8.9520
 -83.6510   8.6830
 -83.5070   8.5300
 -83.2370   8.4760
 -83.0840   8.4130
 -82.9680   8.2970
 -82.6980   8.3420
 -82.4280   8.3330
 -82.1580   8.2970
 -81.8880   8.2430
 -81.7090   8.1440
 -81.6190   8.0000
 -81.3490   7.7120
 -81.0790   7.9190
 -80.9350   7.6040
 -80.8810   7.3340
 -80.8090   7.2350
 -80.5390   7.2620
 -80.2700   7.4060
 -80.0000   7.4870
 -80.0090   7.6040
 -80.1980   7.8740
 -80.4500   8.1440
 -80.0900   8.4130
 -79.7300   8.6200
 -79.7570   8.6830
 -79.4600   8.9430
 -79.1910   9.0060
 -78.9210   8.9430
 -78.6510   8.7370
 -78.3810   8.4220
 -78.1110   8.4940
 -78.0840   8.4130
 -78.3090   8.1440
 -78.3810   8.0900
 -78.3360   7.8740
 -78.2010   7.6040
 -78.1110   7.5410
 -77.9410   7.3340
 -77.6800   7.0640
 -77.5720   6.8380
 -77.3020   6.5860
 -77.2930   6.5230
 -77.4100   6.2520
 -77.3200   5.9810
 -77.2570   5.7100
 -77.3830   5.4390
 -77.3650   5.1680
 -77.3470   4.8970
 -77.3020   4.6250
 -77.4100   4.3540
 -77.4460   4.0820
 -77.1490   3.8100
 -77.2570   3.5390
 -77.4730   3.2670
 -77.5720   3.1030
 -77.6530   2.9950
 -77.7610   2.7230
 -78.1110   2.6410
 -78.3810   2.6050
 -78.5340   2.4510
 -78.6510   2.2600
 -78.5880   1.9060
 -78.9210   1.6970
 -78.8490   1.3620
 -79.1460   1.0890
 -79.4600   1.0350
 -79.7300   0.9530
 -80.0000   0.8350
 -80.0360   0.8170
 -80.0000   0.5450
 -80.0000   0.2720
 -80.0720   0.0000
>999 999
 -80.0720  -0.0270
 -80.0810  -0.0270
 -80.1440  -0.0990
 -80.1970  -0.1440
 -80.2420  -0.1530
 -80.2960  -0.1890
 -80.3050  -0.1980
 -80.3860  -0.3160
 -80.4130  -0.3430
 -80.4220  -0.4960
 -80.4490  -0.6760
 -80.5120  -0.8570
 -80.5930  -0.9200
 -80.7720  -0.9380
 -80.8260  -1.2180
 -80.7630  -1.3980
 -80.7990  -1.5780
 -80.7630  -1.7580
 -80.7360  -1.9390
 -80.7540  -2.1190
 -80.8800  -2.2990
 -80.6380  -2.4790
 -80.4400  -2.6600
 -80.2330  -2.7230
 -80.0540  -2.5240
 -79.8740  -2.6050
 -79.6950  -2.4970
 -79.6860  -2.6600
 -79.7840  -2.8400
 -79.8560  -3.0200
 -79.8740  -3.0740
 -79.9190  -3.2000
 -80.0540  -3.2810
 -80.1800  -3.3800
 -80.4130  -3.5060
 -80.5930  -3.6230
 -80.7720  -3.7310
 -80.8710  -3.9200
 -80.9520  -4.0100
 -81.0240  -4.1000
>999 999
 -80.0540  -2.6960
 -80.1440  -2.7500
 -80.2070  -2.8400
 -80.2240  -2.9300
 -80.1440  -3.0020
 -80.0810  -2.8400
 -79.9640  -2.8130
 -79.9280  -2.7500
>999 999
 -81.1940  -4.3690
 -81.2390  -4.5490
 -81.2660  -4.7290
 -81.1670  -4.9090
 -81.1670  -5.0880
 -81.1310  -5.2680
 -80.9880  -5.4470
 -80.8980  -5.6270
 -80.8620  -5.7260
 -80.8800  -5.8060
 -81.0420  -5.8600
 -81.1400  -5.9860
 -81.0420  -6.1650
 -80.8620  -6.2550
 -80.6820  -6.3350
 -80.5030  -6.3710
 -80.2420  -6.5230
 -80.1440  -6.5860
 -80.0360  -6.7030
 -79.9010  -6.8820
 -79.7840  -7.0340
 -79.6590  -7.2390
 -79.6140  -7.4000
 -79.5150  -7.5970
 -79.4340  -7.7760
 -79.3080  -7.9540
 -79.1200  -8.1330
 -78.9940  -8.3110
 -78.8950  -8.4900
 -78.8860  -8.5340
 -78.7430  -8.6680
 -78.7070  -8.7930
 -78.6440  -9.0240
 -78.5270  -9.1930
 -78.4280  -9.3800
 -78.3650  -9.5580
 -78.3030  -9.7360
 -78.2040  -9.9130
 -78.1680 -10.0550
 -78.0870 -10.2680
 -77.9880 -10.3920
 -77.8630 -10.6230
 -77.7730 -10.8000
 -77.6740 -10.9770
 -77.6110 -11.1540
 -77.5930 -11.3310
 -77.4490 -11.4010
 -77.3060 -11.5070
 -77.2070 -11.6840
 -77.1620 -11.8600
 -77.1440 -12.0370
 -77.0000 -12.2130
 -76.7850 -12.3980
 -76.7310 -12.5300
 -76.6230 -12.7410
 -76.5060 -12.9170
 -76.4260 -13.0920
 -76.3090 -13.2680
 -76.1920 -13.4170
 -76.1920 -13.6190
 -76.2370 -13.7940
 -76.2640 -13.9690
 -76.2640 -14.1430
 -76.0840 -14.3180
 -76.0120 -14.4320
 -75.8870 -14.6670
 -75.6530 -14.8070
 -75.4740 -14.9550
 -75.2940 -15.1370
 -75.1230 -15.3640
 -74.9350 -15.4760
 -74.7550 -15.5810
 -74.5760 -15.6670
 -74.4590 -15.7110
 -74.2160 -15.8580
 -74.0370 -15.9450
 -73.9020 -16.0570
 -73.6780 -16.1610
 -73.4980 -16.2130
 -73.3180 -16.2910
 -73.1390 -16.3950
 -72.9590 -16.4990
 -72.7790 -16.6020
 -72.6000 -16.6710
 -72.4200 -16.7060
 -72.2410 -16.8350
 -72.0610 -17.0160
 -71.9080 -17.0940
 -71.7020 -17.1890
 -71.5220 -17.2400
 -71.3690 -17.4380
 -71.3160 -17.6100
 -71.1630 -17.7640
 -70.9830 -17.8500
 -70.8670 -17.9530
 -70.6330 -18.1240
 -70.4440 -18.2530
 -70.2920 -18.4670
 -70.2830 -18.6380
 -70.3100 -18.8080
 -70.2830 -18.9790
 -70.2650 -19.1490
 -70.2650 -19.3190
 -70.2200 -19.4890
 -70.1840 -19.6590
 -70.1480 -19.8290
 -70.1300 -20.1670
 -70.1750 -20.3360
 -70.1840 -20.5050
 -70.1840 -20.6740
 -70.1660 -20.8420
 -70.1300 -21.0110
 -70.1030 -21.1790
 -70.0850 -21.3470
 -70.0850 -21.5150
 -70.1390 -21.6820
 -70.1480 -21.8490
 -70.1750 -22.0170
 -70.2110 -22.1840
 -70.2380 -22.3500
 -70.2560 -22.5170
 -70.2830 -22.6830
 -70.2830 -22.8490
 -70.3640 -23.0150
 -70.5700 -23.1810
 -70.5970 -23.3470
 -70.4000 -23.5120
 -70.4180 -23.6770
 -70.4980 -23.8420
 -70.4890 -24.0070
 -70.4890 -24.1710
 -70.5520 -24.5000
 -70.5520 -24.6630
 -70.5160 -24.8270
 -70.4980 -24.9900
 -70.4710 -25.1540
 -70.4530 -25.3170
 -70.5970 -25.4790
 -70.6870 -25.6420
 -70.7320 -25.8040
 -70.6690 -25.9660
 -70.6600 -26.1280
 -70.6330 -26.2900
 -70.6780 -26.4510
 -70.7050 -26.6130
 -70.7860 -26.7740
 -70.8040 -26.9340
 -70.9290 -27.0950
 -70.9470 -27.2550
 -70.9110 -27.4150
 -70.9200 -27.5750
 -71.0280 -27.7350
 -71.0910 -27.8940
 -71.1360 -28.2120
 -71.1810 -28.3710
 -71.2710 -28.5290
 -71.3250 -28.6870
 -71.4950 -28.8450
 -71.4950 -29.0030
 -71.4770 -29.1600
 -71.3250 -29.3180
 -71.3160 -29.4750
 -71.3070 -29.6310
 -71.2890 -29.7880
 -71.3610 -29.9440
 -71.3960 -30.1000
 -71.5220 -30.2170
 -71.6570 -30.2560
 -71.6750 -30.5670
 -71.6750 -30.7220
 -71.6570 -30.8760
 -71.6390 -31.0310
 -71.6210 -31.1850
 -71.5760 -31.3390
 -71.5760 -31.4930
 -71.5400 -31.6460
 -71.5040 -31.9530
 -71.5040 -32.1050
 -71.4680 -32.2580
 -71.4320 -32.4100
 -71.4500 -32.5620
 -71.4950 -32.7140
 -71.5220 -32.8650
 -71.6480 -33.0170
 -71.6750 -33.1670
 -71.6480 -33.3260
 -71.6300 -33.4690
 -71.6570 -33.6190
 -71.8100 -33.7690
 -71.8630 -33.9180
 -71.9530 -34.0680
 -71.9890 -34.2170
 -72.0070 -34.3660
 -72.0340 -34.5140
 -72.0610 -34.6400
 -72.1330 -34.8110
 -72.1780 -34.9590
 -72.2410 -35.0840
 -72.3930 -35.2530
 -72.5010 -35.4000
 -72.6000 -35.4740
 -72.5910 -35.6940
 -72.6720 -35.8400
 -72.7700 -35.9860
 -72.7970 -36.1310
 -72.8060 -36.2770
 -72.8780 -36.4220
 -72.9770 -36.5670
 -73.1390 -36.6250
 -73.1840 -36.7110
 -73.1750 -36.8560
 -73.1660 -37.0000
 -73.2460 -37.1430
 -73.4980 -37.1510
 -73.6510 -37.2870
 -73.5880 -37.4300
 -73.6420 -37.5730
 -73.5790 -37.7160
 -73.4800 -37.8580
 -73.4440 -38.0000
 -73.4530 -38.1420
 -73.5070 -38.2840
 -73.5070 -38.4250
 -73.4800 -38.5660
 -73.4170 -38.7070
 -73.3450 -38.8470
 -73.2460 -39.1270
 -73.2290 -39.2670
 -73.2290 -39.4060
 -73.2910 -39.5450
 -73.3720 -39.6840
 -73.3630 -39.8230
 -73.4980 -39.8090
 -73.6780 -39.9130
 -73.6600 -40.0990
 -73.7310 -40.2370
 -73.7580 -40.3740
 -73.7400 -40.5110
 -73.8300 -40.6480
 -73.8840 -40.7850
 -73.9470 -40.9210
 -73.9470 -41.0570
 -73.8840 -41.1930
 -73.8480 -41.3280
 -73.8210 -41.4630
 -73.6780 -41.5380
 -73.6870 -41.5980
 -73.4980 -41.7130
 -73.3180 -41.7400
 -73.1390 -41.7060
 -72.9590 -41.6520
 -73.0040 -41.4630
 -72.7790 -41.4500
 -72.6630 -41.5980
 -72.6000 -41.6190
 -72.4200 -41.5980
 -72.6000 -41.6720
 -72.7170 -41.7330
 -72.8060 -41.8670
 -72.6000 -41.9610
 -72.4470 -42.0010
 -72.4560 -42.1350
 -72.4470 -42.2690
 -72.4290 -42.4020
 -72.5190 -42.2690
 -72.5640 -42.1350
 -72.7790 -42.1950
 -72.7700 -42.2690
 -72.6540 -42.4020
 -72.5100 -42.5350
 -72.7790 -42.4620
 -72.8150 -42.6670
 -72.7970 -42.8000
 -72.7260 -42.9320
 -72.8960 -43.0640
 -72.8870 -43.1950
 -73.0580 -43.3260
>999 999
 -73.7040 -43.1950
 -73.6950 -43.0640
 -73.4980 -43.0500
 -73.5520 -42.9320
 -73.6780 -42.8530
 -73.4980 -42.8390
 -73.6330 -42.6670
 -73.7670 -42.5350
 -73.6420 -42.4020
 -73.4980 -42.2820
 -73.3720 -42.1350
 -73.4620 -42.0010
 -73.5070 -41.8670
 -73.6780 -41.7600
 -74.0370 -41.9480
 -74.1000 -42.1350
 -74.1530 -42.2690
 -74.1620 -42.4020
 -74.1450 -42.5350
 -74.1530 -42.6670
 -74.1620 -42.8000
 -74.2070 -42.9320
 -74.2880 -43.0640
 -74.3420 -43.1950
 -74.0370 -43.3130
 -73.8840 -43.3260
>999 999
 -73.0580 -43.4570
 -72.9590 -43.5420
 -72.9230 -43.5880
 -72.8060 -43.7180
 -73.0220 -43.8490
 -73.0940 -43.9780
 -73.2110 -44.1080
 -72.9770 -44.2370
 -72.8060 -44.3660
 -72.6000 -44.3150
 -72.6450 -44.4950
 -72.7080 -44.6230
 -72.7790 -44.7190
 -72.9590 -44.8280
 -73.0400 -44.8790
 -73.1390 -44.8920
 -73.3180 -44.9050
 -73.3630 -45.0070
 -73.3180 -45.1340
 -73.1390 -45.2290
 -72.9590 -45.3620
 -72.7880 -45.3880
 -73.1390 -45.3050
 -73.3180 -45.2740
>999 999
 -73.1390 -44.8660
 -72.9770 -44.7510
 -72.8870 -44.6230
 -72.7790 -44.5850
 -72.7170 -44.4950
 -72.9050 -44.3660
 -73.1390 -44.3530
 -73.2110 -44.4950
 -73.3180 -44.5400
 -73.4350 -44.6230
 -73.3270 -44.7510
 -73.2820 -44.8790
>999 999
 -74.0370 -44.5530
 -74.2160 -44.5590
 -74.3150 -44.7510
 -74.0370 -44.7960
 -73.8570 -44.7510
 -73.8660 -44.6230
>999 999
 -74.0370 -44.8540
 -74.2160 -44.8600
 -74.0370 -44.9690
 -73.8570 -44.9300
 -73.7490 -45.0070
 -73.6950 -45.1340
 -74.0370 -45.1340
 -74.2160 -45.0450
 -74.0370 -44.9810
>999 999
 -74.2160 -45.4830
 -74.2430 -45.6400
 -74.3960 -45.7100
 -74.5580 -45.5140
 -74.2160 -45.4830
>999 999
 -73.8570 -45.4260
 -74.0370 -45.4190
 -74.0460 -45.6400
 -73.8570 -45.6530
 -73.6780 -45.6840
 -73.5880 -45.5140
 -73.8570 -45.4320
>999 999
 -73.4710 -45.3880
 -73.4980 -45.4380
 -73.5160 -45.5140
 -73.5430 -45.6400
 -73.3180 -45.5840
 -73.4980 -45.7410
 -73.5970 -45.8920
 -73.6150 -46.0170
 -73.6240 -46.1420
 -73.6510 -46.2670
 -73.5160 -46.1420
 -73.4080 -46.0170
 -73.4530 -46.1420
 -73.5340 -46.2670
 -73.6780 -46.3600
 -73.7850 -46.5160
 -73.8930 -46.6390
 -73.9650 -46.5160
 -73.8660 -46.3910
 -73.7760 -46.2670
 -73.7220 -46.1420
 -73.6780 -46.0170
 -73.6870 -45.8920
 -73.7400 -45.7660
 -73.8570 -45.7980
 -73.8930 -45.8920
 -73.9020 -46.0170
 -73.9200 -46.1420
 -74.0280 -46.2670
 -74.0100 -46.1420
 -73.9560 -46.0170
 -73.9740 -45.8920
 -73.9560 -45.7660
 -74.2160 -45.7600
 -74.3960 -45.7730
 -74.4050 -45.8920
 -74.5760 -45.8040
 -74.7550 -45.7790
 -74.9350 -45.8290
 -75.0250 -46.0170
 -74.8630 -46.1420
 -75.1140 -46.2540
 -75.2940 -46.3660
 -75.4740 -46.4470
 -75.5720 -46.5160
 -75.6440 -46.7630
 -75.5280 -46.8860
 -75.2940 -46.8620
 -75.3840 -46.6390
 -75.1140 -46.5470
 -74.9350 -46.4410
 -75.0160 -46.6390
 -74.7550 -46.7570
 -74.5760 -46.8430
 -74.3960 -46.7260
 -74.2160 -46.7320
 -74.1710 -46.8860
 -74.0370 -46.9360
 -73.9650 -47.0090
 -74.2160 -47.0400
 -74.2250 -47.1320
 -74.3780 -47.2550
 -74.4860 -47.3770
 -74.3330 -47.4990
 -74.2160 -47.5410
 -74.3600 -47.6200
 -74.4500 -47.4990
 -74.5760 -47.4990
 -74.6830 -47.6200
 -74.3960 -47.7170
 -74.0370 -47.7300
 -73.8570 -47.7420
 -73.7040 -47.6200
 -73.6150 -47.7420
 -73.4980 -47.8450
 -73.6060 -47.9840
 -73.5160 -48.1040
 -73.6780 -48.0620
 -73.8570 -48.0020
 -74.2160 -47.9290
 -74.0370 -47.9110
 -73.8570 -47.9050
 -74.0370 -47.8080
 -74.2160 -47.7780
 -74.3960 -47.7660
 -74.2160 -47.9230
 -74.2430 -47.9840
 -74.2070 -48.1040
 -74.3330 -47.9840
 -74.3960 -47.9410
 -74.5760 -47.9290
 -74.5850 -48.1040
 -74.5580 -48.2240
 -74.5040 -48.3440
 -74.4680 -48.4640
 -74.3960 -48.5600
 -74.3150 -48.7020
 -74.3960 -48.8210
 -74.3690 -48.9400
 -74.3690 -49.1760
 -74.3510 -49.2940
 -74.4050 -49.4110
 -74.4140 -49.5280
 -74.2160 -49.4520
 -74.1360 -49.2940
 -74.0370 -49.1290
 -74.0460 -49.2940
 -74.0640 -49.4110
 -73.9020 -49.5280
 -74.2160 -49.5460
 -74.2700 -49.7620
 -74.0640 -49.8780
 -74.2160 -49.9010
 -74.3060 -49.9940
 -74.0370 -50.1790
 -74.2160 -50.1620
 -74.3960 -50.0060
 -74.5760 -50.0580
 -74.5490 -50.2250
 -74.3960 -50.3350
 -74.2160 -50.3870
 -74.0370 -50.3520
 -73.9560 -50.4550
 -74.2160 -50.4330
 -74.3960 -50.4210
 -74.6380 -50.3410
 -74.6470 -50.4550
 -74.5400 -50.5700
 -74.4950 -50.6850
 -74.2160 -50.7930
 -74.0370 -50.7470
 -73.8570 -50.7640
 -74.0370 -50.8380
 -74.2160 -50.8670
>999 999
 -74.8360 -47.7420
 -74.7910 -47.8630
 -74.9260 -48.1040
 -74.6470 -48.2240
 -74.5940 -48.4640
 -74.5400 -48.7020
 -74.5130 -48.8210
 -74.5040 -48.9400
 -74.4590 -49.0580
 -74.4320 -49.2940
 -74.4860 -49.5280
 -74.3960 -49.6390
 -74.4230 -49.8780
 -74.5400 -49.9940
 -74.7550 -50.0060
 -74.8720 -49.8780
 -74.8720 -49.6450
 -74.8810 -49.5280
 -74.9800 -49.6450
 -74.9530 -49.7620
 -75.1140 -49.8030
 -75.2940 -49.8200
 -75.4740 -49.7730
 -75.5460 -49.6450
 -75.2940 -49.6100
 -75.2400 -49.5280
 -75.3300 -49.4110
 -75.4110 -49.2940
 -75.4740 -49.2350
 -75.5460 -49.0580
 -75.3930 -48.9400
 -75.5900 -48.8210
 -75.2940 -48.7440
 -75.4740 -48.7680
 -75.6080 -48.7020
 -75.3120 -48.5830
 -75.4740 -48.6490
 -75.6350 -48.4640
 -75.2940 -48.3860
 -75.4740 -48.3920
 -75.5370 -48.3440
 -75.4650 -48.2240
 -75.5190 -48.1040
 -75.3210 -47.9840
 -75.2580 -48.1040
 -75.2400 -47.9840
 -75.2220 -47.8630
 -75.3120 -47.7420
 -75.1140 -47.6390
 -75.0880 -47.8630
 -74.9350 -47.8330
>999 999
 -75.1140 -50.0290
 -74.9350 -50.0930
 -74.7550 -50.0980
 -74.9350 -50.2140
 -75.1140 -50.3000
 -75.2940 -50.4210
 -75.1410 -50.4550
 -75.2310 -50.5700
 -75.2670 -50.6850
 -75.4740 -50.7020
 -75.4110 -50.4550
 -75.2940 -50.4100
 -75.2850 -50.3410
 -75.4380 -50.2250
 -75.3840 -50.1100
 -75.3480 -49.9940
>999 999
 -74.3960 -50.7990
 -74.5760 -50.6960
 -74.7550 -50.6620
 -74.9350 -50.6730
 -74.9350 -50.7990
 -74.9440 -50.9120
 -74.7550 -51.0090
 -74.5760 -51.0770
 -74.4590 -51.1390
 -74.3870 -51.0260
 -74.3600 -50.9120
>999 999
 -74.0820 -51.0260
 -74.0820 -51.1390
 -73.8570 -51.1790
 -73.7220 -51.2520
 -73.6780 -51.3650
 -73.8120 -51.3650
 -73.9290 -51.2520
 -74.0370 -51.2130
 -73.9830 -51.3650
 -73.8840 -51.4770
 -73.8840 -51.5890
 -73.6780 -51.6900
 -73.5610 -51.8130
 -73.5610 -51.9240
 -73.5070 -52.0350
 -73.3180 -51.9350
 -73.1930 -52.0350
 -73.0670 -51.9240
 -73.1030 -52.0350
 -73.2290 -52.1460
 -73.4980 -52.1300
 -73.6780 -52.0910
 -73.8570 -51.9800
 -74.1890 -51.8130
 -74.3600 -51.7010
 -74.3960 -51.8130
 -74.2340 -51.9240
 -74.0370 -51.9850
 -73.8570 -52.0850
 -73.6780 -52.2010
 -73.6150 -52.2570
 -73.8570 -52.1960
 -74.0370 -52.0960
 -74.1890 -52.2570
 -74.0370 -52.3500
 -73.7760 -52.3670
 -73.9290 -52.4770
 -74.1710 -52.5860
 -73.8570 -52.6740
 -73.7220 -52.4770
 -73.6780 -52.3890
 -73.6240 -52.5860
 -73.6690 -52.6960
 -73.4980 -52.6300
 -73.3180 -52.5920
 -73.1750 -52.4770
 -72.9590 -52.3780
 -72.7790 -52.3500
 -72.6270 -52.2570
 -72.5190 -52.1460
 -72.5190 -52.2570
 -72.6000 -52.3670
 -72.7790 -52.4050
 -72.9590 -52.4710
 -73.1390 -52.5370
 -73.2730 -52.6960
 -73.4980 -52.7720
 -73.4980 -52.8650
 -73.3450 -52.9140
 -73.3180 -52.9950
 -73.1390 -53.0120
 -72.9590 -52.9790
 -72.7790 -53.1250
 -72.7440 -53.2390
 -72.9590 -53.1470
>999 999
 -73.3180 -53.2070
 -73.3630 -53.1310
 -73.4980 -53.1200
 -73.6060 -53.0220
 -73.6780 -53.0660
 -73.8570 -52.9850
 -74.0100 -52.9140
 -74.2160 -52.9140
 -74.4590 -52.8050
 -74.7010 -52.6960
 -74.6470 -52.8050
 -74.3960 -52.9900
 -74.0370 -53.0770
 -73.7670 -53.1310
 -73.5970 -53.2390
 -73.3180 -53.3090
 -73.1390 -53.3250
 -73.0940 -53.4540
 -73.3180 -53.4860
 -73.4980 -53.3570
 -73.8390 -53.4540
 -73.6780 -53.5290
 -73.5160 -53.6680
 -73.3180 -53.6840
 -73.2730 -53.7750
 -73.1480 -53.9880
 -72.9590 -54.0670
 -72.7790 -54.0780
 -72.4200 -54.0090
 -72.3930 -54.0940
 -72.4740 -54.1990
 -72.2410 -54.1460
 -72.2770 -53.9880
 -72.2230 -53.7750
 -72.4200 -53.6950
 -72.5370 -53.5610
 -72.7790 -53.5350
 -72.8690 -53.5610
 -72.9320 -53.4540
 -73.1300 -53.3470
 -73.1390 -53.3250
 -73.2550 -53.2390
 -73.3180 -53.2010
 -73.3720 -53.1310
>999 999
 -73.1390 -53.2280
 -72.9590 -53.2870
 -72.8780 -53.3470
 -72.6540 -53.4540
 -72.5280 -53.3470
 -72.5010 -53.2390
 -72.3390 -53.1310
 -72.4560 -53.0220
 -72.2410 -53.0120
 -72.0610 -53.0710
 -71.8270 -52.9140
 -71.5670 -52.8050
 -71.3430 -52.7180
 -71.2260 -52.9140
 -71.5220 -53.1200
 -71.7470 -53.2390
 -71.8270 -53.4540
 -71.8100 -53.3470
 -72.0610 -53.3250
 -72.1510 -53.2390
 -72.4200 -53.3090
 -72.3930 -53.4540
 -72.2410 -53.5450
 -72.0610 -53.6310
 -71.7020 -53.7380
 -71.5220 -53.8070
 -71.1630 -53.8390
 -70.9380 -53.6680
 -70.9110 -53.5610
 -70.9560 -53.3470
 -70.9290 -53.2390
 -70.8310 -53.0220
 -70.8040 -52.9140
 -70.8130 -52.8050
 -70.8490 -52.6960
 -70.6240 -52.6470
 -70.4440 -52.6470
 -70.2650 -52.5970
 -70.1480 -52.5860
 -70.0850 -52.5650
 -69.9240 -52.4770
 -69.7260 -52.4930
 -69.5550 -52.3670
 -69.4480 -52.2570
 -69.1870 -52.1570
 -69.0080 -52.2010
 -68.8280 -52.2400
 -68.6480 -52.2790
 -68.4690 -52.3120
 -68.4690 -52.1460
>999 999
 -69.5460 -52.4550
 -69.6180 -52.5860
 -69.7080 -52.6960
 -69.9060 -52.7890
 -70.2650 -52.6740
 -70.3010 -52.8050
 -70.1030 -52.9140
 -70.4270 -53.0220
 -70.4360 -53.1310
 -70.4090 -53.3470
 -70.2650 -53.4170
 -70.0850 -53.4060
 -69.9060 -53.3520
 -69.5460 -53.3090
 -69.3400 -53.4540
 -69.5460 -53.5240
 -69.7260 -53.5880
 -69.9060 -53.6200
 -70.0850 -53.6840
 -70.1390 -53.7750
 -70.0400 -53.9880
 -69.9240 -54.0940
 -69.7260 -54.1680
 -69.3670 -54.2520
 -69.0080 -54.3940
 -69.1870 -54.4570
 -69.2860 -54.5140
 -69.2860 -54.4100
 -69.4840 -54.3050
 -69.7260 -54.2890
 -69.7620 -54.4100
 -69.9060 -54.3620
 -70.0850 -54.2150
 -70.2650 -54.3260
 -70.2380 -54.1990
 -70.2920 -54.0940
 -70.3910 -53.8820
 -70.4180 -53.7750
 -70.4620 -53.5610
 -70.6240 -53.6310
 -70.6420 -53.7750
 -70.8040 -53.8280
 -70.8580 -53.9880
 -70.7680 -54.0940
 -70.5430 -54.1990
 -70.8040 -54.1570
 -70.8940 -54.0940
 -70.8580 -54.1990
 -70.6240 -54.2470
 -70.5970 -54.4100
 -70.6510 -54.3050
 -70.8040 -54.2940
 -70.9830 -54.4040
 -71.3430 -54.3620
 -71.5220 -54.3780
 -71.7020 -54.4150
 -71.8810 -54.4250
 -71.9620 -54.5140
 -71.8450 -54.6190
 -71.5220 -54.6240
 -71.1630 -54.6030
 -71.0010 -54.7230
 -70.8040 -54.6400
 -70.6960 -54.8270
 -70.9830 -54.8900
 -71.0370 -54.9310
 -70.9290 -55.0350
 -70.6240 -55.0710
 -70.4440 -55.1170
 -70.5070 -54.9310
 -70.2740 -54.8270
 -70.0850 -54.7910
 -69.9060 -54.7910
 -69.7260 -54.7960
 -69.9060 -54.8640
 -70.0850 -54.9000
 -69.9060 -54.9410
 -69.7260 -55.0040
 -69.8880 -55.0350
 -69.9420 -55.1380
 -69.7260 -55.2150
 -69.7350 -55.2410
 -69.5460 -55.3330
 -69.3760 -55.4460
 -69.1870 -55.4310
 -69.3220 -55.2410
 -69.0080 -55.2250
 -68.9090 -55.3430
 -68.9180 -55.4460
 -68.6480 -55.4310
 -68.4690 -55.4410
 -68.2890 -55.4870
 -68.1180 -55.6500
 -68.0020 -55.5480
 -68.2440 -55.3430
 -68.4690 -55.3020
 -68.6480 -55.2560
 -68.4690 -55.2660
 -68.2890 -55.2660
 -68.4690 -55.1480
 -68.6660 -55.1380
 -68.8280 -55.1020
 -68.6480 -55.0970
 -68.4690 -55.0710
 -68.4150 -54.9310
 -68.6480 -54.9160
 -69.0080 -54.9260
 -68.8280 -54.8840
 -68.7830 -54.8270
 -68.6480 -54.8330
 -68.4690 -54.8120
 -68.2890 -54.8070
 -68.1100 -54.7960
 -67.9300 -54.8120
 -67.7500 -54.8270
 -67.5710 -54.8380
 -67.3910 -54.8380
 -67.2110 -54.8580
 -67.0320 -54.8790
 -66.8520 -54.8900
 -66.7260 -54.9310
 -66.4930 -55.0090
 -66.3130 -54.9470
 -66.1340 -54.9520
 -65.9540 -54.9000
 -65.7750 -54.8480
 -65.5950 -54.9100
 -65.4150 -54.8790
 -65.2360 -54.7290
 -65.1550 -54.6190
 -65.4150 -54.5980
 -65.7750 -54.6240
 -65.9540 -54.5720
 -66.1610 -54.5140
 -66.4030 -54.4100
 -66.6280 -54.3050
 -66.8070 -54.1990
 -67.0320 -54.1150
 -67.3640 -53.9880
 -67.5350 -53.8820
 -67.6250 -53.7750
 -67.7500 -53.7220
 -67.9300 -53.5990
 -68.0650 -53.4540
 -68.2890 -53.2600
 -68.5140 -53.2390
 -68.5760 -53.1310
 -68.4780 -53.0220
 -68.2890 -52.9950
 -68.2620 -52.9140
 -68.3970 -52.8050
 -68.5410 -52.6960
 -68.6480 -52.6030
 -68.8280 -52.5370
 -69.0080 -52.6030
 -69.1870 -52.6580
 -69.3220 -52.4770
 -69.3670 -52.4440
 -69.5460 -52.4600
>999 999
 -68.1100 -54.8640
 -67.9300 -54.8580
 -67.7500 -54.8640
 -67.5710 -54.8950
 -67.3910 -54.8900
 -67.2110 -54.8950
 -67.1490 -54.9310
 -67.0860 -55.0350
 -67.0680 -55.1380
 -67.2020 -55.2410
 -67.3910 -55.2660
 -67.5080 -55.1380
 -67.5710 -55.1120
 -67.7500 -55.2200
 -67.9300 -55.1740
 -68.1100 -55.1740
 -68.1720 -55.0350
 -68.2890 -54.9520
 -68.1100 -54.8580
>999 999
 -67.4270 -55.6040
 -67.5980 -55.5020
 -67.6510 -55.4560
 -67.6250 -55.6040
 -67.5440 -55.7060
 -67.8310 -55.7870
 -67.6510 -55.8230
 -67.4720 -55.7570
 -67.2920 -55.8430
 -67.1130 -55.8480
 -67.2380 -55.7060
 -67.2920 -55.6800
 -67.3280 -55.6040
 -67.4720 -55.5630
 -67.5800 -55.5020
>999 999
 -60.7990 -51.9910
 -60.6200 -51.9190
 -60.6200 -51.8910
 -60.4580 -51.7630
 -60.2600 -51.7290
 -60.4400 -51.6850
 -60.6200 -51.6900
 -60.4400 -51.6400
 -60.2600 -51.6120
 -60.2690 -51.5390
 -60.4400 -51.4770
 -60.3950 -51.4270
 -60.6200 -51.3590
 -60.4400 -51.3310
 -60.2600 -51.4040
 -60.2600 -51.3480
 -60.0810 -51.2470
 -59.9010 -51.3370
 -59.7220 -51.3760
 -59.5420 -51.3820
 -59.7220 -51.2300
 -59.7660 -51.2010
 -59.5420 -51.2180
 -59.3620 -51.2860
 -59.2460 -51.4270
 -59.3800 -51.5390
 -59.5420 -51.6060
 -59.7220 -51.7570
 -59.8380 -51.8740
 -60.0810 -51.9300
 -60.2600 -51.9580
 -60.3500 -52.0960
 -60.6200 -52.1900
 -60.7990 -52.0800
 -60.9790 -52.0520
 -61.0510 -51.9850
>999 999
 -58.8230 -51.2470
 -58.6440 -51.2750
 -58.4640 -51.2410
 -58.3650 -51.3140
 -58.4640 -51.4270
 -58.2850 -51.5170
 -58.3120 -51.4270
 -58.1050 -51.3250
 -57.9250 -51.3090
 -57.8360 -51.4270
 -58.1050 -51.4830
 -57.9250 -51.5330
 -57.8360 -51.6510
 -58.1050 -51.7180
 -58.1770 -51.7630
 -58.4640 -51.8690
 -58.6440 -51.8350
 -58.8230 -51.8240
 -58.7790 -51.8740
 -58.6260 -51.9850
 -58.8230 -52.0130
 -59.0030 -52.0080
 -59.1830 -51.9580
 -59.0840 -52.0960
 -59.3620 -52.0960
 -59.3530 -52.2070
 -59.5150 -52.2070
 -59.6860 -52.0960
 -59.5960 -51.9850
 -59.5510 -51.8740
 -59.4250 -51.7630
 -59.2190 -51.6510
 -59.0120 -51.7630
 -59.0030 -51.6510
 -59.1200 -51.5390
 -59.1020 -51.4270
 -58.9040 -51.3140
 -58.9580 -51.2010
 -58.8230 -51.2410
>999 999
 -37.9340 -53.9450
 -37.5750 -53.9400
 -37.2160 -53.9880
 -37.0360 -53.9880
 -36.8570 -54.0040
 -36.7220 -54.1520
 -36.5420 -54.2570
 -36.3180 -54.2360
 -36.2010 -54.3620
 -36.0480 -54.4670
 -35.9230 -54.6760
 -36.1380 -54.8430
 -36.3180 -54.7130
 -36.4350 -54.5720
 -36.5870 -54.4670
 -36.8210 -54.3620
 -37.1800 -54.2570
 -37.4490 -54.1520
 -37.5750 -54.0940
 -37.7550 -54.1200
 -37.9340 -53.9980
 -38.1140 -53.9980
 -37.9700 -53.9400
>999 999
 -68.5410 -52.1240
 -68.6840 -51.9850
 -68.7560 -51.8740
 -68.8280 -51.7630
 -68.9180 -51.6510
 -69.0790 -51.5890
 -69.2590 -51.5610
 -69.4480 -51.5500
 -69.2680 -51.5000
 -69.0880 -51.5390
 -68.9900 -51.4270
 -69.0520 -51.2010
 -69.1240 -50.9750
 -69.2680 -50.9640
 -69.1600 -50.8610
 -69.1240 -50.7470
 -69.1150 -50.6330
 -69.0700 -50.5190
 -68.9810 -50.4040
 -68.8550 -50.2890
 -68.7290 -50.2600
 -68.5500 -50.1910
 -68.3700 -50.1270
 -68.5500 -49.9830
 -68.7290 -49.9420
 -68.6120 -49.8260
 -68.7200 -49.7090
 -68.5500 -49.7910
 -68.4690 -49.9420
 -68.3880 -50.0580
 -68.1900 -50.0520
 -68.0110 -50.0060
 -67.8310 -49.8840
 -67.7320 -49.7090
 -67.6690 -49.4760
 -67.6510 -49.3580
 -67.8310 -49.3230
 -67.6510 -49.1470
 -67.5890 -49.0050
 -67.4720 -48.8920
 -67.2920 -48.7740
 -67.1580 -48.6490
 -66.9330 -48.5480
 -66.7530 -48.4700
 -66.5740 -48.3500
 -66.4030 -48.2900
 -66.2590 -48.1700
 -66.0440 -48.0500
 -65.9360 -47.9290
 -65.8460 -47.9170
 -65.8550 -47.8080
 -66.0260 -47.7540
 -66.2060 -47.7960
 -66.0260 -47.7170
 -65.8460 -47.6930
 -65.8010 -47.5660
 -65.7660 -47.4440
 -65.7390 -47.3220
 -65.7390 -47.2000
 -65.8820 -47.0770
 -66.0260 -47.0400
 -66.2060 -47.0400
 -66.3850 -47.0220
 -66.5650 -46.9970
 -66.7440 -46.9790
 -66.9150 -46.8310
 -67.0950 -46.7070
 -67.2830 -46.6210
 -67.4450 -46.4600
 -67.5350 -46.3350
 -67.5980 -46.2110
 -67.6070 -46.0860
 -67.5170 -45.8350
 -67.3550 -45.7100
 -67.3100 -45.5840
 -67.1750 -45.4570
 -67.0770 -45.3310
 -66.9240 -45.2040
 -66.5650 -45.1340
 -66.5020 -45.0770
 -66.3850 -44.9940
 -66.2240 -44.9490
 -66.0260 -44.9050
 -65.8460 -44.9560
 -65.6670 -44.9690
 -65.6040 -44.8220
 -65.6580 -44.6940
 -65.4870 -44.5210
 -65.3340 -44.4370
 -65.2630 -44.3080
 -65.2720 -44.1790
 -65.2360 -44.0500
 -65.2990 -43.7900
 -65.3250 -43.6600
 -65.2630 -43.5290
 -65.1280 -43.4180
 -65.0110 -43.2670
 -64.8490 -43.1360
 -64.5890 -43.0500
 -64.4270 -43.0040
 -64.5620 -42.8720
 -64.7690 -42.8260
 -64.9480 -42.7470
 -64.9840 -42.6080
 -64.7690 -42.5350
 -64.5890 -42.4480
 -64.4090 -42.4550
 -64.2390 -42.6080
 -64.2300 -42.7400
 -64.0500 -42.8260
 -63.8710 -42.7870
 -63.6910 -42.7530
 -63.6280 -42.6080
 -63.5920 -42.4750
 -63.6100 -42.3420
 -63.6190 -42.2090
 -63.7090 -42.0750
 -63.8710 -42.0480
 -64.0500 -42.1020
 -64.2300 -42.1550
 -64.3560 -42.2090
 -64.0860 -42.3420
 -64.4090 -42.3690
 -64.5890 -42.3750
 -64.5080 -42.2090
 -64.7690 -42.1550
 -64.9480 -42.0950
 -65.1010 -41.9410
 -65.0740 -41.8070
 -65.0200 -41.6720
 -65.0200 -41.5380
 -65.0470 -41.4030
 -65.1280 -41.2130
 -65.1550 -40.9960
 -65.1550 -40.8600
 -65.0380 -40.7230
 -64.7690 -40.7780
 -64.5890 -40.8050
 -64.4090 -40.8460
 -64.2300 -40.9410
 -64.0500 -40.9750
 -63.8710 -41.0640
 -63.6910 -41.1110
 -63.5110 -41.1050
 -63.3320 -41.0980
 -63.1520 -41.0980
 -62.9730 -41.0770
 -62.7930 -40.9960
 -62.6040 -40.9210
 -62.4250 -40.8460
 -62.2990 -40.7230
 -62.2450 -40.5930
 -62.2900 -40.4500
 -62.4250 -40.3810
 -62.4250 -40.1750
 -62.3710 -40.0370
 -62.3440 -39.8990
>999 999
