 -27.7791   0.8619
 -27.9886   0.8560
 -28.0167   0.8544
 -28.7086   0.8351
 -29.3175   0.8102
 -29.9410   0.7912
 -30.0207   0.7901
 -30.4501   0.7759
 -30.4996   1.4088
 -30.5547   1.9816
 -30.6334   2.8557
 -31.2155   2.8251
 -31.3214   3.9299
 -32.0003   3.8926
 -32.0170   3.8920
 -32.5127   3.8748
 -32.6041   4.7175
 -32.6931   5.5416
 -33.1603   5.5244
 -33.1855   5.9920
 -33.1830   6.1000
 -33.5170   6.1120
 -33.5199   6.7273
 -33.5220   7.3990
 -34.9024   7.4998
 -35.8803   7.5696
 -36.1889   7.5930
 -37.0723   7.6653
 -38.0000   7.7300
 -38.1000   8.0050
 -39.8800   8.0644
 -39.9692   8.6573
 -40.6912   8.6589
 -40.8105   9.6879
 -40.9727   9.7305
 -41.0033  10.5184
 -43.5702  10.7363
 -43.6900  11.7617
 -44.0296  11.8189
 -44.0303  12.2256
 -44.7688  12.3262
 -44.9061  14.7739
 -46.6059  14.9757
 -46.4930  17.6610
 -46.2270  17.7293
 -46.3172  18.4926
 -45.8151  18.7400
 -45.9053  19.5294
 -45.4472  19.6106
 -45.4483  20.1636
 -45.6850  20.2337
 -45.7307  20.9380
 -45.4204  21.0196
 -45.3778  21.9154
 -44.7718  21.9130
 -44.7005  23.2746
 -46.0764  23.6784
 -45.7831  24.8839
 -45.3690  24.8685
 -43.9558  27.9088
 -42.7333  30.0652
>999 999
 -91.3990   1.6985
 -90.0984   1.6951
 -90.0928   0.8209
 -87.8887   0.8011
 -85.3112   0.8294
 -85.2793   2.5080
 -84.5297   2.5167
 -84.5116   2.9798
 -84.2652   2.9810
 -84.2524   3.4894
 -82.3943   3.5030
 -82.3927   5.3385
 -82.4078   7.5204
>999 999
 -81.6966   7.0670
 -81.4780   7.0597
 -81.2458   7.0651
 -81.0107   7.0677
 -80.7264   7.1008
 -80.4591   7.1333
 -80.1918   7.1774
 -79.8571   7.2548
 -79.5580   7.3272
 -79.2422   7.4131
 -78.9791   7.4997
 -78.8545   7.5316
>999 999
 -76.7709 -45.3128
 -77.4061 -45.3543
 -78.6754 -45.0066
 -79.8690 -44.8538
 -81.1785 -44.7116
 -82.3391 -44.6624
 -82.6768 -43.9459
 -83.0886 -41.6215
 -86.5559 -41.2858
 -88.5537 -41.1089
 -91.0841 -41.0334
 -91.6784 -39.9960
 -91.7939 -38.8752
 -93.6478 -38.3467
 -93.6182 -37.2020
 -95.0490 -36.9245
 -96.2899 -36.8635
 -96.3760 -36.3469
 -99.3832 -36.0674
-101.7000 -35.7257
>999 999
 -77.7726   5.5101
 -77.7597   5.4215
 -77.7396   5.2638
 -77.7445   5.1305
 -77.7378   5.0232
 -77.7532   4.8849
 -77.7564   4.7621
 -77.7574   4.5942
 -77.7805   4.4683
 -77.8192   4.3211
 -77.8924   4.1610
 -77.9655   3.9986
 -78.0283   3.9153
 -78.1235   3.8007
 -78.1967   3.6916
 -78.2718   3.5732
 -78.3687   3.4736
 -78.4499   3.3389
 -78.5454   3.2371
 -78.6216   3.1211
 -78.7212   2.9857
 -78.8092   2.8520
 -78.8495   2.7180
 -78.9270   2.5837
 -79.0224   2.4866
 -79.0799   2.4256
 -79.2038   2.3194
 -79.2693   2.2569
 -79.3463   2.1928
 -79.4658   2.1005
 -79.5477   2.0453
 -79.6476   1.9813
 -79.7435   1.9060
 -79.7950   1.8475
 -79.8917   1.7917
 -79.9716   1.6999
 -80.0608   1.6352
 -80.1163   1.5651
 -80.1904   1.4737
 -80.2429   1.3879
 -80.3181   1.2975
 -80.3540   1.2011
 -80.4098   1.1152
 -80.4565   1.0549
 -80.5286   0.9477
 -80.5539   0.8713
 -80.5850   0.7412
 -80.6315   0.5978
 -80.6833   0.4440
 -80.7328   0.3428
 -80.7597   0.2449
 -80.8074   0.1552
 -80.8814   0.0382
 -80.9317  -0.0720
 -80.9593  -0.1515
 -81.0131  -0.2595
 -81.0353  -0.3331
 -81.0790  -0.4394
 -81.1282  -0.5198
 -81.1642  -0.6199
 -81.1772  -0.6986
 -81.2091  -0.7872
 -81.2415  -0.8950
 -81.3003  -1.0254
 -81.3125  -1.1288
 -81.3169  -1.2623
 -81.3299  -1.3781
 -81.3347  -1.5036
 -81.3264  -1.6184
 -81.3269  -1.7076
 -81.3116  -1.7972
 -81.2933  -1.9476
 -81.3056  -2.0270
 -81.2906  -2.1888
 -81.2987  -2.2984
 -81.3168  -2.4557
 -81.3347  -2.5419
 -81.3567  -2.6901
 -81.3732  -2.8324
 -81.3996  -2.9480
 -81.4386  -3.0561
 -81.4707  -3.1695
 -81.5297  -3.2926
 -81.5440  -3.3548
 -81.5867  -3.4560
 -81.6127  -3.5521
 -81.6616  -3.6803
 -81.6787  -3.7760
 -81.7091  -3.8787
 -81.7136  -3.9896
 -81.7492  -4.1226
 -81.7560  -4.2412
 -81.7648  -4.3755
 -81.7814  -4.5155
 -81.7934  -4.6787
 -81.7923  -4.8191
 -81.7886  -4.9182
 -81.7944  -5.1523
 -81.8029  -5.2838
 -81.8306  -5.4079
 -81.8360  -5.5248
 -81.8369  -5.6537
 -81.8266  -5.8057
 -81.8278  -5.9301
 -81.8426  -6.0425
 -81.8382  -6.1988
 -81.8198  -6.2994
 -81.7923  -6.4276
 -81.7583  -6.5291
 -81.7299  -6.6728
 -81.6915  -6.8031
 -81.6332  -6.9454
 -81.5794  -7.0602
 -81.5414  -7.1651
 -81.4933  -7.2867
 -81.4555  -7.3917
 -81.3820  -7.5454
 -81.3275  -7.6461
 -81.2721  -7.7934
 -81.2202  -7.9164
 -81.1604  -8.0350
 -81.1152  -8.1404
 -81.0744  -8.2370
 -81.0185  -8.3857
 -80.9182  -8.5704
 -80.8700  -8.6783
 -80.8203  -8.8394
 -80.7881  -8.9572
 -80.7159  -9.1022
 -80.6612  -9.2005
 -80.6168  -9.3109
 -80.5842  -9.3835
 -80.5401  -9.5017
 -80.4755  -9.6049
 -80.4313  -9.7133
 -80.3957  -9.7972
 -80.3397  -9.9259
 -80.2762 -10.0195
 -80.2262 -10.1593
 -80.1689 -10.2673
 -80.1143 -10.3963
 -80.0521 -10.4881
 -79.9879 -10.6309
 -79.9166 -10.7597
 -79.8260 -10.8839
 -79.7649 -11.0082
 -79.7054 -11.1059
 -79.6273 -11.1858
 -79.5702 -11.2880
 -79.4977 -11.4000
 -79.4041 -11.5287
 -79.3386 -11.6117
 -79.2579 -11.7168
 -79.1543 -11.7800
 -79.1024 -11.8249
 -79.0017 -11.9104
 -78.9294 -11.9612
 -78.8884 -12.0603
 -78.8639 -12.1740
 -78.8590 -12.2598
 -78.8323 -12.3714
 -78.7934 -12.4905
 -78.7293 -12.6356
 -78.6629 -12.7466
 -78.5402 -12.9072
 -78.4315 -13.0726
 -78.3145 -13.2023
 -78.2447 -13.3132
 -78.1317 -13.4030
 -78.0401 -13.5382
 -77.9110 -13.6554
 -77.8048 -13.7957
 -77.6731 -13.9083
 -77.5847 -14.0376
 -77.4522 -14.1598
 -77.3351 -14.3146
 -77.2226 -14.4469
 -77.1451 -14.5616
 -77.0293 -14.6948
 -76.9451 -14.8151
 -76.8350 -14.9707
 -76.7320 -15.1057
 -76.6344 -15.2348
 -76.5601 -15.3437
 -76.4076 -15.5523
 -76.3306 -15.6530
 -76.2278 -15.7510
 -76.1428 -15.8563
 -76.0387 -15.9731
 -75.9491 -16.0590
 -75.8090 -16.1050
 -75.6889 -16.1315
 -75.5680 -16.2382
 -75.4808 -16.3194
 -75.3933 -16.3939
 -75.3324 -16.4625
 -75.2071 -16.5346
 -75.1258 -16.5751
 -75.0286 -16.6501
 -74.9241 -16.6998
 -74.8327 -16.7532
 -74.7263 -16.8130
 -74.6377 -16.8990
 -74.5178 -16.9540
 -74.4160 -17.0170
 -74.3293 -17.0759
 -74.2217 -17.1449
 -74.1323 -17.2006
 -74.0445 -17.2438
 -73.9602 -17.3071
 -73.8550 -17.3817
 -73.7528 -17.4471
 -73.6284 -17.5229
 -73.5538 -17.5959
 -73.4224 -17.6754
 -73.3147 -17.7571
 -73.2202 -17.8393
 -73.1261 -17.9112
 -73.0194 -17.9918
 -72.9220 -18.0720
 -72.8571 -18.1537
 -72.7321 -18.2355
 -72.6297 -18.3569
 -72.5079 -18.4568
 -72.4139 -18.5609
 -72.3242 -18.6568
 -72.2138 -18.7722
 -72.1352 -18.8756
 -72.0057 -19.0412
 -71.9097 -19.1994
 -71.8518 -19.2860
 -71.7844 -19.3960
 -71.7368 -19.5129
 -71.6987 -19.5836
 -71.6987 -19.5836
 -71.6081 -19.7318
 -71.5723 -19.8197
 -71.5429 -19.9289
 -71.4982 -20.0449
 -71.4551 -20.1826
 -71.4028 -20.3256
 -71.3687 -20.4778
 -71.3443 -20.5619
 -71.3215 -20.6941
 -71.3027 -20.7951
 -71.2840 -20.9249
 -71.2564 -21.0485
 -71.2272 -21.2446
 -71.2197 -21.3727
 -71.2114 -21.5009
 -71.1986 -21.6480
 -71.2000 -21.7740
 -71.2010 -21.9010
 -71.2004 -22.1002
 -71.2134 -22.2848
 -71.2216 -22.4444
 -71.2280 -22.5718
 -71.2369 -22.7232
 -71.2499 -22.8281
 -71.2880 -22.9322
 -71.3138 -23.0130
 -71.3636 -23.1205
 -71.4277 -23.1957
 -71.4859 -23.2978
 -71.5240 -23.4336
 -71.5425 -23.5850
 -71.5663 -23.7254
 -71.5827 -23.8424
 -71.5899 -23.9659
 -71.5902 -24.0842
 -71.5905 -24.0865
 -71.5766 -24.2453
 -71.5766 -24.2453
 -71.5641 -24.3936
 -71.5323 -24.5933
 -71.5418 -24.7223
 -71.5592 -24.8748
 -71.5734 -24.9976
 -71.5815 -25.1659
 -71.5818 -25.2982
 -71.5738 -25.4451
 -71.5655 -25.6208
 -71.5803 -25.7861
 -71.5854 -25.9018
 -71.5919 -26.0807
 -71.6018 -26.2638
 -71.6253 -26.4421
 -71.6603 -26.6582
 -71.7430 -26.9336
 -71.8376 -27.1383
 -71.8881 -27.2673
 -71.9456 -27.3896
 -71.9992 -27.4916
 -72.0421 -27.6178
 -72.0883 -27.7665
 -72.1303 -27.9111
 -72.1861 -28.1415
 -72.2180 -28.2837
 -72.2350 -28.4014
 -72.2506 -28.5088
 -72.2676 -28.5896
 -72.2809 -28.7157
 -72.3031 -28.8476
 -72.3289 -28.9423
 -72.3405 -29.0191
 -72.3574 -29.0711
 -72.3848 -29.1828
 -72.4083 -29.2685
 -72.4261 -29.3757
 -72.4399 -29.4730
 -72.4752 -29.5825
 -72.4960 -29.6812
 -72.5234 -29.7803
 -72.5634 -29.8834
 -72.6327 -30.0529
 -72.6650 -30.2353
 -72.6785 -30.3569
 -72.6919 -30.5178
 -72.7171 -30.6759
 -72.7156 -30.7766
 -72.7144 -30.9257
 -72.7173 -31.0282
 -72.7442 -31.1689
 -72.7376 -31.2611
 -72.7515 -31.3945
 -72.7575 -31.4896
 -72.7608 -31.6141
 -72.7708 -31.7157
 -72.7708 -31.7157
 -72.7884 -31.7989
 -72.7968 -31.9054
 -72.8206 -32.0595
 -72.8301 -32.1485
 -72.8428 -32.2985
 -72.8490 -32.4194
 -72.8579 -32.5329
 -72.8656 -32.6536
 -72.8827 -32.7300
 -72.9171 -32.8260
 -72.9599 -32.9440
 -72.9839 -33.0055
 -73.0036 -33.0653
 -73.0488 -33.1446
 -73.0811 -33.2060
 -73.1072 -33.2835
 -73.1537 -33.4020
 -73.1932 -33.4775
 -73.2503 -33.5851
 -73.3052 -33.6745
 -73.3556 -33.7878
 -73.4050 -33.8686
 -73.4550 -33.9715
 -73.4859 -34.0541
 -73.5466 -34.1471
 -73.6032 -34.2524
 -73.6226 -34.3309
 -73.6839 -34.4367
 -73.7755 -34.5539
 -73.8054 -34.6343
 -73.8507 -34.7087
 -73.8956 -34.8054
 -73.9320 -34.8882
 -73.9621 -34.9487
 -74.0071 -35.0500
 -74.0517 -35.1304
 -74.1048 -35.2292
 -74.1839 -35.3308
 -74.2304 -35.4295
 -74.2773 -35.5048
 -74.3227 -35.5792
 -74.3703 -35.6742
 -74.4103 -35.7600
 -74.4731 -35.8526
 -74.5172 -35.9424
 -74.5510 -35.9807
 -74.5840 -36.0190
 -74.6587 -36.1417
 -74.7178 -36.2257
 -74.7874 -36.3222
 -74.8506 -36.4206
 -74.8930 -36.5043
 -74.9388 -36.5897
 -74.9874 -36.6566
 -75.0436 -36.7649
 -75.0863 -36.8420
 -75.1659 -36.9493
 -75.2198 -37.0514
 -75.2749 -37.1293
 -75.3277 -37.2429
 -75.3645 -37.3107
 -75.4205 -37.4350
 -75.4820 -37.5452
 -75.5200 -37.6439
 -75.5692 -37.7452
 -75.6209 -37.9100
 -75.6616 -38.0332
 -75.6880 -38.1192
 -75.7363 -38.2523
 -75.7639 -38.3471
 -75.7965 -38.4594
 -75.8186 -38.5768
 -75.8478 -38.6813
 -75.8697 -38.7754
 -75.8898 -38.9112
 -75.9117 -39.0097
 -75.9378 -39.0959
 -75.9588 -39.2116
 -75.9792 -39.2826
 -76.0072 -39.3741
 -76.0221 -39.4677
 -76.0497 -39.5831
 -76.0585 -39.6548
 -76.1106 -39.8161
 -76.1274 -39.8726
 -76.1452 -39.9530
 -76.1715 -40.0409
 -76.1758 -40.1064
 -76.1951 -40.1704
 -76.2160 -40.2399
 -76.2246 -40.3343
 -76.2497 -40.4167
 -76.2534 -40.4846
 -76.2589 -40.5327
 -76.2770 -40.6220
 -76.2833 -40.7180
 -76.2987 -40.7976
 -76.3036 -40.9236
 -76.3028 -40.9912
 -76.3102 -41.0745
 -76.3146 -41.1881
 -76.3281 -41.2899
 -76.3418 -41.3676
 -76.3552 -41.4638
 -76.3758 -41.5472
 -76.3783 -41.6191
 -76.3889 -41.7055
 -76.4096 -41.7983
 -76.4211 -41.8917
 -76.4350 -42.0019
 -76.4396 -42.0690
 -76.4342 -42.1299
 -76.4441 -42.2031
 -76.4527 -42.2673
 -76.4674 -42.3640
 -76.4701 -42.4247
 -76.4707 -42.4790
 -76.4675 -42.5317
 -76.4694 -42.5707
 -76.4769 -42.6690
 -76.4888 -42.7040
 -76.4847 -42.7442
 -76.4883 -42.7784
 -76.4992 -42.8101
 -76.5041 -42.8953
 -76.5195 -42.9402
 -76.5232 -42.9838
 -76.5268 -43.0507
 -76.5355 -43.1507
 -76.5451 -43.2249
 -76.5566 -43.2860
 -76.5745 -43.3600
 -76.5804 -43.4094
 -76.5838 -43.4980
 -76.5951 -43.5853
 -76.6051 -43.6505
 -76.6107 -43.7675
 -76.6090 -43.8458
 -76.6159 -43.9060
 -76.6282 -43.9310
 -76.6388 -44.0334
 -76.6435 -44.0966
 -76.6407 -44.1483
 -76.6404 -44.2067
 -76.6720 -44.2974
 -76.6921 -44.3928
 -76.6976 -44.5116
 -76.7135 -44.5770
 -76.7240 -44.6544
 -76.7391 -44.7443
 -76.7433 -44.8002
 -76.7416 -44.8718
 -76.7629 -44.9683
 -76.7661 -45.0660
 -76.7810 -45.1495
 -76.7745 -45.2435
 -76.7944 -45.3130
 -76.8023 -45.3910
 -76.8238 -45.5084
 -76.8557 -45.5946
 -76.8569 -45.6770
 -76.8803 -45.7628
 -76.9081 -45.8814
 -76.9103 -45.9742
>999 999
 -87.6754  16.3678
 -86.9244  16.5810
 -85.8545  16.8637
 -85.0577  17.1593
 -85.0577  17.1593
 -84.1681  17.3918
 -83.2783  17.5899
 -83.3683  18.2007
 -82.3860  18.4324
 -81.3987  18.6493
 -80.5864  18.8265
 -79.6303  19.0766
 -78.6074  19.2880
 -77.3275  19.4374
 -76.5206  19.5319
 -75.7754  19.6165
 -74.8557  19.6727
 -73.9925  19.7046
 -73.9925  19.7046
 -72.9291  19.6793
 -72.0714  19.6436
 -70.9058  19.5173
 -69.8688  19.3856
 -68.3959  19.1537
 -67.4930  18.8812
 -66.5185  18.6423
 -65.1549  18.3461
 -64.2478  18.0676
 -63.3922  17.7498
 -62.2451  17.3496
 -61.5796  17.0107
 -60.9450  16.7493
 -60.6482  16.5745
 -60.5254  16.4382
 -60.3414  16.0872
 -60.1881  15.7306
 -60.0808  15.3490
 -60.0043  14.7458
 -59.9789  14.3230
 -59.9792  13.6974
 -59.9896  13.0504
 -60.0408  12.4909
 -60.1125  12.0442
 -60.2046  11.7509
 -60.3222  11.3875
>999 999
 -61.2420   9.9435
 -61.4249   9.9790
 -61.6083  10.0379
 -61.8875  10.1478
 -62.0564  10.2199
 -62.2452  10.3243
 -62.4073  10.4489
 -62.4895  10.5143
 -62.6038  10.5509
 -62.7172  10.5678
 -62.9219  10.5558
 -63.0748  10.5306
 -63.2059  10.5037
 -63.3623  10.4811
 -63.5066  10.4606
 -63.7076  10.4413
 -63.9167  10.4502
 -64.1004  10.4525
 -64.3307  10.4093
 -64.6300  10.4538
 -64.9088  10.5051
 -65.2167  10.5639
 -65.4787  10.6315
 -65.7038  10.6398
 -65.9191  10.6673
 -66.1660  10.6781
 -66.3948  10.6824
 -66.3948  10.6824
 -66.6479  10.6649
 -66.8805  10.6446
 -67.0816  10.6055
 -67.2755  10.5857
 -67.4172  10.5689
 -67.5565  10.5387
 -67.7140  10.5254
 -67.8981  10.5220
 -68.1053  10.5148
 -68.3356  10.4847
 -68.5209  10.4493
 -68.6347  10.4015
 -68.7726  10.3308
 -68.8874  10.2612
 -69.0723  10.1497
 -69.1799  10.1029
 -69.2948  10.0645
 -69.3673  10.0140
 -69.4649   9.9251
 -69.5552   9.8445
 -69.6358   9.7460
 -69.7465   9.6463
 -69.8800   9.5165
 -70.0185   9.4131
 -70.1207   9.3229
 -70.2602   9.2098
 -70.3587   9.1208
 -70.5005   9.0089
 -70.6195   8.9221
 -70.7746   8.8218
 -70.9163   8.7252
 -71.0316   8.6383
 -71.1889   8.5342
 -71.3100   8.4399
 -71.4469   8.3584
 -71.5930   8.2339
 -71.7484   8.0901
 -71.9124   7.9592
 -72.0171   7.8244
 -72.1207   7.7062
 -72.1779   7.5471
 -72.2083   7.3541
 -72.1977   7.1677
 -72.1597   6.9912
 -72.0952   6.8009
 -72.0285   6.6058
 -71.9938   6.4779
 -71.9829   6.3224
 -72.0034   6.1831
 -72.0658   6.0327
 -72.1329   5.8692
 -72.2060   5.7222
 -72.3259   5.5888
 -72.4242   5.4533
 -72.5455   5.3624
 -72.6639   5.2158
 -72.7694   5.1037
 -72.8519   4.9706
 -72.9180   4.8650
 -73.0254   4.7089
 -73.0948   4.5866
 -73.2166   4.4454
>999 999
