2014 07 12 (193) 09 21 44 946  -8.626  -53.272     0.000  4.290   mb    manual   confirmed 
2014 06 23 (174) 22 36 23 644  -7.780  -59.294     0.000  3.881   mb    manual   confirmed 
2014 05 30 (150) 18 16 48 967  -1.007  -59.637     0.000  3.722   mb    manual   confirmed 
2014 06 05 (156) 12 55 49 383  -8.580  -53.258     9.365  3.718   mb    manual   confirmed 
2014 06 03 (154) 00 45 36 069  -8.545  -53.245     0.000  3.696   mb    manual   confirmed 
2014 06 16 (167) 14 35 07 008  -8.853  -53.315     0.000  3.691   mb    manual   confirmed 
2014 07 12 (193) 15 49 51 634  -8.628  -53.274     0.000  3.654   mb    manual   confirmed 
2014 07 15 (196) 06 25 41 213  -8.608  -53.282     0.000  3.608   mb    manual   confirmed 
2014 06 12 (163) 15 32 30 730  -6.518  -50.077     0.000  3.348   mR    manual   confirmed 
2014 05 22 (142) 18 56 25 107  -5.942  -50.184     0.000  3.336   mR    manual   confirmed 
2014 06 06 (157) 16 16 23 859  -6.472  -50.168     0.000  3.313   mR    manual   confirmed 
2014 06 10 (161) 20 50 09 704  -5.630  -56.358     0.000  3.255   mR    manual   confirmed 
2014 05 19 (139) 22 01 28 330  -6.473  -49.972     0.000  3.099   mR    manual   confirmed 
2014 05 15 (135) 15 03 28 306 -10.410  -48.914     0.000  3.041   mR    manual   confirmed 
2014 07 09 (190) 20 48 39 179  -5.982  -50.609     0.000  2.977   mR    manual   confirmed 
2014 05 20 (140) 17 08 08 329  -5.534  -55.302     0.000  2.952   mR    manual   confirmed 
2014 06 07 (158) 15 09 21 362  -5.976  -50.635     0.000  2.934   mR    manual   confirmed 
2014 06 07 (158) 18 47 33 794  -6.226  -50.332     0.000  2.930   mR    manual   confirmed 
2014 07 09 (190) 15 42 47 173  -5.959  -50.253     0.000  2.911   mR    manual   confirmed 
2014 05 30 (150) 20 52 42 000  -1.005  -59.640     0.000  2.887  MLv    manual   confirmed 
2014 05 28 (148) 20 31 08 093  -6.060  -50.205     0.000  2.676   mR    manual   confirmed 
2014 04 12 (102) 17 36 12 700 -12.480  -57.192     0.000  2.601   mR    manual   confirmed 
2014 06 03 (154) 20 07 39 485  -0.778  -59.738     0.000  2.475   mR    manual   confirmed 
2014 05 15 (135) 15 50 25 000  -6.093  -50.325     0.000  2.454  MLv    manual   confirmed 
2014 06 26 (177) 19 55 51 564  -8.495  -49.399     0.000  2.372   mR    manual   confirmed 
2014 05 14 (134) 18 32 32 000  -6.100  -50.320     0.000  2.366  MLv    manual   confirmed 
2014 05 22 (142) 18 19 15 000  -6.089  -50.323     0.000  2.352  MLv    manual   confirmed 
2014 05 20 (140) 18 58 07 000  -6.090  -50.330     0.000  2.235  MLv    manual   confirmed 
2014 05 30 (150) 21 30 45 000  -6.096  -50.321     0.000  1.967  MLv    manual   confirmed 
2014 07 09 (190) 22 12 01 202 -10.808  -56.515     0.000  1.956  MLv    manual   confirmed 
2014 04 30 (120) 15 36 18 000  -0.773  -59.868     0.000  1.826  MLv    manual   confirmed 
2014 05 30 (150) 20 23 56 000  -1.014  -59.638     0.000  1.753  MLv    manual   confirmed 
