-35.93617 -8.429541 0.3 01 AGBR 33.8 1.78
-36.01030 -8.176670 0.3 02 CAUB 32.4 1.82
-38.67090 -5.490000 0.3 03 CS6B 29.3 1.72
-38.75400 -3.773000 0.3 04 FOR1 32.8 1.73
-38.27079 -6.321630 0.3 05 PFBR 29 1.75
-38.39217 -4.581284 0.3 06 OCBR 29.8 1.73
-40.37166 -3.745140 0.3 07 SBBR 35.7 1.67
-35.74407 -6.781440 0.3 08 SLBR 29.7 1.8
-35.57510 -9.022400 0.3 09 Flexeiras
-37.59980 -10.25050 0.3 10 Carira
-36.20170 -8.928600 0.3 11 Canhotinho
-36.70240 -10.41340 0.3 12 Pacatuba
-37.04540 -9.038700 0.3 13 Aguas-Belas
-40.04110 -3.310700 0.3 14 Morrinhos
-37.11200 -5.750200 0.3 15 Parau
-35.38370 -8.309400 0.3 16 Primavera
-35.28880 -6.419600 0.3 17 Pedro-Velho
-38.29100 -4.224200 0.3 18 Cascavel
-39.58380 -5.543400 0.3 19 Pedra-Branca
-36.27530 -7.366300 0.3 20 Livramento
-36.27530 -7.366300 0.3 21 Anadia
-41.71660 -5.179600 0.3 22 Castelo-do-Piaui
-39.17270 -12.59990 0.3 23 Muritiba
-39.43410 -14.93080 0.3 24 Itape
-40.19540 -10.86060 0.3 25 Ponto-Novo
-37.78960 -10.99350 0.3 26 Lagarto
-38.76590 -7.367400 0.3 27 Mauriti 
-38.06010 -9.128000 0.3 28 Tacaratu
-49.5 -11.7 0.3 RET2
-49.2 -11.9 0.3 RET3
-48.7 -12.2 0.3 RET4
-50.1 -13.0 0.3 RET8
-49.7 -13.3 0.3 RET9 
-48.6 -10.7 0.3 RET1
-46.87 -11.40 0.3 Rio da Conceição
-46.35 -10.13 0.3 São Felix do Tocantins
-46.42 -10.58 0.3 Mateiros
-47.73 -11.70 0.3 Natividade (Sul)
-49.20 -10.60 0.3 Cristalandia (Oeste PN)
-48.36 -9.75 0.3 Lajeado TO
-47.67 -9.97 0.3 Novo Acordo 
-47.34 -8.95 0.3 Centenario
-47.68 -12.72 0.3 Parana/Arraias
-47.30827 -10.63006 0.3 TB01 (Faz. Mata Nova - Sr. Doro)
-47.83249 -10.63750 0.3 TB02 (Faz. Porto Franco - Sr. Arquimedes) 
-5.023310e+01 -1.973930e+01 0.3 agvb
-5.569900e+01 -2.047600e+01 0.3 aqdb
-4.612020e+01 -2.135200e+01 0.3 AR10
-4.612340e+01 -2.136250e+01 0.3 areb
-5.180780e+01 -1.566460e+01 0.3 argb
-4.286060e+01 -2.129000e+01 0.3 atdb
-4.603080e+01 -2.003980e+01 0.3 bamb
-4.380050e+01 -2.122100e+01 0.3 barb
-4.801478e+01 -1.564176e+01 0.3 BDFB
-4.414930e+01 -1.998740e+01 0.3 bet1
-4.558540e+01 -2.253530e+01 0.3 brsb
-4.476350e+01 -2.099850e+01 0.3 bscb
-4.673260e+01 -2.168020e+01 0.3 cacb
-4.183380e+01 -2.239780e+01 0.3 cam1
-4.052220e+01 -2.072880e+01 0.3 cam3
-4.256540e+01 -2.235690e+01 0.3 cam4
-4.142900e+01 -2.178400e+01 0.3 camb
-5.037790e+01 -2.296810e+01 0.3 canb
-5.101490e+01 -2.281250e+01 0.3 capb
-4.471820e+01 -2.023650e+01 0.3 cdcb
-5.416877e+01 -1.957922e+01 0.3 cmpa
-4.868920e+01 -1.774330e+01 0.3 corb
-5.733087e+01 -2.633064e+01 0.3 CPUP
-4.462700e+01 -1.350840e+01 0.3 crt1
-4.458189e+01 -1.343213e+01 0.3 crtb
-4.737666e+01 -1.381419e+01 0.3 cv1b
-4.722420e+01 -1.375714e+01 0.3 cv3b
-4.600990e+01 -2.369030e+01 0.3 daeb
-4.564180e+01 -2.048780e+01 0.3 frmb
-4.627790e+01 -2.067820e+01 0.3 furb
-4.908550e+01 -1.526440e+01 0.3 gnsb
-4.881390e+01 -2.177720e+01 0.3 ibib
-4.611650e+01 -2.325250e+01 0.3 igab
-4.771000e+01 -2.000000e+01 0.3 IGPB
-52.3410329 -27.3080083 0.3 it1
-52.1837386 -27.3501599 0.3 it4
-52.0040271 -27.3603637 0.3 it5
-52.1312221 -27.2345638 0.3 it9
-5.234110e+01 -2.730820e+01 0.3 ITAB
-3.962820e+01 -1.598870e+01 0.3 ITPB
-5.149290e+01 -1.789290e+01 0.3 jatb
-4.332580e+01 -2.172780e+01 0.3 jfob
-4.450510e+01 -1.546780e+01 0.3 jnrb
-4.771630e+01 -2.409300e+01 0.3 juqb
-5.581680e+01 -1.488720e+01 0.3 MAN1
-5.568150e+01 -1.506720e+01 0.3 MAN2
-51.8567992 -27.4946498 0.3 mc1
-51.6124621 -27.4357632 0.3 mc5
-51.4388283 -27.5724037 0.3 mc9
-51.6651274 -27.5388859 0.3 m11
-4.802600e+01 -1.892770e+01 0.3 MIR1
-4.791680e+01 -1.906840e+01 0.3 mir4
-4.200400e+01 -2.105500e+01 0.3 natb
-5.418420e+01 -2.143360e+01 0.3 navb
-4.759270e+01 -1.937550e+01 0.3 NP4B
-4.955826e+01 -2.861048e+01 0.3 novb
-4.768590e+01 -2.066280e+01 0.3 nupb
-4.893060e+01 -2.087930e+01 0.3 olib
-5.126180e+01 -2.160740e+01 0.3 pacb
-4.562440e+01 -2.334170e+01 0.3 parb
-5.086340e+01 -1.513690e+01 0.3 pazb
-4.770754e+01 -2.264480e+01 0.3 pcba
-3.912380e+01 -1.253060e+01 0.3 PDCB
-4.643797e+01 -1.853729e+01 0.3 pmna
-5.283670e+01 -2.245640e+01 0.3 popb
-4.907870e+01 -1.333040e+01 0.3 porb
-5.487967e+01 -1.760028e+01 0.3 pp1b
-5.131330e+01 -2.203270e+01 0.3 ppdb
-4.681883e+01 -1.727021e+01 0.3 prcb
-5.747560e+01 -2.146280e+01 0.3 ptmb
-4.753000e+01 -2.241910e+01 0.3 rclb
-4.750190e+01 -2.007370e+01 0.3 rifb
-4.903390e+01 -2.465100e+01 0.3 rstb
-5.034550e+01 -1.657050e+01 0.3 slmb
-4.743200e+01 -2.359200e+01 0.3 SPB
-4.492900e+01 -1.809220e+01 0.3 TRMB
-5.132580e+01 -2.067250e+01 0.3 trib
-4.319550e+01 -2.215410e+01 0.3 trrb
-4.679170e+01 -1.623210e+01 0.3 unia
-4.696580e+01 -2.300220e+01 0.3 vao1
-4.696580e+01 -2.300220e+01 0.3 vabb
-4.640320e+01 -2.329653e+01 0.3 vao2
-4.644093e+01 -2.265255e+01 0.3 vao3
