 -57.3600 -35.1400
 -57.7700 -34.9100
 -57.9500 -34.7900
 -58.0200 -34.8100
 -58.3500 -34.6500
 -58.5800 -34.4200
 -58.5200 -34.3600
 -58.6100 -34.3000
 -58.4500 -34.2800
 -58.3700 -34.1000
 -58.4500 -34.0100
 -58.4800 -33.8700
 -58.5900 -33.6700
 -58.5300 -33.3700
 -58.4500 -33.3200
 -58.4500 -33.0900
 -58.2300 -33.0700
 -58.1800 -32.8400
 -58.2700 -32.4500
 -58.1400 -32.2700
 -58.2100 -32.1500
 -58.2500 -31.8700
 -58.1100 -31.7700
 -58.0700 -31.4900
 -57.9600 -31.2900
 -58.0700 -31.4500
 -58.0400 -31.6000
 -58.1200 -31.8100
 -58.2000 -31.9000
 -58.1600 -31.9900
 -58.1900 -32.1400
 -58.1000 -32.2600
 -58.2300 -32.4700
 -58.1600 -32.8100
 -58.1000 -32.8800
 -58.1200 -33.0400
 -58.2000 -33.1200
 -58.3700 -33.1200
 -58.4500 -33.4100
 -58.2200 -33.2800
 -58.4200 -33.4100
 -58.4700 -33.5800
 -58.4500 -33.9300
 -58.2700 -34.0700
 -58.2400 -34.1800
 -58.0600 -34.2700
 -57.9500 -34.3500
 -57.9200 -34.4900
 -57.6200 -34.4500
 -57.2100 -34.4700
 -56.9100 -34.6900
 -56.6900 -34.7300
 -56.6400 -34.7600
 -56.4500 -34.7900
 -56.4600 -34.8600
 -56.1600 -34.9300
 -56.0100 -34.8900
 -55.8300 -34.7900
 -55.5900 -34.8200
 -55.4100 -34.8200
 -55.3100 -34.8800
 -55.3200 -34.9100
 -55.0600 -34.9200
 -54.9700 -35.0000
 -54.8100 -34.8900
 -54.6700 -34.8600
 -54.2100 -34.6700
 -54.1400 -34.6000
 -53.8600 -34.4500
 -53.8200 -34.4000
 -53.8300 -34.2900
 -53.7700 -34.2300
 -53.5800 -34.1100
 -53.5500 -34.0600
 -53.5100 -33.8700
 -53.1100 -33.6000
 -52.6900 -33.2400
 -52.5500 -33.0500
 -52.3500 -32.6000
 -52.3200 -32.4100
 -52.0900 -32.1400
 -52.1500 -32.0100
 -52.2200 -32.0800
 -52.2700 -32.0400
 -52.1800 -31.9500
 -52.2800 -31.8700
 -52.2400 -31.7300
 -52.1000 -31.6800
 -52.0200 -31.3800
 -51.6700 -31.3100
 -51.6600 -31.1700
 -51.4900 -31.1200
 -51.5200 -30.9300
 -51.4200 -30.9000
 -51.4200 -30.6600
 -51.3700 -30.6400
 -51.3400 -30.7700
 -51.2800 -30.5300
 -51.2200 -30.4000
 -51.1500 -30.4100
 -51.1300 -30.3500
 -51.2900 -30.2700
 -51.2600 -30.0500
 -51.2000 -30.2300
 -51.0700 -30.2700
 -51.0200 -30.3600
 -51.0500 -30.4000
 -50.9500 -30.4600
 -50.9400 -30.3700
 -50.6600 -30.2200
 -50.5500 -30.2300
 -50.6000 -30.4400
 -50.6800 -30.4400
 -50.6600 -30.3300
 -50.7600 -30.3900
 -50.7300 -30.5800
 -50.8100 -30.8600
 -50.9500 -30.9100
 -51.0200 -30.9300
 -50.9800 -31.0000
 -51.0900 -31.1100
 -51.2300 -31.1000
 -51.2100 -31.3300
 -51.4300 -31.5700
 -51.4700 -31.5200
 -51.6600 -31.7500
 -51.8700 -31.8200
 -51.8300 -31.8500
 -51.8500 -31.8900
 -51.9400 -31.9000
 -52.0500 -31.8400
 -52.1200 -31.8700
 -52.0600 -31.9500
 -52.0800 -32.0200
 -52.0600 -32.1100
 -51.6500 -31.8900
 -51.1100 -31.5400
 -50.9400 -31.3300
 -50.8800 -31.3000
 -50.7100 -31.0000
 -50.4200 -30.5800
 -50.1800 -30.1500
 -50.1000 -29.8500
 -49.9600 -29.6900
 -49.8300 -29.4800
 -49.7600 -29.2500
 -49.4800 -29.0100
 -49.3500 -28.9600
 -49.2400 -28.8200
 -49.0400 -28.7200
 -48.9000 -28.6800
 -48.8300 -28.6600
 -48.8000 -28.5700
 -48.8800 -28.5600
 -48.9100 -28.4300
 -48.8200 -28.4600
 -48.7900 -28.4100
 -48.8000 -28.5000
 -48.7100 -28.3300
 -48.6500 -28.1300
 -48.6600 -28.0400
 -48.6400 -27.9400
 -48.6600 -27.8200
 -48.6800 -27.7000
>999 999
 -48.6000 -27.6900
 -48.5800 -27.8500
 -48.4900 -27.7100
 -48.4500 -27.6100
 -48.4200 -27.4500
 -48.5000 -27.4300
 -48.5800 -27.4900
 -48.6000 -27.6900
>999 999
 -48.6800 -27.7000
 -48.6600 -27.5900
 -48.6400 -27.4800
 -48.5900 -27.4600
 -48.5600 -27.3600
 -48.6300 -27.3500
 -48.6100 -27.2500
 -48.5300 -27.2500
 -48.5300 -27.2000
 -48.5900 -27.2100
 -48.6500 -27.0000
 -48.6700 -26.9000
 -48.6400 -26.8200
 -48.6900 -26.8300
 -48.7200 -26.7800
 -48.6500 -26.5000
>999 999
 -48.6900 -26.4100
 -48.6200 -26.4700
 -48.5500 -26.3600
 -48.5700 -26.2400
 -48.6900 -26.3700
 -48.6900 -26.4100
>999 999
 -48.6500 -26.5000
 -48.7900 -26.3500
 -48.7500 -26.3200
 -48.8100 -26.2200
 -48.7200 -26.2800
 -48.6600 -26.2600
 -48.6300 -26.2100
 -48.6600 -26.1300
 -48.6200 -26.0000
 -48.6700 -25.9500
 -48.7500 -25.9300
 -48.7300 -25.8900
 -48.5900 -25.9100
 -48.5900 -25.8500
 -48.3900 -25.6200
 -48.5400 -25.5600
 -48.7100 -25.5400
 -48.7500 -25.4500
 -48.6200 -25.5000
 -48.4700 -25.5200
 -48.4300 -25.3500
 -48.3400 -25.3700
>999 999
 -48.3600 -25.4100
 -48.3700 -25.4900
 -48.3100 -25.5300
 -48.3000 -25.4400
 -48.3600 -25.4100
>999 999
 -48.3400 -25.3700
 -48.2500 -25.4100
 -48.2700 -25.5100
 -48.2200 -25.5200
 -48.0600 -25.2600
 -48.0500 -25.3300
 -47.9500 -25.2300
 -47.8900 -25.1400
 -48.0300 -25.1700
 -48.0200 -25.1000
 -47.8800 -25.1000
 -47.7500 -24.9400
 -47.4400 -24.7300
 -47.3600 -24.7400
 -47.0100 -24.4800
 -46.9900 -24.3800
 -46.3800 -24.0300
 -46.3000 -24.0600
 -46.1700 -24.0000
 -46.1400 -23.9300
 -45.8800 -23.7900
 -45.7800 -23.8200
 -45.5300 -23.8500
 -45.4700 -23.9000
 -45.4200 -23.8800
>999 999
 -45.3900 -23.9000
 -45.4200 -23.9400
 -45.3200 -23.9500
 -45.2400 -24.0100
 -45.1500 -23.9800
 -45.2500 -23.9300
 -45.2700 -23.8800
 -45.2000 -23.8600
 -45.1900 -23.8300
 -45.2900 -23.7500
 -45.3600 -23.8200
 -45.3900 -23.9000
>999 999
 -45.4200 -23.8800
 -45.4000 -23.8000
 -45.4300 -23.7500
 -45.3100 -23.6300
 -45.2100 -23.6400
 -45.2200 -23.6000
 -45.0600 -23.5500
 -44.9100 -23.4100
 -44.8300 -23.4500
 -44.6600 -23.4100
 -44.5900 -23.4200
 -44.5700 -23.3300
 -44.6800 -23.2700
 -44.6900 -23.1400
 -44.4600 -23.0600
 -44.3800 -22.9800
 -44.3600 -23.0500
 -44.2700 -23.0800
>999 999
 -44.2600 -23.1400
 -44.3800 -23.1900
 -44.3600 -23.2500
 -44.3300 -23.2100
 -44.2100 -23.2200
 -44.1700 -23.2400
 -44.1300 -23.2100
 -44.2000 -23.1500
 -44.2600 -23.1400
>999 999
 -44.2700 -23.0800
 -44.1700 -23.0900
 -44.0500 -23.0200
>999 999
 -44.0200 -23.0900
 -44.0200 -23.1300
 -43.9100 -23.1500
 -43.8500 -23.0900
 -43.8700 -23.0700
 -43.9200 -23.1100
 -44.0200 -23.0900
>999 999
 -44.0500 -23.0200
 -43.9500 -22.9800
 -43.8300 -22.9700
 -43.6500 -23.0400
 -43.6900 -23.0800
 -43.4900 -23.0800
 -43.2700 -23.0400
 -43.2000 -22.9900
 -43.2200 -22.8800
 -43.2900 -22.8800
 -43.3100 -22.8300
 -43.2400 -22.7600
 -43.1400 -22.7300
 -43.0700 -22.7500
 -43.1100 -22.8400
 -43.1500 -22.9100
 -43.1200 -23.0000
 -43.0200 -23.0300
 -42.9100 -23.0000
 -42.7800 -23.0200
 -42.5300 -23.0200
 -42.4100 -22.9800
 -42.1800 -23.0100
 -42.0900 -22.9800
 -41.9900 -23.0500
 -42.0400 -22.9800
 -42.0200 -22.9000
 -41.9300 -22.8800
 -41.8700 -22.8300
 -41.9400 -22.8200
 -42.0100 -22.7100
 -42.0000 -22.6400
 -41.9000 -22.5600
 -41.8000 -22.4300
 -41.6000 -22.3200
 -41.1400 -22.1600
 -41.2000 -22.1400
 -41.3000 -22.1200
 -41.2900 -22.1600
 -41.3200 -22.1700
 -41.4300 -22.0600
 -41.4100 -21.9600
 -41.3500 -21.9700
 -41.3000 -21.9500
 -41.2600 -21.9800
 -41.2700 -22.0100
 -41.2300 -22.0500
 -41.2100 -22.1300
 -41.1500 -22.1500
 -41.0200 -22.0500
 -40.9900 -21.9600
 -41.0400 -21.7800
 -41.0600 -21.6600
 -41.0400 -21.4800
 -40.9600 -21.3900
 -40.9500 -21.2500
 -40.7900 -21.0900
 -40.7400 -20.9200
 -40.6300 -20.8300
 -40.5700 -20.8300
 -40.2700 -20.3700
 -40.2900 -20.3000
 -40.2300 -20.3100
 -40.1500 -19.9700
 -40.0500 -19.8000
 -39.8500 -19.6500
 -39.8000 -19.6500
 -39.7100 -19.5100
 -39.8200 -19.5200
 -39.7800 -19.4600
 -39.8000 -19.3900
 -39.7300 -19.4000
 -39.7200 -19.5000
 -39.6600 -19.4400
 -39.6900 -19.1900
 -39.6900 -18.6700
 -39.1700 -17.7600
 -39.2300 -17.6800
 -39.2000 -17.1300
 -39.1600 -16.8900
 -39.0700 -16.3200
 -39.0000 -16.2400
 -39.0000 -16.0800
 -38.9100 -15.9400
 -38.9200 -15.8500
 -39.0300 -15.4200
 -39.0200 -14.9900
 -38.9800 -14.8800
 -39.0500 -14.6600
 -38.9900 -14.3300
 -39.0200 -14.2700
 -38.9700 -13.9300
 -39.0300 -13.9700
 -39.0000 -14.0200
 -39.0700 -14.1600
 -39.0500 -14.2100
 -39.0700 -14.2400
 -39.1300 -14.1800
 -39.1100 -14.0900
 -39.0400 -14.0700
 -39.0800 -13.9500
 -39.1400 -13.8700
 -39.0700 -13.8000
 -39.0800 -13.7100
 -39.0300 -13.7700
 -39.0000 -13.8300
 -38.9700 -13.7300
 -38.9100 -13.7100
 -38.9300 -13.6400
 -39.0300 -13.6500
 -39.0400 -13.4300
 -38.9900 -13.4200
 -39.0100 -13.5400
 -38.9300 -13.6100
 -38.9000 -13.4200
 -38.9600 -13.4200
 -38.9600 -13.3100
 -38.9100 -13.2300
>999 999
 -38.7900 -13.1100
 -38.8000 -13.1600
 -38.7200 -13.1200
 -38.6100 -13.0300
 -38.6300 -12.9500
 -38.6600 -12.9200
 -38.6800 -12.9300
 -38.6700 -12.9900
 -38.7500 -13.0600
 -38.7900 -13.1200
>999 999
 -38.9100 -13.2300
 -38.7500 -12.9100
 -38.7800 -12.8800
 -38.8500 -12.8900
 -38.9700 -12.7200
 -38.8300 -12.8500
 -38.7700 -12.8500
 -38.7400 -12.7000
 -38.6700 -12.6300
 -38.6200 -12.7000
 -38.6100 -12.7600
 -38.5200 -12.7600
 -38.4600 -12.7900
 -38.4900 -12.8500
 -38.4800 -12.9900
 -38.4500 -13.0400
 -38.2900 -12.9300
 -37.9700 -12.5900
 -37.8300 -12.3400
 -37.5900 -12.0500
 -37.5800 -11.9500
 -37.4100 -11.5300
 -37.2900 -11.4200
 -37.1600 -11.2100
 -36.9500 -10.8900
 -36.5500 -10.6200
 -36.3500 -10.5200
 -36.5300 -10.5000
 -36.5600 -10.3400
 -36.7100 -10.3300
 -36.9300 -10.1600
 -36.7000 -10.3500
 -36.5400 -10.3500
 -36.5200 -10.4500
 -36.3500 -10.5000
 -36.3400 -10.5100
 -36.2400 -10.4300
 -36.1700 -10.2800
 -35.9500 -10.0600
 -35.7100  -9.7300
 -35.3900  -9.4100
 -35.1300  -9.0300
 -34.9900  -8.7000
 -34.8900  -8.4000
 -34.8300  -8.1500
 -34.8000  -7.8800
 -34.8500  -7.8900
 -34.7900  -7.8600
 -34.8000  -7.7700
 -34.8400  -7.7700
 -34.8000  -7.5900
 -34.7400  -7.2900
 -34.7500  -7.0900
 -34.8000  -7.0800
 -34.7900  -6.9300
 -34.8800  -6.7600
 -34.9300  -6.4300
 -35.0400  -6.1200
 -35.1200  -5.8700
 -35.0600  -5.8300
 -35.1200  -5.7500
 -35.1500  -5.5400
 -35.2100  -5.4000
 -35.2800  -5.3800
 -35.3500  -5.2300
 -35.4500  -5.1400
 -35.6500  -5.1100
 -35.9900  -5.0300
 -36.1300  -5.1000
 -36.3300  -5.1100
 -36.4500  -5.0600
 -36.5300  -5.0700
 -36.5700  -5.1200
 -36.6200  -5.1400
 -36.6800  -5.1100
 -36.7300  -5.0300
 -36.8600  -4.9700
 -36.9800  -4.9500
 -37.1100  -5.0100
 -37.1500  -4.9600
 -37.2200  -4.9200
 -37.2600  -4.7600
 -37.3200  -4.7000
 -37.4500  -4.6400
 -37.4800  -4.6700
 -37.6000  -4.6000
 -37.7200  -4.4300
 -37.8000  -4.4500
 -37.8900  -4.3900
 -37.8800  -4.3500
 -38.0600  -4.1500
 -38.2400  -3.9400
 -38.3300  -3.9100
 -38.4700  -3.7400
 -38.5500  -3.7300
 -38.6600  -3.7000
 -38.8900  -3.5000
 -38.9700  -3.4100
 -39.0300  -3.4300
 -39.1100  -3.3900
 -39.1900  -3.2900
 -39.6400  -3.0600
 -39.7200  -3.0600
 -40.0800  -2.8700
 -40.3000  -2.8700
 -40.5200  -2.8400
 -40.6000  -2.8900
 -40.7500  -2.9300
 -40.7800  -2.8800
 -40.8800  -2.9400
 -41.0300  -2.9500
 -41.1800  -2.9200
 -41.2300  -2.9500
 -41.1500  -3.0400
 -41.1700  -3.0700
 -41.2300  -3.0500
 -41.2500  -2.9700
 -41.3600  -2.9900
 -41.5700  -2.9300
 -41.8400  -2.7600
 -42.0100  -2.7600
 -41.9600  -2.8500
 -42.0400  -2.8300
>999 999
 -42.0500  -2.8100
 -42.0200  -2.7700
 -42.0400  -2.7300
 -42.1400  -2.7100
 -42.0700  -2.8100
 -42.0500  -2.8100
>999 999
 -42.0400  -2.8300
 -42.0600  -2.8500
 -42.1100  -2.8000
 -42.1400  -2.8400
>999 999
 -42.1500  -2.8200
 -42.1300  -2.7800
 -42.2300  -2.7100
 -42.2700  -2.7300
 -42.2600  -2.7600
 -42.1900  -2.8000
 -42.1500  -2.8200
>999 999
 -42.1400  -2.8400
 -42.2500  -2.8200
 -42.3700  -2.7500
 -42.5900  -2.7200
 -42.6600  -2.7000
 -42.7200  -2.6200
 -42.8400  -2.5900
 -43.1100  -2.4500
 -43.4400  -2.4000
 -43.4400  -2.4400
 -43.4900  -2.4400
 -43.5200  -2.3900
 -43.6000  -2.3800
 -43.6400  -2.2800
 -43.6800  -2.3000
 -43.7500  -2.4700
 -43.9600  -2.6700
 -44.0200  -2.6600
 -44.1100  -2.7900
 -44.1800  -2.8300
 -44.2400  -3.0000
 -44.2400  -2.8300
 -44.3600  -2.8200
>999 999
 -44.3100  -2.7700
 -44.1700  -2.7300
 -44.0400  -2.6100
 -44.0000  -2.4700
 -44.1100  -2.4600
 -44.2300  -2.5200
 -44.3200  -2.5600
 -44.3700  -2.6800
 -44.3900  -2.7900
 -44.3100  -2.7700
>999 999
 -44.3600  -2.8200
 -44.3900  -2.9100
>999 999
 -44.4400  -2.8700
 -44.4600  -2.8200
 -44.4800  -2.8400
 -44.4700  -3.0300
 -44.4400  -3.0500
 -44.4400  -2.8700
>999 999
 -44.3900  -2.9100
 -44.4500  -3.2600
 -44.5400  -2.6300
 -44.4500  -2.5700
 -44.4400  -2.5200
 -44.3600  -2.4700
 -44.3100  -2.3600
 -44.3700  -2.2100
 -44.4600  -2.1700
 -44.5800  -2.1600
 -44.6600  -2.1200
 -44.9000  -2.1500
 -44.8500  -2.0900
 -44.7100  -2.0600
 -44.5600  -2.0800
 -44.4400  -2.1200
 -44.4300  -2.0200
 -44.5800  -1.8500
 -44.7500  -1.8100
 -44.6800  -1.7400
 -44.7900  -1.5100
 -44.8500  -1.4900
 -44.9900  -1.5400
 -45.1800  -1.7100
 -45.1600  -1.6400
 -45.2100  -1.6100
 -45.1100  -1.5800
 -45.1200  -1.5100
 -45.2900  -1.5300
 -45.2700  -1.4500
 -45.3600  -1.4500
 -45.4800  -1.4200
 -45.5300  -1.3300
 -45.6100  -1.2900
 -45.6400  -1.4100
 -45.7100  -1.4900
 -45.6900  -1.3100
 -45.7400  -1.2900
 -45.7200  -1.1700
 -45.8000  -1.1900
 -45.8700  -1.3400
 -45.8700  -1.1300
 -45.9500  -1.0600
 -46.0000  -1.0800
 -46.0800  -1.2700
 -46.0200  -1.1900
 -46.0600  -1.0300
 -46.0100  -0.9400
 -46.1200  -1.0000
 -46.1100  -1.1000
 -46.2000  -1.0000
 -46.3700  -0.9400
 -46.6000  -0.9300
 -46.7700  -0.8700
 -46.8300  -0.7900
 -47.0000  -0.7900
 -47.0300  -0.7200
 -47.1200  -0.7500
 -47.1800  -0.7100
 -47.2000  -0.6500
 -47.3100  -0.6000
 -47.4200  -0.6700
 -47.7700  -0.6100
 -47.9600  -0.7000
 -48.0500  -0.6900
 -48.1300  -0.7900
 -48.0900  -0.8500
 -48.1500  -0.7900
 -48.2500  -0.9900
 -48.2100  -1.0500
 -48.2100  -1.1500
 -48.2600  -1.2100
 -48.3200  -1.0900
 -48.4400  -1.1800
 -48.4300  -1.6600
 -48.5700  -1.7900
 -48.4800  -1.6900
 -48.4900  -1.5600
 -48.6400  -1.4300
 -48.7400  -1.5900
 -48.9200  -1.6300
 -49.1100  -1.8300
 -49.2100  -2.0600
 -49.3900  -2.2800
 -49.4600  -2.7200
 -49.3900  -3.0700
 -49.2900  -3.1500
 -49.3000  -3.4800
 -49.3900  -3.8100
 -49.4400  -4.1700
 -49.3800  -4.5800
 -49.2600  -5.3100
 -49.3800  -4.7300
 -49.4100  -3.9700
 -49.4000  -3.5700
 -49.4100  -3.2900
 -49.4200  -3.0500
 -49.5500  -2.9100
 -49.5000  -2.2900
 -49.4100  -2.1300
 -49.2500  -1.7500
 -49.3600  -1.7600
 -49.5600  -1.8100
 -49.7800  -1.8800
 -49.8000  -2.0100
 -49.8600  -1.8600
 -50.0300  -1.8300
 -50.1700  -1.9000
 -50.2600  -1.8800
 -50.3900  -1.9300
 -50.6600  -1.8300
 -50.7900  -1.9500
 -50.7700  -2.0800
 -50.9300  -2.0200
 -51.0000  -2.0700
 -51.0200  -2.4000
 -51.0800  -2.1700
 -51.0500  -2.0200
 -51.2000  -1.9400
 -51.3700  -1.8500
 -51.5200  -1.9500
 -51.6100  -2.1100
 -51.7000  -2.1500
 -51.7400  -2.3200
 -51.7600  -2.1300
 -51.5800  -1.8800
 -51.3700  -1.6900
 -51.2200  -1.8700
 -51.1200  -1.8100
 -51.0400  -1.9000
 -50.8700  -1.8900
 -50.7400  -1.8700
 -50.7200  -1.7600
 -50.7100  -1.7700
 -50.3400  -1.8200
 -50.6100  -1.5200
>999 999
 -50.1600  -1.8000
 -50.0000  -1.7500
 -49.7700  -1.8000
 -49.4700  -1.6300
 -49.5300  -1.7200
 -49.4400  -1.7300
 -49.3000  -1.6300
 -49.1400  -1.6200
 -48.8200  -1.4800
 -48.6700  -1.1700
 -48.5100  -0.8600
 -48.5000  -0.6800
 -48.4300  -0.5600
 -48.4200  -0.4300
 -48.3600  -0.3200
 -48.4000  -0.2300
 -48.5500  -0.2300
 -48.7700  -0.2600
 -48.8800  -0.1700
 -49.2200  -0.1600
 -49.3400  -0.2600
 -49.6100  -0.2700
>999 999
 -49.6000  -0.2000
 -49.4200  -0.1400
 -49.3200  -0.0200
 -49.4800   0.0500
 -49.6300   0.0300
 -49.8100  -0.1000
 -49.7000  -0.1700
 -49.6000  -0.2000
>999 999
 -49.6100  -0.2700
 -49.9100  -0.2000
 -50.2400  -0.2400
 -50.3400  -0.2700
 -50.3700  -0.3500
 -50.6200  -0.4600
 -50.6500  -0.5600
 -50.5500  -0.6600
 -50.6300  -0.7500
 -50.6300  -1.0500
 -50.6000  -1.5000
 -50.1600  -1.8000
>999 999
 -50.6100  -1.5200
 -50.7000  -1.0100
 -50.7800  -0.8200
 -50.9500  -0.8500
 -50.9100  -0.6400
 -51.0800  -0.7100
 -51.1700  -1.0000
 -51.1800  -1.1400
 -51.3500  -1.2600
 -51.6400  -1.4000
 -51.9000  -1.6300
 -52.1800  -1.6500
 -52.1100  -1.8900
 -52.1100  -2.2500
 -52.4600  -2.7000
 -52.2100  -2.2400
 -52.1200  -2.1900
 -52.1500  -1.9100
 -52.2800  -1.6900
 -52.1900  -1.5500
 -52.6700  -1.6000
 -52.9300  -1.7100
 -53.0000  -1.8200
 -53.5000  -1.9100
 -53.9600  -2.0800
 -54.0600  -2.3400
 -54.4700  -2.4300
 -54.1600  -2.3300
 -54.0100  -2.0700
 -53.7000  -1.8800
 -53.0700  -1.7600
 -52.9700  -1.6300
 -52.3400  -1.5100
 -51.9400  -1.3800
 -51.8800  -1.2400
 -51.8400  -1.2700
>999 999
 -51.9200  -1.4600
 -51.8800  -1.5100
 -51.7000  -1.4000
 -51.6100  -1.3200
 -51.4800  -1.1500
 -51.3000  -0.9500
 -51.2300  -0.6400
 -51.3200  -0.6100
 -51.4900  -0.6500
 -51.6300  -0.8600
 -51.6700  -1.0400
 -51.6500  -1.1600
 -51.8400  -1.2700
>999 999
 -51.7300  -1.0800
 -51.7000  -0.8500
 -51.5200  -0.6500
 -51.4500  -0.5700
 -51.3800  -0.5000
 -51.4100  -0.4300
 -51.1900  -0.1600
 -50.9900  -0.0200
 -50.9100   0.1400
 -50.7500   0.1500
 -50.6800   0.2800
 -50.5600   0.3400
 -50.5200   0.4900
 -50.4400   0.5100
>999 999
 -50.3600   0.4600
 -50.2800   0.4700
 -50.1300   0.3100
 -50.0200   0.2900
 -49.8600   0.1700
 -49.8000   0.0100
 -49.8900  -0.0900
 -50.0400  -0.0100
 -50.1700  -0.0600
 -50.2200  -0.0300
 -50.2200   0.0500
 -50.3600   0.1900
 -50.4600   0.2300
 -50.3600   0.4600
>999 999
 -50.4400   0.5100
 -50.3700   0.6200
 -50.2600   0.6500
 -50.1600   0.7700
 -50.1200   0.8800
 -50.0300   0.8600
 -49.9300   1.0300
 -49.8900   1.1300
 -49.9900   1.1300
 -50.0700   1.1700
 -50.0800   1.2600
 -50.2700   1.2600
 -50.1000   1.2800
 -49.9500   1.2200
 -49.8700   1.3500
 -49.8500   1.4300
 -49.9300   1.5000
 -49.9200   1.6100
 -50.0000   1.7400
 -50.1400   1.7900
 -50.2000   1.7700
 -50.5000   1.8400
>999 999
 -50.4400   1.8800
 -50.3800   1.8700
 -50.3400   1.9300
 -50.2200   2.0000
 -50.3200   2.2400
 -50.5400   2.2200
 -50.5600   2.1600
 -50.5100   2.1100
 -50.4400   1.8800
>999 999
 -50.5000   1.8400
 -50.6300   2.1100
 -50.7700   2.0300
 -50.6500   2.1600
 -50.7100   2.6300
 -50.8200   2.7700
 -50.9600   3.1800
 -50.9300   3.2200
 -51.0100   3.3000
 -50.9500   3.4900
 -51.0200   3.7300
 -50.9900   3.7800
 -51.1100   3.9000
 -51.1300   3.8200
 -51.2100   4.0900
 -51.4900   4.3200
 -51.6100   4.1800
 -51.7400   3.9800
 -51.8500   3.9300
 -52.1000   3.6800
 -52.3800   3.1100
 -52.4700   2.8100
 -52.5800   2.6000
 -52.5300   2.5100
 -52.7600   2.2200
 -52.8800   2.1800
 -52.9400   2.0800
 -53.3600   1.8600
 -53.4400   1.7600
 -53.6400   1.7600
 -53.7600   1.8300
 -53.8500   1.9600
 -54.0200   1.9300
 -54.2300   2.0000
 -54.6400   2.3700
 -54.7000   2.4600
 -54.8400   2.4200
 -54.9100   2.4700
 -54.9600   2.5900
 -55.3000   2.5500
 -55.4500   2.4500
 -55.8500   2.4500
 -56.0000   2.5100
 -56.1200   2.2900
 -55.9700   2.0700
 -55.9300   1.9300
 -55.9700   1.8500
 -56.2400   1.9100
 -56.4700   1.9400
 -56.7400   1.8600
 -57.0200   1.9100
 -57.0800   1.9900
 -57.2100   1.9800
 -57.3100   2.0200
 -57.4600   1.7900
 -57.5600   1.7200
 -57.7300   1.7000
 -57.9500   1.6700
 -58.0000   1.5700
 -58.0700   1.5300
 -58.2900   1.6000
 -58.4800   1.4700
 -58.5000   1.3500
 -58.5800   1.2700
 -58.7300   1.2800
 -58.8000   1.1900
 -58.8800   1.1900
 -58.9400   1.2700
 -59.1600   1.3500
 -59.3800   1.5100
 -59.5000   1.6500
 -59.6800   1.7800
 -59.7400   1.9500
 -59.6800   2.2000
 -59.6700   2.3000
 -59.8400   2.3500
 -59.9300   2.6100
 -59.9600   2.9100
 -59.8700   3.2500
 -59.8000   3.3500
 -59.7900   3.4900
 -59.8500   3.5800
 -59.7500   3.6300
 -59.5200   3.8500
 -59.4400   3.9900
 -59.5800   4.0500
 -59.6000   4.1600
 -59.7400   4.2700
 -59.7100   4.3700
 -59.8700   4.5100
 -60.1100   4.5100
 -60.0500   4.7300
 -59.9900   5.0600
 -60.1000   5.2300
 -60.7700   5.2400
 -60.6000   4.9700
 -60.6500   4.8700
 -60.9000   4.7400
 -61.0000   4.6100
 -61.1000   4.5500
 -61.2700   4.5800
 -61.4000   4.4000
 -61.4000   4.2900
 -61.5000   4.1900
 -61.9000   4.1000
 -62.1100   4.1100
 -62.5200   4.0100
 -62.8700   4.0400
 -62.9700   3.9700
 -63.0300   3.8400
 -63.1300   3.8100
 -63.2600   3.9400
 -63.5600   3.9600
 -63.8400   4.0200
 -64.0200   3.9800
 -64.2500   4.0800
 -64.4600   4.1900
 -64.7300   4.1300
 -64.8200   4.1300
 -64.7600   3.9900
 -64.6000   3.9200
 -64.4300   3.8800
 -64.2800   3.5800
 -64.3000   3.4600
 -64.5300   3.1900
 -64.4800   2.9700
 -64.4500   2.7300
 -64.4800   2.5400
 -64.2600   2.4300
 -64.0900   2.3300
 -63.9600   2.2000
 -63.8100   2.2000
 -63.5900   2.0800
 -63.7200   1.9700
 -63.9700   1.9600
 -64.1300   1.9500
 -64.2600   1.8500
 -64.3200   1.7500
 -64.3300   1.5500
 -64.4900   1.4100
 -64.4900   1.5300
 -64.7400   1.3200
 -65.0200   1.1900
 -65.2700   1.1900
 -65.4300   1.1200
 -65.5900   0.8900
 -65.6800   0.8500
 -66.1000   0.9200
 -66.4200   0.8700
 -66.9000   1.2700
 -67.0600   1.2200
 -67.1200   1.2400
 -67.1200   1.6300
 -67.2100   1.8300
 -67.2900   1.9200
 -67.3600   2.1000
 -67.4800   2.1800
 -67.6200   2.1000
 -67.6600   2.0700
 -67.8200   1.8400
 -67.9600   1.7700
 -68.0800   1.8600
 -68.2100   2.0500
 -68.2600   1.9000
 -68.1900   1.7300
 -69.8400   1.6900
 -69.8300   1.1300
 -69.4200   1.0700
 -69.3200   1.1100
 -69.1600   0.8900
 -69.2000   0.7600
 -69.1200   0.6800
 -69.2800   0.6400
 -69.5300   0.7400
 -70.0200   0.5300
 -70.0600  -0.1800
 -69.6900  -0.4700
 -69.6100  -0.6400
 -69.6400  -0.7400
 -69.4700  -1.0000
 -69.4200  -1.1400
 -69.9400  -4.1000
 -70.0200  -4.2500
 -70.1200  -4.1700
 -70.1500  -4.2400
 -70.2100  -4.2500
 -70.2400  -4.1300
 -70.3600  -4.0600
 -70.6000  -4.1300
 -70.6200  -4.0600
 -70.7900  -4.1200
 -70.8800  -4.2500
 -71.1200  -4.3700
 -71.3700  -4.3900
 -71.5100  -4.4700
 -71.5500  -4.4700
 -71.5900  -4.4400
 -71.8400  -4.4600
 -72.0400  -4.6600
 -72.3100  -4.7600
 -72.4300  -4.8900
 -72.5800  -5.0000
 -72.8200  -5.1200
 -72.7800  -5.2900
 -72.8500  -5.4600
 -72.9100  -5.6700
 -73.1200  -5.8400
 -73.1700  -6.1100
 -73.0300  -6.3000
 -73.0100  -6.4800
 -73.1000  -6.5600
 -73.3100  -6.5400
 -73.6000  -6.6300
 -73.7900  -6.8100
 -73.7300  -6.9700
 -73.7900  -7.1100
 -73.7100  -7.2400
 -73.9300  -7.3300
 -73.9800  -7.5000
 -73.8500  -7.6600
 -73.7000  -7.7400
 -73.7200  -7.8700
 -73.5200  -8.3100
 -73.3500  -8.4300
 -73.3000  -8.6100
 -73.1200  -8.7700
 -72.9900  -8.9400
 -72.9500  -9.0800
 -73.2000  -9.3800
 -72.7000  -9.3900
 -72.3700  -9.5400
 -72.2800  -9.7400
 -72.1900  -9.7900
 -72.1800  -9.9700
 -71.3500  -9.9900
 -70.5700  -9.4700
 -70.5500  -9.7300
 -70.6200  -9.8500
 -70.6600 -10.9300
 -70.4200 -11.0900
 -70.0700 -11.0200
 -69.9200 -10.8800
 -69.5900 -10.9400
 -68.7900 -10.9500
 -68.6900 -11.1500
 -68.5200 -11.0400
 -68.3100 -10.9600
 -68.1100 -10.6600
 -67.8500 -10.5900
 -67.6800 -10.6600
 -67.5100 -10.6200
 -67.2300 -10.2800
 -67.0400 -10.2100
 -66.9000 -10.0200
 -66.5600  -9.8500
 -66.1100  -9.7500
 -65.7700  -9.6900
 -65.4700  -9.6100
 -65.3100  -9.8200
 -65.3200 -10.1800
 -65.4600 -10.3900
 -65.4600 -10.5700
 -65.3600 -10.8400
 -65.2800 -11.0200
 -65.3900 -11.3200
 -65.2400 -11.7900
 -65.1500 -11.8100
 -65.0900 -12.0000
 -64.8300 -12.0800
 -64.5600 -12.2300
 -64.5700 -12.3400
 -64.3500 -12.4800
 -64.0800 -12.5700
 -63.9400 -12.5700
 -63.8900 -12.4900
 -63.7000 -12.4700
 -63.3500 -12.6800
 -63.2500 -12.7000
 -63.1700 -12.6100
 -63.0700 -12.7100
 -62.9800 -12.8300
 -62.7100 -12.9500
 -62.2800 -13.1000
 -62.1600 -13.0900
 -61.8600 -13.5000
 -61.3800 -13.5000
 -61.0300 -13.4700
 -60.8800 -13.6300
 -60.5400 -13.7500
 -60.4600 -13.9000
 -60.4700 -14.3800
 -60.3600 -14.5800
 -60.2600 -14.6400
 -60.2700 -15.0600
 -60.6300 -15.0600
 -60.2000 -16.2400
 -58.5100 -16.3500
 -58.3900 -16.2800
 -58.4100 -16.5700
 -58.4300 -17.0500
 -58.4000 -17.2900
 -57.9100 -17.5300
 -57.7100 -17.7200
 -57.6800 -17.9500
 -57.5800 -18.1000
 -57.7800 -18.9800
 -58.1000 -19.6700
 -58.1300 -19.7700
 -57.9900 -19.9400
 -57.9700 -20.0600
 -58.1700 -20.1300
 -58.1900 -20.2500
 -58.0700 -20.3800
 -58.0100 -20.6400
 -57.9400 -20.6700
 -57.8400 -20.9300
 -57.9100 -21.2300
 -57.9000 -21.3100
 -58.0000 -21.4400
 -58.1200 -22.0300
 -57.8900 -22.1400
 -57.7600 -22.0900
 -57.6600 -22.0900
 -57.6200 -22.1500
 -57.3400 -22.2400
 -56.8000 -22.2900
 -56.5700 -22.2200
 -56.4300 -22.1100
 -56.3200 -22.2100
 -56.0700 -22.2800
 -55.8800 -22.3500
 -55.7400 -22.5200
 -55.6400 -22.6600
 -55.7100 -22.9200
 -55.7000 -23.0300
 -55.5900 -23.1400
 -55.5700 -23.2500
 -55.6000 -23.4900
 -55.5200 -23.7000
 -55.4700 -23.9000
 -55.3500 -23.9800
 -55.0900 -24.0000
 -54.9400 -23.9800
 -54.8200 -23.9200
 -54.7100 -23.8500
 -54.4800 -23.8900
 -54.3300 -24.0900
 -54.4100 -24.2000
 -54.3500 -24.4400
 -54.4000 -24.7400
 -54.5000 -24.9300
 -54.5200 -25.1900
 -54.6700 -25.4600
 -54.6800 -25.7000
 -54.4900 -25.7200
 -54.4000 -25.6300
 -54.2700 -25.6200
 -54.1700 -25.5500
 -54.1800 -25.6200
 -54.0300 -25.6100
 -53.9300 -25.7000
 -53.8600 -25.9900
 -53.7200 -26.1100
 -53.6900 -26.2500
 -53.7700 -26.4400
 -53.7800 -26.7800
 -53.7300 -26.9200
 -53.8600 -27.1500
 -54.0400 -27.1900
 -54.1200 -27.2800
 -54.2300 -27.3000
 -54.3000 -27.4200
 -54.6300 -27.4900
 -54.7800 -27.5900
 -54.8600 -27.5500
 -54.9400 -27.6700
 -54.9400 -27.7500
 -55.4500 -27.9800
 -55.4900 -28.0900
 -55.6800 -28.1500
 -55.8300 -28.2800
 -55.7400 -28.3200
 -55.7100 -28.3800
 -55.7600 -28.4500
 -55.8400 -28.3900
 -55.9500 -28.4000
 -55.9300 -28.4900
 -56.0700 -28.5400
 -56.2600 -28.7700
 -56.3500 -28.7900
 -56.3500 -28.8700
 -56.5200 -29.1100
 -56.6500 -29.1300
 -56.8300 -29.4200
 -57.1000 -29.7500
 -57.2800 -29.8000
 -57.3800 -29.9900
 -57.5100 -30.1400
 -57.6300 -30.1800
 -57.6500 -30.2700
 -57.4200 -30.2900
 -57.2500 -30.2800
 -57.1300 -30.1300
 -56.9100 -30.0600
 -56.6400 -30.2700
 -56.3300 -30.5400
 -56.1500 -30.8500
 -56.1400 -31.0000
 -56.0600 -31.0800
 -55.8800 -31.0400
 -55.7200 -30.9400
 -55.6000 -30.8900
 -55.4600 -30.9700
 -55.1800 -31.3000
 -55.0300 -31.3100
 -54.7900 -31.4200
 -54.6100 -31.4500
 -54.4800 -31.6400
 -54.2600 -31.8300
 -54.0300 -31.9500
 -53.8400 -32.1000
 -53.6600 -32.4200
 -53.4800 -32.5700
 -53.2500 -32.6800
 -53.0400 -32.5500
 -52.8700 -32.4600
 -52.9100 -32.4000
 -52.6300 -32.1800
 -52.6800 -32.3800
 -52.6400 -32.6000
 -52.7500 -32.8400
 -52.9100 -32.9300
 -53.0500 -32.8300
 -53.0400 -32.7600
 -53.1400 -32.8500
 -53.1800 -32.8300
 -53.2400 -33.0500
 -53.3500 -33.1300
 -53.3800 -33.0900
 -53.5200 -33.2700
 -53.4700 -33.5400
 -53.5600 -33.5700
 -53.6300 -33.5400
 -53.6200 -33.3300
 -53.7000 -33.2100
 -53.5900 -33.0400
 -53.5600 -32.9400
 -53.4300 -32.9400
 -53.3500 -32.8400
 -53.3800 -32.7900
 -53.2600 -32.6800
>999 999
 -53.6300 -33.5400
 -53.5100 -33.8700
>999 999
