-49.995998 -3.477000
-49.935001 -3.511000
-49.855000 -3.510000
-49.855000 -3.510000
-49.769001 -3.421000
-49.736000 -3.290000
-49.703999 -3.136000
-49.659000 -3.167000
-49.645000 -3.266000
-49.634998 -3.419000
-49.622002 -3.499000
-49.578999 -3.578000
-49.493000 -3.605000
-49.422001 -3.590000
-49.338001 -3.572000
-49.257999 -3.584000
-49.220001 -3.605000
-49.202999 -3.670000
-49.195999 -3.744000
-49.207001 -3.829000
-49.234001 -3.926000
-49.254002 -4.018000
-49.262001 -4.098000
-49.237999 -4.181000
-49.167000 -4.280000
-49.112999 -4.360000
-49.090000 -4.426000
-49.083000 -4.533000
-49.085999 -4.622000
-49.082001 -4.713000
-49.063000 -4.782000
-49.062000 -4.820000
-49.060001 -4.909000
-49.030998 -4.992000
-48.993999 -5.060000
-48.919998 -5.109000
-48.868999 -5.135000
-48.841999 -5.191000
-48.801998 -5.218000
-48.776001 -5.300000
-48.766998 -5.344000
-48.745998 -5.400000
-48.733002 -5.441000
-48.657001 -5.432000
-48.590000 -5.424000
-48.536999 -5.423000
-48.467999 -5.426000
-48.452999 -5.523000
-48.443001 -5.642000
-48.442001 -5.768000
-48.429001 -5.892000
-48.403999 -5.998000
-48.412998 -6.175000
-48.416000 -6.314000
-48.423000 -6.470000
-48.428001 -6.592000
-48.429001 -6.711000
-48.416000 -6.808000
-48.409000 -6.899000
-48.410999 -6.984000
-48.439999 -7.069000
-48.471001 -7.141000
-48.493999 -7.212000
-48.490002 -7.276000
-48.477001 -7.332000
-48.478001 -7.390000
-48.509998 -7.495000
-48.535000 -7.576000
-48.575001 -7.592000
-48.615002 -7.518000
-48.636002 -7.433000
-48.671001 -7.423000
-48.682999 -7.508000
-48.675999 -7.576000
-48.668999 -7.642000
-48.660999 -7.712000
-48.648998 -7.753000
-48.667000 -7.808000
-48.658001 -7.883000
-48.646999 -7.973000
-48.654999 -8.050000
-48.624001 -8.110000
-48.577000 -8.159000
-48.556000 -8.194000
-48.584000 -8.254000
-48.574001 -8.309000
-48.578999 -8.363000
-48.541000 -8.416000
-48.568001 -8.457000
-48.570000 -8.509000
-48.562000 -8.551000
-48.598000 -8.642000
-48.627998 -8.718000
-48.639000 -8.814000
-48.643002 -8.915000
-48.654999 -9.005000
-48.674999 -9.105000
-48.724998 -9.143000
-48.773998 -9.095000
-48.797001 -8.973000
-48.794998 -8.866000
-48.817001 -8.788000
-48.855999 -8.776000
-48.891998 -8.802000
-48.923000 -8.912000
-48.950001 -9.014000
-48.967999 -9.130000
-48.960999 -9.177000
-48.923000 -9.184000
-48.897999 -9.214000
-48.896000 -9.280000
-48.889999 -9.414000
-48.869999 -9.483000
-48.838001 -9.588000
-48.810001 -9.669000
-48.775002 -9.746000
-48.764999 -9.857000
-48.750000 -9.922000
-48.733002 -10.004000
-48.681000 -10.088000
-48.710999 -10.146000
-48.662998 -10.224000
-48.622002 -10.314000
-48.580002 -10.355000
-48.585999 -10.393000
-48.618999 -10.435000
-48.616001 -10.510000
-48.569000 -10.547000
-48.530998 -10.567000
-48.513000 -10.592000
-48.532001 -10.641000
-48.521999 -10.660000
-48.471001 -10.654000
-48.407001 -10.636000
-48.382000 -10.674000
-48.339001 -10.681000
-48.291000 -10.611000
-48.258999 -10.581000
-48.258999 -10.447000
-48.280998 -10.338000
-48.292000 -10.245000
-48.310001 -10.128000
-48.290001 -10.096000
-48.264999 -10.100000
-48.240002 -10.146000
-48.213001 -10.213000
-48.181999 -10.286000
-48.178001 -10.358000
-48.180000 -10.444000
-48.172001 -10.523000
-48.139000 -10.593000
-48.125999 -10.695000
-48.126999 -10.797000
-48.118999 -10.872000
-48.056999 -10.957000
-48.005001 -11.023000
-47.967999 -11.122000
-47.931000 -11.223000
-47.870998 -11.269000
-47.808998 -11.293000
-47.768002 -11.273000
-47.727001 -11.275000
-47.688000 -11.287000
-47.629002 -11.253000
-47.625999 -11.202000
-47.640999 -11.092000
-47.665001 -11.021000
-47.667999 -10.990000
-47.638000 -10.980000
-47.595001 -11.009000
-47.509998 -11.036000
-47.414001 -11.048000
-47.342999 -11.077000
-47.271999 -11.106000
-47.201000 -11.169000
-47.160999 -11.205000
-47.129002 -11.240000
-47.138000 -11.291000
-47.112000 -11.388000
-47.047001 -11.416000
-46.945000 -11.416000
-46.882000 -11.402000
-46.791000 -11.376000
-46.689999 -11.348000
-46.601002 -11.320000
-46.433998 -11.311000
-46.242001 -11.294000
-46.087002 -11.287000
-45.853001 -11.251000
-45.645000 -11.218000
-45.465000 -11.162000
-45.384998 -11.106000
-45.310001 -11.028000
-45.257999 -10.910000
-45.227001 -10.835000
-45.175999 -10.699000
-45.138000 -10.626000
-45.074001 -10.509000
-45.008999 -10.420000
-44.910000 -10.342000
-44.844002 -10.279000
-44.784000 -10.214000
-44.682999 -10.196000
-44.549999 -10.176000
-44.437000 -10.132000
-44.356998 -10.085000
-44.353001 -10.085000
-44.270000 -9.992000
-44.174000 -9.918000
-44.054001 -9.834000
-43.941002 -9.770000
-43.820000 -9.702000
-43.707001 -9.664000
-43.581001 -9.605000
-43.506001 -9.553000
-43.432999 -9.505000
-43.407001 -9.449000
-43.394001 -9.387000
-43.382000 -9.341000
-43.339001 -9.267000
-43.234001 -9.193000
-43.158001 -9.157000
-43.102001 -9.119000
-43.047001 -9.077000
-43.007000 -9.028000
-42.971001 -8.961000
-42.921001 -8.928000
-42.855000 -8.909000
-42.813000 -8.835000
-42.787998 -8.779000
-42.679001 -8.763000
-42.612000 -8.756000
-42.525002 -8.710000
-42.438999 -8.654000
-42.383999 -8.602000
-42.355000 -8.543000
-42.216000 -8.497000
-42.134998 -8.474000
-42.046001 -8.443000
-41.945999 -8.400000
-41.869999 -8.347000
-41.772999 -8.229000
-41.717999 -8.159000
-41.632000 -8.099000
-41.530998 -8.030000
-41.417000 -7.975000
-41.327000 -7.906000
-41.237999 -7.754000
-41.157001 -7.671000
-41.105000 -7.608000
-41.060001 -7.528000
-41.021000 -7.474000
-41.000000 -7.411000
-40.969002 -7.346000
-40.945000 -7.295000
-40.936001 -7.248000
-40.910999 -7.188000
-40.877998 -7.115000
-40.862999 -7.045000
-40.867001 -6.988000
-40.866001 -6.930000
-40.852001 -6.831000
-40.828999 -6.772000
-40.775002 -6.747000
-40.712002 -6.780000
-40.675999 -6.789000
-40.652000 -6.775000
-40.591000 -6.751000
-40.529999 -6.697000
-40.529999 -6.638000
-40.560001 -6.594000
-40.577999 -6.542000
-40.603001 -6.509000
-40.659000 -6.492000
-40.682999 -6.521000
-40.710999 -6.545000
-40.734001 -6.546000
-40.777000 -6.503000
-40.791000 -6.426000
-40.804001 -6.347000
-40.806999 -6.296000
-40.769001 -6.218000
-40.787998 -6.137000
-40.820000 -6.062000
-40.839001 -5.962000
-40.873001 -5.922000
-40.893002 -5.873000
-40.879002 -5.810000
-40.869999 -5.736000
-40.874001 -5.703000
-40.900002 -5.657000
-40.908001 -5.579000
-40.916000 -5.480000
-40.907001 -5.411000
-40.877998 -5.345000
-40.858002 -5.275000
-40.869999 -5.226000
-40.881001 -5.189000
-40.908001 -5.145000
-40.911999 -5.099000
-40.930000 -5.035000
-40.918999 -4.985000
-40.887001 -4.943000
-40.862000 -4.901000
-40.860001 -4.839000
-40.848000 -4.771000
-40.820999 -4.660000
-40.804001 -4.553000
-40.777000 -4.479000
-40.748001 -4.370000
-40.710999 -4.300000
-40.665001 -4.233000
-40.703999 -4.140000
-40.738998 -4.071000
-40.776001 -4.008000
-40.810001 -3.919000
-40.819000 -3.839000
-40.855999 -3.773000
-40.880001 -3.746000
-40.910999 -3.647000
-40.939999 -3.611000
-41.007999 -3.581000
-41.056999 -3.561000
-41.091000 -3.496000
-41.129002 -3.438000
-41.198002 -3.378000
-41.229000 -3.346000
-41.265999 -3.336000
-41.327999 -3.343000
-41.347000 -3.298000
-41.373001 -3.259000
-41.432999 -3.255000
-41.487999 -3.257000
-41.539001 -3.252000
-41.574001 -3.248000
-41.627998 -3.204000
-41.719002 -3.181000
-41.796001 -3.149000
-41.861000 -3.099000
-41.903000 -3.052000
-41.834000 -2.981000
-41.783001 -2.923000
-42.139999 -2.840000
-42.250000 -2.820000
-42.369999 -2.750000
-42.590000 -2.720000
-42.660000 -2.700000
-42.720001 -2.620000
-42.840000 -2.590000
-43.110001 -2.450000
-43.439999 -2.400000
-43.439999 -2.440000
-43.490002 -2.440000
-43.520000 -2.390000
-43.599998 -2.380000
-43.639999 -2.280000
-43.680000 -2.300000
-43.750000 -2.470000
-43.959999 -2.670000
-44.020000 -2.660000
-44.110001 -2.790000
-44.180000 -2.830000
-44.240002 -3.000000
-44.240002 -2.830000
-44.360001 -2.820000
-44.389999 -2.910000
-44.450001 -3.260000
-44.540001 -2.630000
-44.450001 -2.570000
-44.439999 -2.520000
-44.360001 -2.470000
-44.310001 -2.360000
-44.369999 -2.210000
-44.459999 -2.170000
-44.580002 -2.160000
-44.660000 -2.120000
-44.900002 -2.150000
-44.849998 -2.090000
-44.709999 -2.060000
-44.560001 -2.080000
-44.439999 -2.120000
-44.430000 -2.020000
-44.580002 -1.850000
-44.750000 -1.810000
-44.680000 -1.740000
-44.790001 -1.510000
-44.849998 -1.490000
-44.990002 -1.540000
-45.180000 -1.710000
-45.160000 -1.640000
-45.209999 -1.610000
-45.110001 -1.580000
-45.119999 -1.510000
-45.290001 -1.530000
-45.270000 -1.450000
-45.360001 -1.450000
-45.480000 -1.420000
-45.529999 -1.330000
-45.610001 -1.290000
-45.639999 -1.410000
-45.709999 -1.490000
-45.689999 -1.310000
-45.740002 -1.290000
-45.720001 -1.170000
-45.799999 -1.190000
-45.869999 -1.340000
-45.869999 -1.130000
-45.950001 -1.060000
-46.000000 -1.080000
-46.080002 -1.270000
-46.020000 -1.190000
-46.060001 -1.030000
-46.009998 -0.940000
-46.119999 -1.000000
-46.110001 -1.100000
-46.200001 -1.000000
-46.369999 -0.940000
-46.599998 -0.930000
-46.770000 -0.870000
-46.830002 -0.790000
-47.000000 -0.790000
-47.029999 -0.720000
-47.119999 -0.750000
-47.180000 -0.710000
-47.200001 -0.650000
-47.310001 -0.600000
-47.419998 -0.670000
-47.770000 -0.610000
-47.959999 -0.700000
-48.049999 -0.690000
-48.130001 -0.790000
-48.090000 -0.850000
-48.150002 -0.790000
-48.250000 -0.990000
-48.209999 -1.050000
-48.209999 -1.150000
-48.259998 -1.210000
-48.320000 -1.090000
-48.439999 -1.180000
-48.430000 -1.660000
-48.570000 -1.790000
-48.480000 -1.690000
-48.490002 -1.560000
-48.639999 -1.430000
-48.740002 -1.590000
-48.919998 -1.630000
-49.110001 -1.830000
-49.209999 -2.060000
-49.389999 -2.280000
-49.459999 -2.720000

