-34.73547507028734 -13.53601771413844
-35.49150371275889 -12.96225170706685
-39.03548975508706 -12.99569020799384
-39.0440261284252 -12.9959889091255
-39.07712087131286 -13.02163678032586
-39.08458780882705 -13.04640261584306
-39.10754919054386 -13.10441462374428
-39.13120312258283 -13.14612122315538
-39.13782488472366 -13.18722063627667
-39.14520728883343 -13.21200113649644
-39.1518319656138 -13.25309684973716
-39.14955464171986 -13.30203798086766
-39.15663233600514 -13.33496584770144
-39.16310831771355 -13.38419483881047
-39.1781910770238 -13.43373473808764
-39.19393719187453 -13.46697400597406
-39.20870883027176 -13.52467972020177
-39.22414334736167 -13.56608310392869
-39.23137389155129 -13.59901942302986
-39.2386070825099 -13.63195805238397
-39.23730223855932 -13.66457973181996
-39.23534480113872 -13.71351228520738
-39.24290800687884 -13.73830005227736
-39.24062475810049 -13.79538964342834
-39.23997222737927 -13.81170103571411
-39.2300744445432 -13.84399249924254
-39.20330184048719 -13.86746708063081
-39.16785138483126 -13.89877011907752
-39.14946812906955 -13.93072051097451
-39.13050755662664 -13.97897732905416
-39.12925142437704 -14.01159140825135
-39.12799528188474 -14.04420644559736
-39.15239061170241 -14.07783418017966
-39.16003080046914 -14.10264088408916
-39.16650527081782 -14.16008778816098
-39.1822118932046 -14.20157790325291
-39.18969987977543 -14.23458181575059
-39.14546994633355 -14.27368449260554
-39.15322407638648 -14.29852895704922
-39.17813610554251 -14.32407254939763
-39.1767905163699 -14.36492409119205
-39.1419129256571 -14.37985271805236
-39.11563084811864 -14.39513350855458
-39.1488770292946 -14.42922527897362
-39.18237761606307 -14.45514531743675
-39.18986969369392 -14.48818692270716
-39.1621987574779 -14.54433595793744
-39.16192455741098 -14.55250939887953
-39.16941545878761 -14.58556347860004
-39.22150226453623 -14.5713497225694
-39.25560581114193 -14.5809455044735
-39.27172136354158 -14.61436957483902
-39.26177605835016 -14.65491270099396
-39.22657016066883 -14.67802025660801
-39.19164387682731 -14.69294049715251
-39.15645844063585 -14.71603293347454
-39.13818885950938 -14.74802378395406
-35.50225543743954 -14.71081961406081
-34.73547507028734 -13.53601771413844