-35.68280544446734 -19.48971229881901
-35.67006698419439 -19.47643486216664
-35.64459324746219 -19.44987294368067
-35.6327099614774 -19.42397322430626
-35.6076705285337 -19.39108900438951
-35.59622315642299 -19.35887439429571
-35.58435173387027 -19.33296512908692
-35.57248316396452 -19.30705367548379
-35.57377090177003 -19.28813350228056
-35.55511612548565 -19.26187553267116
-35.53775786657781 -19.21669304842449
-35.52083979266426 -19.16520074283313
-35.50306678824803 -19.12631552256345
-35.49122179664508 -19.1003892845904
-35.47346052340907 -19.06149585243354
-35.4620575803183 -19.02925974556694
-35.45700982639722 -19.00368509916332
-35.44513873211038 -18.97775538697769
-35.43356018718635 -18.94553303842162
-35.42158526699129 -18.91960608680844
-35.40362602641507 -18.88070668913522
-35.40004326096311 -18.82992840011154
-35.39486074522991 -18.8043537991365
-35.38249475805488 -18.78470922875957
-35.37892000903089 -18.73392048932111
-35.37374203400012 -18.70833827019013
-35.36338978452466 -18.65716830916212
-35.36579843312453 -18.61935216828622
-35.36182947376295 -18.57485521578354
-35.36303372690842 -18.55594727970729
-35.3518895597876 -18.51736845452946
-35.35389743362206 -18.48585352460402
-35.34953266894039 -18.44765212292513
-35.34396398175463 -18.42835767130232
-35.34677574045947 -18.38423604468145
-35.34838184839303 -18.35902434821962
-35.35119140689093 -18.31490457269256
-35.35359795860286 -18.27708902345598
-35.34803476150886 -18.25778915536858
-35.3489412478479 -18.23247927651952
-35.35082848144363 -18.20094127002822
-35.35271528585344 -18.16940169360649
-35.3485399537303 -18.12483692999417
-35.34287297891505 -18.10550449155988
-35.34508366655935 -18.06763612062004
-35.34582084788271 -18.05501233427738
-35.33448941179591 -18.01633040647836
-35.3359638014836 -17.99107730596504
-35.33066818020318 -17.96541580902822
-35.33251151022376 -17.93384411903209
-35.33398586384965 -17.90858463036475
-35.33546001649511 -17.88332369045507
-35.33164094680618 -17.83238464741867
-35.33274623252035 -17.81343480233494
-35.33458809062412 -17.78184967670784
-35.3446647776119 -17.72540758009889
-35.34503265623651 -17.71908978719302
-35.35471421991191 -17.66895525168237
-35.36322348950047 -17.63775182530782
-35.36497796541602 -17.60612750659621
-35.36532873522395 -17.59980212684857
-40.12597368658529 -17.68382810699493
-40.13075186119263 -17.73426520239342
-40.13714723416683 -17.74073419362301
-40.17668115683264 -17.74813894405538
-40.20273924898661 -17.76144829937379
-40.22811996611224 -17.79360348658302
-40.23315604173778 -17.83776418237399
-40.23933384374035 -17.85051457056909
-40.23819404738988 -17.88192269040744
-40.25787312990023 -17.88876559691768
-40.29151048777212 -17.87713197520115
-40.31851267056856 -17.86530554996502
-40.34597565775658 -17.84090163215663
-40.38610464415886 -17.83568169859688
-40.43954880996435 -17.83080304948961
-40.47328052467312 -17.81909449812329
-40.5269855807508 -17.80789375085131
-40.56693130619292 -17.80892199568943
-40.62664451600983 -17.81674562525241
-40.64617594160488 -17.82984386360986
-40.67146748943614 -17.8682940672322
-40.69055812073118 -17.89398289409514
-40.70275999289175 -17.92579799182715
-40.71496589724453 -17.95761183440193
-40.71406018071289 -17.98279006708658
-40.71315433913456 -18.00796595798976
-40.71247509527534 -18.02684632076982
-40.69132622907849 -18.0577935373248
-40.67040339686496 -18.08243945199433
-40.63705245303447 -18.08156707047581
-40.58393827358459 -18.07387063407818
-40.56395476009845 -18.07333567411099
-40.53068565005594 -18.07243192433791
-40.49055067200216 -18.07762422282136
-40.46328081860947 -18.09574154553984
-40.43623329787533 -18.10756888003198
-35.74097793717853 -19.53681911922987
-35.68280544446734 -19.48971229881901