-37.43013983330512 -11.38375412320314
-37.44635013792059 -11.39260500304361
-37.46999392234194 -11.41817163355091
-37.50152770728027 -11.45225138201116
-37.52433519577414 -11.49413177818362
-37.54759165458558 -11.52782240087262
-37.55460938659319 -11.55268529521266
-37.57742988689838 -11.59454702638263
-37.59279314146359 -11.61972554003863
-37.61606144874214 -11.65340051839756
-37.63889302460114 -11.69524593758604
-37.67007531706614 -11.73740932004029
-37.67707500025762 -11.76227282117647
-37.70778893262374 -11.81262407515857
-37.72271861451132 -11.8459546413911
-37.74601665223353 -11.87959333935169
-37.75965457733877 -11.93739016002797
-37.79049227145931 -11.98762636060734
-37.80508943661729 -12.02902541372864
-37.84437206591966 -12.07952669970282
-37.85147228853075 -12.10429074678784
-37.88284104124447 -12.14630830237705
-37.92139888203284 -12.21304211941964
-37.95287951771856 -12.25500382454819
-37.97639960682948 -12.28850923332441
-37.99949659530999 -12.33016390776163
-38.02342866954029 -12.35553725351988
-38.04695418368892 -12.38905056688824
-38.0780570150559 -12.43916068980872
-38.0940262222925 -12.45607604535024
-38.12531223264883 -12.50611491423535
-38.15742859379682 -12.53988473384426
-38.18034860275863 -12.5896095682592
-38.21326115957169 -12.6071294855787
-38.22850287390616 -12.64030281134097
-38.24360592183846 -12.67352505185032
-38.29183652751257 -12.71620474683183
-38.33194213343541 -12.75847427240561
-38.38101562264533 -12.79289534175955
-38.40487953654676 -12.82634824864749
-38.41259013631829 -12.84291892235341
-38.44529220475093 -12.86856380311051
-38.46918440691817 -12.90202713428432
-38.51074282759656 -12.91986221036258
-38.55355624541866 -12.91326780052372
-38.60486188345907 -12.90697250741033
-38.6067988503207 -12.86626508111565
-38.5752350337408 -12.80814220652291
-38.55901247044131 -12.79930237960379
-38.56137753478919 -12.7504403797006
-38.58724752255596 -12.73515341869811
-38.62964089446861 -12.73665528723701
-38.66239495612993 -12.7622949922713
-38.68590651113694 -12.8039287859406
-38.68433993512317 -12.84456937308439
-38.68319478544812 -12.86900303584378
-38.68977440521176 -12.91002836683427
-38.68786897548573 -12.95074451011591
-38.7381028426971 -12.9688656866156
-35.48367601048855 -12.95374363174811
-37.43013983330512 -11.38375412320314