-31.53942979292665 -8.429421238427876
-31.47944897011083 -7.055392564235675
-31.82246778215765 -5.475364120309532
-32.46075297023607 -3.574287372584653
-35.84395379384288 -5.498414499962266
-35.74930469879867 -5.552381492866182
-35.72748034352382 -5.565866461721548
-35.6627222588501 -5.592268217037085
-35.61917835981107 -5.619160731889912
-35.57597151303587 -5.639043947077777
-35.56127378756639 -5.652647829400821
-35.54568486333837 -5.687175899096368
-35.53715899611614 -5.721863244592432
-35.5362771050359 -5.742775504544849
-35.52746782762736 -5.784409714335723
-35.51836619892895 -5.832995842006962
-35.50310455049037 -5.860487492935658
-35.46701553415777 -5.880451262925834
-35.44560283180055 -5.88685539896861
-35.45792380249188 -5.928990743993059
-35.47083124270771 -5.957202509366288
-35.48432572999555 -5.971495814084141
-35.51219881219836 -5.979206714626645
-35.5544610148558 -5.980333008489472
-35.59673889044115 -5.981456696010023
-35.62522754081888 -5.975241676494481
-35.65372364590279 -5.969023397690282
-35.74601737234596 -5.957500686710964
-35.77424810100972 -5.95823841533042
-35.77982303469437 -5.993259469780007
-35.72835036762448 -6.040709533612931
-35.66398632903687 -6.059903237965328
-35.62109858908049 -6.072687892321085
-35.59966139672295 -6.07907646421244
-35.56443241457492 -6.078126041124999
-35.46731495637874 -6.040683666034862
-35.41864197657942 -6.02543894214157
-35.41660713922571 -6.074103010400928
-35.41515378714066 -6.108853369595555
-35.40724812059379 -6.12950563405062
-35.39114937663534 -6.177743051095137
-35.38353680857806 -6.191437109302993
-35.35367451328937 -6.232307927756209
-35.30332212633507 -6.258679449905929
-35.27406503016715 -6.285632126705937
-35.26588540908678 -6.313176589830458
-35.27203633432275 -6.33418668369779
-35.31972984366643 -6.370290759429071
-35.34724359794583 -6.384975920069587
-35.33962423292707 -6.398647060049512
-35.30331340069147 -6.42536953699496
-35.29540281481075 -6.445965066068275
-35.2867211984542 -6.487304646875851
-35.2853883210589 -6.521900116390831
-35.28405523126556 -6.556491056527232
-35.27546017470639 -6.597775029821635
-35.27466020106424 -6.618523785644411
-35.26659865675298 -6.645966162948364
-35.24454822239628 -6.672963148569745
-35.23702090524147 -6.686569620350568
-35.21444033332994 -6.727381196415372
-35.19912154776223 -6.761493101919003
-35.19832152541122 -6.78222432693248
-35.19672191052243 -6.823681874186929
-35.20910832841348 -6.865581736790476
-35.2354834767271 -6.907926948043601
-35.24893907204169 -6.922191367806268
-35.28957869886163 -6.95807662146668
-35.33749214764008 -6.987278860347543
-35.37195189432634 -7.002216450732298
-35.37841787925046 -7.016255353947504
-35.37021516783837 -7.050546340847468
-35.3266674109744 -7.097492621130855
-35.28355983463603 -7.130628970292023
-35.24810450738909 -7.143288160120569
-35.22663814144142 -7.156401991170792
-35.1904814701328 -7.189750895189782
-35.18979497885737 -7.210447809728771
-35.19519541664256 -7.258973469405302
-35.20059789213639 -7.307503174032809
-35.18498477890265 -7.355336841635512
-35.14904022000921 -7.38176497086361
-35.09884801154225 -7.414611813783036
-35.0829900713314 -7.469325472409207
-35.0743660405007 -7.517376390210918
-35.07390360805611 -7.531173437696608
-35.08722342519892 -7.552348104422135
-35.08629921250161 -7.579944309662963
-35.08514354595449 -7.614440200314649
-35.08375654183563 -7.655836369803977
-35.08260040025564 -7.690333968093377
-35.08823782576053 -7.731978287501436
-35.10816143423743 -7.767219805111528
-35.11452862017073 -7.788176415099104
-35.11409723531099 -7.801985518371035
-35.11258678267532 -7.850321482902692
-35.08322018422557 -7.890767754215703
-35.05341495799408 -7.945020509448489
-35.03062104779904 -7.999519978248086
-35.0157129275453 -8.026643338476944
-35.01483933221488 -8.054270868672354
-35.01396522096114 -8.081900372410628
-35.0130913708046 -8.109531702238025
-35.01814557503946 -8.171964696120007
-35.01749025775832 -8.192693174768118
-35.03746858493467 -8.228012380248135
-35.0570197402018 -8.277162461897214
-35.09085572801391 -8.319926247710965
-35.0899888545483 -8.347581513769795
-35.09618147010643 -8.375512504643545
-35.1140769306266 -8.487092497167984
-35.12020558760039 -8.522045592339502
-35.11929497749964 -8.55674451421705
-35.12503293287434 -8.605584628938701
-35.12394630136102 -8.647252418577494
-35.12267791152971 -8.695880426546724
-35.12159008984565 -8.737574958210198
-35.12086458664562 -8.765378148299025
-32.00936110969146 -10.20540860842421
-31.53942979292665 -8.429421238427876