-42.0658658896462 -22.99092161510266
-42.13851800978282 -22.98028048311028
-42.21115809435664 -22.96958413210675
-42.37027620914093 -22.96199497655834
-42.48559277214336 -22.96609747223821
-42.54325334027036 -22.96809118993641
-42.61479466737178 -22.98399922552037
-42.7445487712409 -22.98828662552987
-42.86042265933843 -22.97848584766512
-42.93252423411661 -22.98069861831489
-43.01957628291002 -22.9698076133912
-43.19315797212056 -22.96143850237966
-43.29407257536575 -22.96453347700533
-43.35177922150033 -22.96610902292428
-43.40855336551 -22.99438556430563
-43.46531314007394 -23.02276256280097
-43.50811505154634 -23.0373834736014
-43.59419271678363 -23.05321294638198
-43.65210375980261 -23.05422928661345
-43.73845353852487 -23.06936473948507
-43.85278030024084 -23.09972326311834
-43.92648616110902 -23.07332383415058
-43.9869600516075 -22.99416421668211
-44.04694848039134 -22.92836428334282
-44.07628754158829 -22.91554995270924
-44.13453510549058 -22.90330704923034
-44.23531913778552 -22.91869124341396
-44.34978572634616 -22.96109155625434
-44.40724968016607 -22.97555969588109
-44.46472843460337 -22.99000798865763
-44.53606100333892 -23.03124810733364
-44.63672062242519 -23.05967093501293
-44.69350002421603 -23.10084962380931
-44.70646555660212 -23.15467523005237
-44.67596061171476 -23.2077563236382
-44.61722115923068 -23.23353849960428
-44.57069353970935 -23.31409669382775
-44.58395820340457 -23.35457481865132
-44.62588878881309 -23.40886273835722
-44.72797855809561 -23.42278200975424
-44.93165393075691 -23.42550275621419
-45.07732108330746 -23.42717700908192
-45.13566242106653 -23.42775394434857
-45.19339193875515 -23.45502827538473
-45.29437836423546 -23.50937163886668
-45.33629117610438 -23.59001076324719
-45.40739011259462 -23.67097705813518
-45.40663518572872 -23.69783438170169
-45.43343872166789 -23.79189853711273
-45.47598854351604 -23.84583786037782
-45.50533983332154 -23.84602950240699
-45.59306129888957 -23.85998605571029
-45.72530552546022 -23.86068458118473
-45.85884953558615 -23.82086737480216
-45.91825495351142 -23.79430370420935
-46.0208573085977 -23.80810631973676
-46.04944213579994 -23.8483983174637
-46.09227859856971 -23.91547967757706
-46.10505618892514 -23.95642350675199
-46.16240607909053 -24.03689263249359
-46.23574423428372 -24.0637656734627
-46.33908217424573 -24.07717641428021
-46.45862112505824 -24.08980871016776
-46.54725973743369 -24.11643581960412
-46.60621010969312 -24.14312021203896
-46.65003093485172 -24.18326981764962
-46.7236949386755 -24.2233072463099
-46.78284030666137 -24.24992263101637
-46.84141533573859 -24.31673306197211
-46.91576989381753 -24.34318670200986
-46.95975738773323 -24.39663055603395
-47.03412473476343 -24.436431881013
-47.09288298533691 -24.51657397530846
-47.15217300694312 -24.56986248133549
-47.21175487163447 -24.60972152012181
-47.30134136556992 -24.66277923161312
-47.36086567219856 -24.71603565940733
-47.41899546023329 -24.76972784485318
-47.44889830663648 -24.79631437080137
-47.53894268868378 -24.86263261678546
-47.63072257909386 -24.92852202588889
-47.70447721568807 -24.99531186251908
-47.76650217844269 -25.0212465364271
-47.8254287726952 -25.08808093682816
-47.87077585892384 -25.15468474206755
-47.93304915954077 -25.22084024564342
-47.99237447253204 -25.27419395183922
-48.03811132033211 -25.32737838021005
-48.03810820773321 -25.3407786918988
-48.09918272007545 -25.40723138518163
-48.12975382866313 -25.44716150022721
-48.20639942295048 -25.5268727783626
-48.25257159955571 -25.58005296822866
-48.32965348982775 -25.65975751190214
-48.39160225157194 -25.73961412370555
-48.42256890453598 -25.76613420675411
-48.50026637124253 -25.8592702255537
-48.53166869485975 -25.92604457554828
-48.59628815385243 -26.00584591762085
-48.6122773686782 -26.05939297267784
-48.61273367398997 -26.11309680820654
-48.61325248669736 -26.16679261330852
-48.61403473414214 -26.24733699026119
-48.61518604222805 -26.34130535015455
-48.615830945955 -26.39500203483346
-48.61673964515823 -26.47554686428268
-48.60213588340826 -26.5562058854157
-48.60306944532376 -26.62333060734812
-48.60440768418443 -26.71731415910123
-48.60629912515541 -26.83817614732288
-48.60693657010059 -26.87846825557698
-48.6239530990033 -26.95898969304226
-48.62537830077509 -27.03961006575332
-48.62640232854683 -27.09337266263339
-48.6274322940528 -27.14714170890266
-48.62912011330872 -27.22782714501252
-48.64642216176208 -27.29505654385847
-48.66375132216162 -27.36230992574516
-48.66565025242537 -27.44308956394361
-48.66723558987017 -27.51042167224481
-48.66914045889974 -27.59123828785224
-48.67104932754955 -27.6720749089534
-48.6568118039373 -27.73946097310617
-48.6270042574703 -27.82031318122593
-48.61237649706 -27.87420505164999
-44.61774523118118 -27.87084614222612
-44.61961049377182 -27.77788028392619
-44.62093985558514 -27.71148910447712
-44.62359501110187 -27.57874027518484
-44.62491904405859 -27.5123831457223
-44.62703495547426 -27.40623664341648
-44.59815898124287 -27.35255993167005
-44.53996214241744 -27.27174551284292
-44.51062457749146 -27.24459933852384
-44.45171941026753 -27.20355742137478
-44.39287625732371 -27.16250286924636
-44.27475060874118 -27.10685240928114
-44.21575543675916 -27.07900145560893
-44.03835845639209 -27.02182241052132
-43.94977935780611 -26.99316629018944
-43.81668432922631 -26.96332846385982
-43.71266257270044 -26.96062211634085
-43.65403399901064 -26.93259126342297
-43.5662259242336 -26.89054804263311
-43.52303002552286 -26.84971537211184
-43.42110302564361 -26.7940597774712
-43.26106869198637 -26.71026423690422
-43.21814923165665 -26.66940827052243
-43.20384973140277 -26.65578661785789
-43.13046728241456 -26.64044908825716
-43.07285459670684 -26.59911718057263
-42.98626472517034 -26.54367368479963
-42.91400132356885 -26.50183124682832
-42.81230060281743 -26.45902789566849
-42.76911258426856 -26.43123559009579
-42.68120513192221 -26.41520387966674
-42.59332589356928 -26.39911907985698
-42.44599715623136 -26.39418547043416
-42.37177781271421 -26.40485683207875
-42.20917659808404 -26.41235755920435
-41.9875098792544 -26.41758184877827
-41.928543121665 -26.4153992571343
-41.80996975829074 -26.42415556268245
-41.72148977983289 -26.42076366620901
-41.60415342170981 -26.40295756353045
-41.44191512697506 -26.39645909687847
-41.35544584187422 -26.35324015357544
-41.28308390991418 -26.32377880761934
-41.13914177636355 -26.25153491870276
-41.05213491844408 -26.22131267451928
-40.982048468594 -26.15207630020082
-40.86568087888003 -26.1204282996175
-40.76328688422036 -26.10255525708808
-40.69093953096927 -26.0727541202627
-40.58906342904626 -26.04152191648466
-40.51673882130402 -26.01161106107873
-40.42965297665166 -25.98094255296799
-40.34178605733461 -25.963424438053
-40.2531102978453 -25.95906381957622
-40.17838320139476 -25.96860554458824
-42.0658658896462 -22.99092161510266