-33.25838012908206 -11.87041249788452
-32.02537463297822 -10.21489638902085
-35.13503285403935 -8.769672556997886
-35.15797276648959 -8.804047935352042
-35.18090101965712 -8.838357582718281
-35.21204398983986 -8.873138049033241
-35.25182957561882 -8.900164289974008
-35.24966487413597 -8.941228578473279
-35.24836616440259 -8.96585965910292
-35.25484981382924 -8.999169373432652
-35.28510492034003 -9.050270270276444
-35.32443452673262 -9.085423868522287
-35.36549658317743 -9.08778203818169
-35.39834284254342 -9.089664945862024
-35.48175470945974 -9.069773594454791
-35.48952761286466 -9.078437718072975
-35.54567963747756 -9.106292410795817
-35.56078441127859 -9.131800517616943
-35.57457368330493 -9.1818296432506
-35.58146794779741 -9.206829092618579
-35.59525414016176 -9.256773711118699
-35.64448440498468 -9.259525554253223
-35.64962053586699 -9.317098070051269
-35.64786848387969 -9.349722904902917
-35.64611555385245 -9.382332804823459
-35.65300496141234 -9.407234597341326
-35.68494489587501 -9.425331449701222
-35.71775915831532 -9.427113791637805
-35.7259626227825 -9.427558209416764
-35.76785425084063 -9.413484103436559
-35.85207384302421 -9.377112447299428
-35.88444843044822 -9.386977234996504
-35.89778979469229 -9.444852194845208
-35.91113162278762 -9.502708015634894
-35.91845921128977 -9.519418600222897
-35.93355290238521 -9.544694811609084
-35.9914143214225 -9.53954416803415
-36.02466595456229 -9.533108119498241
-36.0656831638454 -9.535233859057838
-36.07388668075907 -9.535658571670602
-36.12135672065186 -9.570759179222392
-36.1455293470055 -9.580166068818755
-36.18523419970565 -9.606689893237697
-36.19168800606517 -9.639656593087038
-36.20590787328084 -9.681172140665202
-36.2119243277908 -9.722256611780322
-36.22745679932185 -9.7393602793406
-36.26027101825304 -9.741039684864896
-36.2930849543618 -9.742716155523091
-36.3276472710865 -9.711862781581035
-36.37128639065164 -9.665149569891741
-36.38035361184657 -9.649324791850676
-36.43901575113645 -9.628009232682038
-36.46360094560154 -9.629306452776941
-36.4778451680592 -9.670747274905581
-36.46664573132759 -9.727115193239172
-36.47180912924647 -9.784397603917631
-36.53092190412521 -9.754892988040139
-36.5740836328738 -9.716371361754286
-36.60006265151952 -9.693082690320248
-36.63427682839329 -9.670138747386217
-36.67716013487404 -9.639413122997166
-36.71010175596881 -9.640815543386875
-36.71748124599371 -9.657411978035993
-36.70710085775308 -9.697671746549712
-36.6806754071461 -9.729098736629892
-36.64515672085941 -9.776400958678792
-36.62696664732712 -9.808164433509514
-36.61787239948124 -9.82404322821125
-36.59836386375005 -9.880190481527565
-36.58843971775982 -9.912230071006739
-36.57212349427025 -10.04824656678818
-36.57857202859808 -10.08187701362397
-36.59331632477564 -10.1158558283641
-36.62419026732662 -10.15885540867679
-36.68227379000074 -10.16136680881998
-36.74036900326698 -10.16386803165922
-36.77264100131744 -10.18191693011515
-36.80491429980773 -10.19996127548242
-36.85286018490967 -10.23532767484538
-36.88513643995879 -10.25336014707116
-36.91647884792749 -10.28799910883869
-36.93904933406917 -10.33057433088101
-36.97132673687953 -10.34858884583492
-37.01927604824488 -10.38390077250884
-37.03400763301337 -10.41779193740763
-37.03212954448701 -10.45096766849678
-37.0288435129718 -10.50899819397101
-37.04357133416158 -10.54284967456672
-37.0763144300717 -10.55254403611555
-37.12896561836602 -10.50493212582041
-37.13868526009191 -10.48041108742121
-37.14982114342476 -10.43099562269367
-37.16942763719359 -10.3815797556335
-37.22088531606278 -10.35840435098912
-37.26155623608659 -10.37664055051693
-37.29435085909459 -10.38630087164604
-37.2923691436838 -10.41966980977118
-37.27127673228789 -10.49402906232249
-37.25215590435019 -10.53503731074682
-37.23365717690227 -10.56747271634393
-37.22257028208482 -10.61672398496242
-37.23042545402976 -10.62531715576697
-37.27989540302931 -10.63551957794286
-37.33681187138001 -10.66250282905811
-37.33543057497593 -10.68727209819237
-37.33266777191182 -10.73679542846674
-37.33036594124947 -10.7780487884822
-37.35351022614685 -10.81199591450351
-37.38590828980415 -10.82976101991923
-37.43589836269356 -10.83166230789166
-37.46089870473408 -10.83261000695458
-37.47618237711417 -10.85798515893666
-37.46553992815699 -10.89889700008627
-37.45582198273714 -10.92330923972823
-37.43684955260317 -10.9638750855251
-37.41834197113384 -10.99618567613029
-37.40770597734046 -11.03703768362203
-37.38874234546238 -11.07754981809108
-37.38643822455136 -11.11869023597166
-37.38413453693995 -11.15981566461582
-37.39108075220772 -11.18480843910101
-37.4049725087308 -11.23478085992039
-37.43647233024247 -11.26891960004605
-37.47678105476658 -11.29514802979362
-37.50829681343651 -11.32927025120141
-37.50648090887408 -11.3620884989611
-37.47179536897973 -11.38538637558383
-34.72812742716431 -13.51942564942195
-33.25838012908206 -11.87041249788452