-37.09904333299685 -22.02535400672865
-37.09999665114248 -22.01124992265601
-37.07975096984039 -21.97464644164553
-37.06000207053663 -21.93100415757833
-37.05342270218767 -21.91645974239578
-37.03321748320466 -21.87987883833507
-37.03610353663387 -21.83762312426167
-37.01640596419937 -21.79403392256115
-37.0032883838395 -21.76505633833267
-36.99066320878732 -21.72906500205631
-36.97756076405105 -21.70009434928108
-36.96300715957931 -21.69217185111975
-36.9499166731101 -21.663204174409
-36.92278062989207 -21.6193031126913
-36.90922063018422 -21.59735454662349
-36.89615623142869 -21.56839602580848
-36.88211765920195 -21.55346092837757
-36.85552925400763 -21.50256386027476
-36.84150449234102 -21.48763028926586
-36.82245335558998 -21.43720342741394
-36.81594224655296 -21.42273213714766
-36.79542651121769 -21.39333103800014
-36.7759168074386 -21.34992564925046
-36.76991452975284 -21.32845671918613
-36.75042652241039 -21.28506280700938
-36.73095496937226 -21.24167634394909
-36.71948267722245 -21.19176419525962
-36.70551837394061 -21.17684286715799
-36.68457846151871 -21.15446092882813
-36.65070605451726 -21.1031703600749
-36.61686664515707 -21.05188702551941
-36.59640308082164 -21.02271194949314
-36.56953491511042 -20.97896211796646
-36.55661764324348 -20.95009395461637
-36.54522209025425 -20.90029111699227
-36.52586307020382 -20.85700395844148
-36.50599823984088 -20.82071357754027
-36.5005681946923 -20.79232587549355
-36.48174577118603 -20.74206486828672
-36.46886547072769 -20.71321098482523
-36.44853386354849 -20.68388718910451
-36.4356665641418 -20.65503334708289
-36.42280448800778 -20.62618018304148
-36.40249528445835 -20.59685430549638
-36.39760999208799 -20.5614985387788
-36.38425081677092 -20.53962297526415
-36.35909120641374 -20.47494579855441
-36.33830253111994 -20.45259354432146
-36.32547790190919 -20.42374383579545
-36.31317070538777 -20.38792295547849
-36.27902809924785 -20.3437026896944
-36.24387267505458 -20.31341536418782
-36.22308610386529 -20.29105603753688
-36.20230455576944 -20.26869219621479
-36.16126879188549 -20.21697946209917
-36.13254728365924 -20.20108919728286
-36.1128171353604 -20.16476070329343
-36.06974031972832 -20.14090495217297
-36.02875555466662 -20.0891378571068
-36.02236196226329 -20.07469594468324
-36.00161829057804 -20.05229109488418
-35.98244878066529 -20.0089569073291
-35.96862636939318 -19.99401453926055
-35.95533076243496 -19.97209502850166
-35.92078946901374 -19.93472615799186
-35.91651206464938 -19.89237064171691
-35.89632492795728 -19.86296477086619
-35.88994820242847 -19.84851085134772
-35.87825276617331 -19.80564778274897
-35.87187954982875 -19.79119169240285
-35.85222950485873 -19.75479345113872
-35.83281211668505 -19.71848775889677
-35.80463072426266 -19.69550196985723
-35.77697088692855 -19.66552334804569
-35.74879394768627 -19.6425169226451
-35.73600740535817 -19.61354846207049
-35.6865766676144 -19.57499761021284
-40.32214303994274 -18.16285619723611
-40.37758537027992 -18.12872540613603
-40.41069966892036 -18.08670813874795
-40.4272591802389 -18.06568668916232
-40.45948053976242 -18.03794386548205
-40.48365159502474 -18.01712254388183
-40.50785872744311 -17.99627021791463
-40.53931195122379 -17.98274184507741
-40.57982050270773 -17.94785214976975
-40.6256294041057 -17.94907238956803
-40.63949288942818 -17.9710394790579
-40.64524941525406 -17.99998714655764
-40.64336719045515 -18.02872306163224
-40.63337565885127 -18.06442461506536
-40.61621767826219 -18.09272246703662
-40.59821518533371 -18.13529942688648
-40.56820417442283 -18.12724555583845
-40.49969988770585 -18.12522292752512
-40.45405837730657 -18.12386225782305
-40.42988955498778 -18.14464430340492
-40.42002532817552 -18.18018244817284
-40.41731198996923 -18.22308891565377
-40.4155029878908 -18.25168410311997
-40.39045476728263 -18.28669778069444
-40.35835814538039 -18.31425506008743
-40.32711304021128 -18.32754762030674
-40.30980071312887 -18.36267656983547
-40.33850775146058 -18.39212769180257
-40.39807204095209 -18.41542158494307
-40.4504910401559 -18.43134529072378
-40.45641903830342 -18.46007720049608
-40.44712255723517 -18.48832365624981
-40.39977341939063 -18.5153441228301
-40.36892084370141 -18.52148155898645
-40.34525817604581 -18.5349732537118
-40.26796835114285 -18.55382207941123
-40.21394026636214 -18.56627601472674
-40.16582792119331 -18.60738295669614
-40.15610660952135 -18.64264215334265
-40.19911699894649 -18.68680815201471
-40.2206339923064 -18.70889061662032
-40.22780784764995 -18.71625133948739
-40.23370824875785 -18.74491655366129
-40.26114407201776 -18.79565927087905
-40.25987986538531 -18.816953105914
-40.25778018562519 -18.85243294931464
-40.2404594859723 -18.88738000754265
-40.23074774207992 -18.92257660562181
-40.25231944829756 -18.94464303633062
-40.28319233847009 -18.9386067428416
-40.32127308506306 -18.93991850194849
-40.34412940535543 -18.94070196522683
-40.3649003302326 -18.97695838592176
-40.36289933896902 -19.01239362201049
-40.34527853899425 -19.05436768509756
-40.32122087779998 -19.07481553799155
-40.28954530449838 -19.09498432447445
-40.25747727775011 -19.12221614702755
-40.26430029453967 -19.13664146893616
-40.26953567813035 -19.17937076213007
-40.27558384576466 -19.20794087520934
-40.28886082039747 -19.24385937027279
-40.29452213919568 -19.27949951387322
-40.30741697819755 -19.32248717144864
-40.305067803159 -19.36491224235744
-40.32716304928034 -19.37989503490792
-40.37098707603815 -19.41693146663192
-40.3774497124292 -19.43842527694336
-40.36786660877141 -19.47349491201362
-40.33460094627718 -19.52183614755191
-40.30896498463677 -19.57043446341707
-40.30582972195582 -19.62694288537843
-40.29662775532086 -19.65489930013977
-40.29505822636921 -19.68314327860201
-40.27690996762585 -19.73899046313596
-40.2761961111762 -19.753097451538
-40.27369696826644 -19.80246947932723
-40.27333976642977 -19.80952236186425
-40.26248247880526 -19.87269227655909
-40.26107008714045 -19.90089713155654
-40.26037135115794 -19.91499822089835
-40.2739226806348 -19.95086067586606
-40.28052735341312 -19.97231862446964
-40.29409101069631 -20.00818710601413
-40.29994368226548 -20.04375501747078
-40.29742732729058 -20.08607991534168
-40.30292651974755 -20.12165363750496
-40.30124881282307 -20.14985709801708
-40.30676514828526 -20.1854162365709
-40.32850667471901 -20.20750063731776
-40.34979987831593 -20.24368243285544
-40.3640918601306 -20.26545701669198
-40.37760140859535 -20.30838870387817
-40.37609007633256 -20.34364654209268
-40.36657406418418 -20.38563999146045
-40.36592506415072 -20.39974239662197
-40.34950261984907 -20.43439136380638
-40.34820620972809 -20.46967484174939
-37.1344077655968 -22.06286763093912
-37.09904333299685 -22.02535400672865