-44.58220016491849 -27.88255156903054
-48.53811064786687 -27.93347707778921
-48.61735242510264 -28.03093468365744
-48.65140680941843 -28.08973195392015
-48.69678131406356 -28.16815818323114
-48.72018310069504 -28.24656156105807
-48.73203545264033 -28.29559205626928
-48.74375786956667 -28.33478635682731
-48.75605261396731 -28.41330710659855
-48.76793774401697 -28.46232468919795
-48.76819255976773 -28.53162116392995
-48.77979859924754 -28.56095973284719
-48.81425439881924 -28.61946544916841
-48.83724918817959 -28.65846036892133
-48.8825790718552 -28.68728983954699
-48.95059548606392 -28.72557597824194
-49.01933207161477 -28.76354934177962
-49.08710519299293 -28.78215694719601
-49.13269182514821 -28.81089052048878
-49.17811646761491 -28.82978930527722
-49.25756662492263 -28.85792079772642
-49.28030830933114 -28.86735469175629
-49.34856902143084 -28.89563866783615
-49.38303994931511 -28.9245102404501
-49.44056467432964 -28.972620124889
-49.47533651052288 -29.01130720905662
-49.48752423634237 -29.05041782711529
-49.51058462160404 -29.06965278562469
-49.56828234258424 -29.11773212131276
-49.60341140910251 -29.16623433122182
-49.61472879516413 -29.1660155528258
-49.66094240339395 -29.20446652701198
-49.7188362744236 -29.25250530568272
-49.76605585339056 -29.32041966635104
-49.766573548845 -29.34008754171645
-49.8022415390284 -29.39840158242699
-49.82605888374812 -29.43727811486004
-49.88439140752135 -29.48528256025156
-49.91998738691572 -29.53375827544127
-49.95590945664682 -29.59207432273596
-49.97932229202067 -29.61127571523234
-50.01524992544652 -29.66959104107194
-50.02791512078865 -29.70871728987351
-50.04135625280375 -29.76754386981054
-50.05437966286559 -29.81652880618201
-50.07915977646453 -29.87512334427192
-50.10305566626074 -29.90418483176021
-50.15090320033933 -29.96231173624602
-50.17485495917288 -29.99137736915649
-50.23337382495514 -30.01971091353808
-50.29195175619294 -30.04803104225106
-50.32488069572162 -29.99800199288302
-50.34636318675452 -29.95804154543711
-50.3900292872935 -29.89782725245811
-50.42331554327443 -29.86744264097165
-50.44549575683487 -29.84718019527191
-50.52424221887268 -29.80579806675438
-50.56933396112072 -29.78494175274807
-50.59187567786524 -29.77450662510734
-50.63783685126049 -29.77334519920193
-50.69549724627769 -29.77187995847485
-50.74164515801673 -29.77068952802765
-50.78803150960296 -29.76949271998063
-50.87008460549551 -29.78709599171877
-50.88169614317599 -29.78678804669183
-50.96428739372509 -29.81422455064434
-51.00045450742198 -29.84290622422396
-51.02415491832407 -29.85215069757633
-51.09575904482098 -29.8897549199076
-51.14281626997878 -29.89834478676924
-51.15670474441727 -29.94744821587789
-51.18228452776851 -29.99623927472294
-51.2069924287353 -30.02526141627545
-51.27894322942499 -30.06287675677014
-51.32759457347639 -30.10114570198189
-51.35241365153798 -30.13018006097988
-51.36695238262247 -30.18925107387007
-51.38151188582152 -30.2483353645292
-51.4072924746484 -30.29719796759808
-51.40969793640963 -30.34672145187008
-51.46012132615288 -30.41479075752058
-51.49739144743866 -30.45346798770148
-51.53667053215453 -30.53180761463229
-51.54943998617987 -30.55131400458378
-51.58679393262966 -30.59000756469055
-51.64881601944844 -30.64789395328927
-51.66163970706435 -30.66741085653571
-51.72380786641179 -30.72531227399167
-51.74953613612556 -30.76436061321324
-51.81188007957321 -30.82228178068288
-51.84955524384881 -30.86101265259442
-51.88674097070917 -30.88981223743702
-51.94832623925557 -30.92789151089836
-52.00886696912804 -30.94607207068245
-52.09456955520984 -30.97368030834888
-52.15513116653243 -30.98198511253534
-52.1790839784547 -30.98130398253515
-52.25097917878401 -30.97923325780646
-52.3258959759055 -31.01712504257308
-52.32737940170296 -31.03713190903566
-52.27029880953858 -31.07888738902971
-52.21246306212971 -31.11059762477682
-52.11864397472397 -31.14325466623366
-52.08337895097276 -31.15422678203634
-52.00108372043271 -31.18628917624986
-52.00586327298476 -31.25625136510663
-52.00723029399529 -31.27624672305765
-52.0354113465016 -31.33564309407404
-52.07573596621132 -31.3948215407144
-52.09198858214174 -31.4546056337958
-52.09408404429831 -31.48465268361585
-52.06200374370778 -31.54560622914935
-52.03921556766243 -31.56618904121907
-52.03059178082414 -31.61657794567442
-52.07105032872655 -31.67590414943624
-52.11090974677462 -31.72524413150465
-52.13658766680045 -31.74478890524688
-52.17706291192823 -31.79436325106168
-52.17916530451423 -31.82447370527256
-52.15796492992362 -31.87503983628295
-52.13647196736967 -31.91572269637794
-52.12926731402899 -31.98631000967185
-52.13068494838396 -32.00640975913404
-52.1614611006795 -32.09640043657178
-52.16503576630132 -32.14669705058245
-52.19161141878917 -32.17640482238954
-52.25651390452233 -32.21588229813863
-52.25723007188595 -32.22594765109241
-52.33421161542357 -32.26504637899606
-52.3632140019018 -32.32505137162012
-52.36474100588747 -32.34523999038493
-52.38156710622683 -32.40555641240847
-52.38693915992403 -32.47627017343119
-52.39078265123335 -32.5268005814772
-52.39463222256438 -32.57734750116872
-52.41077114228393 -32.62765829086338
-52.42704244894136 -32.67804953273451
-52.45953373181168 -32.76914283586245
-52.48863699552866 -32.81959954299836
-52.52045601486395 -32.90067226753723
-52.53729024713019 -32.95143966762017
-52.5680672356135 -33.04160040952441
-52.6132109685961 -33.10370307320724
-52.64297633536395 -33.15458039314076
-52.67265589864106 -33.20540619327974
-52.71679606713468 -33.27657253543158
-52.74565328451212 -33.31721141231319
-52.79205162330936 -33.40911661601516
-52.86091318615245 -33.46992271186424
-52.90373370344653 -33.52085772208601
-53.14949283562814 -33.71336848550111
-53.18975651911586 -33.7422668542475
-53.23007416430988 -33.77117086880241
-53.3103419709799 -33.81904788577225
-53.3509268517647 -33.84800013268136
-53.41575638992673 -33.86600187856881
-53.4293044487987 -33.87564824220798
-48.1090860646799 -36.13454058190065
-47.77821588800833 -35.24946442617739
-47.74131697621107 -35.19887984605774
-47.69216825581345 -35.10896760196076
-47.66768760928082 -35.06903020947647
-47.65521289288939 -35.01904060112054
-47.63055545140113 -34.94911384915401
-47.6180574856661 -34.88916626334472
-47.58105511733164 -34.75940429381571
-47.56830017797156 -34.64962850160966
-47.5555238879424 -34.52997113040689
-47.54330715806822 -34.49013628584578
-47.54298699510449 -34.44030830416331
-47.51861857495471 -34.36070127833985
-47.49363960754265 -34.1617754861424
-47.48088601870725 -34.00283300571296
-47.45651276780681 -33.87387631479311
-47.43176291705872 -33.6266965957248
-47.40744953199745 -33.42963063819767
-47.35991288769439 -33.27213107226821
-47.34786316115428 -33.16385815564748
-47.33592764239001 -33.08514725103626
-47.32404193526958 -33.01629539159691
-47.24193899650499 -32.87871107669162
-47.14847308720296 -32.72149802217609
-47.11352126034994 -32.6723748758829
-47.00900236747815 -32.48573846585583
-46.88173333794784 -32.31877740683837
-46.77796745576451 -32.16179066709888
-46.70895392070688 -32.06360708422996
-46.65163309162529 -31.96542404845865
-46.60564791633477 -31.92604871884364
-46.57135588887797 -31.86710992598161
-46.53698494884266 -31.82775888919223
-46.525637908199 -31.79830668788824
-46.47991991187089 -31.73928520895822
-46.43425895248064 -31.68024593977522
-46.37733556282164 -31.59171154066109
-46.33214447655409 -31.48359950860999
-46.29829238294501 -31.40494156663235
-46.24159307442205 -31.31628313314305
-46.18508461038761 -31.21777550902823
-46.16260906562418 -31.16855337933854
-46.09478409330578 -31.06987309319042
-46.06157003097672 -30.97155072710643
-46.01652940168843 -30.89255081688987
-45.93727947125284 -30.78345893566337
-45.89217286103926 -30.71407722871269
-45.83587552482678 -30.62482090914752
-45.76832663400773 -30.52549087760496
-45.7117358124364 -30.4754851860444
-45.66694704496567 -30.3960223458053
-45.59949962103565 -30.30631334089978
-45.56611289240288 -30.23676280601685
-45.53225931334949 -30.20664857321211
-45.49854618753878 -30.1666489618769
-45.46537295921752 -30.08713797298241
-45.42071117228374 -30.01727572929514
-45.3986004167578 -29.967507987971
-45.36525611982764 -29.90764874866218
-45.3322220732132 -29.82798797484088
-45.29936986266697 -29.73839481191926
-45.2551946994189 -29.64854516709383
-45.21107629201016 -29.55863723441829
-45.17773601472887 -29.49838771417301
-45.15574000316782 -29.42818823425716
-45.12240759094869 -29.35771191840955
-45.07803446313578 -29.28729584231447
-45.03335198640142 -29.20627358813218
-44.99996770802845 -29.13544651765176
-44.97795594088771 -29.07496200670921
-44.95561783214837 -29.04446059256038
-44.92252269092521 -28.96363841583762
-44.90015420780085 -28.90251586640832
-44.86708118940604 -28.81134374981695
-44.86767141570737 -28.76118445896631
-44.84564159675596 -28.70031798996542
-44.83499029954032 -28.63973510976943
-44.81322213910804 -28.55867971071504
-44.79122553216676 -28.49767395287518
-44.75874564969043 -28.36580417021724
-44.71470111587205 -28.25356600751701
-44.70466971553327 -28.17299921622136
-44.6709004434321 -28.13119974545747
-44.66011902241743 -28.08024116829691
-44.58220016491849 -27.88255156903054