-35.37679005517587 -17.50078905467536
-35.39893503933706 -17.47027025749
-35.3934906018568 -17.4510236769516
-35.38970641023556 -17.40656380132721
-35.38467972560416 -17.38101493412864
-35.38006951767805 -17.3491642488884
-35.37546131388523 -17.31731476247327
-35.37629152630186 -17.304711769259
-35.37836649517141 -17.27320685795677
-35.38753370471734 -17.23574829707824
-35.38960537662801 -17.20425181822971
-35.3983505359224 -17.17310360059756
-35.40667804519602 -17.14825772670367
-35.40709133648645 -17.1419606331731
-35.41541491053 -17.11711886213603
-35.41747798944262 -17.08563873531828
-35.42703171968538 -17.04192055442295
-35.44200995177778 -17.01744067319749
-35.45780138114458 -16.9803804313292
-35.47235406244785 -16.96220277952492
-35.48065083828072 -16.93738770028499
-35.49623650006073 -16.91283630972604
-35.51886977734399 -16.86989804277511
-35.5270449072656 -16.84511455699344
-35.5418680566043 -16.82068383867632
-35.56409141710593 -16.78404226093183
-35.58003452656968 -16.7407725044533
-35.5881912171 -16.71599897696614
-35.59672289919041 -16.6849458263534
-35.61264547989239 -16.64168807470306
-35.61302239656631 -16.63540737608108
-35.61566002063334 -16.59144339700287
-35.61792020399091 -16.55376072995322
-35.61354441876748 -16.51571973689874
-35.60879320237912 -16.48395731272605
-35.60404361427606 -16.45219330205108
-35.59266199527822 -16.42006440870396
-35.582037994754 -16.37536900258595
-35.56915050685061 -16.36835693745414
-35.55739721204228 -16.34249751312191
-35.53901243803774 -16.31626604369535
-35.54280096332926 -16.25344327017934
-39.82430846380867 -16.24423299621557
-39.81644654717761 -16.27539283669481
-39.79568481135782 -16.29983272668162
-39.75467635231564 -16.33614530526166
-39.72050335471491 -16.36638853554323
-39.69394374946894 -16.37176138054701
-39.67396170462142 -16.37735531768583
-39.64688783474565 -16.39525834548157
-39.62112026823203 -16.38181229461878
-39.58826687079311 -16.38067279950183
-39.56131284876662 -16.39854804067056
-39.54067821398246 -16.42291449937353
-39.50136695427157 -16.42151734598858
-39.48220694959817 -16.40828698124333
-39.43104977455445 -16.3750900191324
-39.39831160195083 -16.37391245784789
-39.3789206633986 -16.36694014249167
-39.3527416074246 -16.36599138924732
-39.35173911530283 -16.39104332460714
-39.3837191747087 -16.41102024714338
-39.42251422045811 -16.42496585923552
-39.44871387446911 -16.4259078288911
-39.48146698443934 -16.42708065287833
-39.5139787193454 -16.43451383111504
-39.53167506297713 -16.4853338474862
-39.54355979617156 -16.51712640185569
-39.56273881902713 -16.53035621588368
-39.58823579695335 -16.5500831524265
-39.61422553269489 -16.55727634663211
-39.67933891826623 -16.57211519584449
-39.71822722750299 -16.58602416458223
-39.73039535768322 -16.61155067706217
-39.71607167903451 -16.64242935257966
-39.68813422992281 -16.68537866487339
-39.68156933672849 -16.68514778020667
-39.64802340257111 -16.70279025518343
-39.62152445041403 -16.7081264867293
-39.58165587250087 -16.71925592806034
-39.56852940505033 -16.71878701262365
-39.54786131721435 -16.74314234658135
-39.54688114478234 -16.76820252116828
-39.54565563326789 -16.7995275276906
-39.53810912770585 -16.82435059764439
-39.51086187283019 -16.8484593641009
-39.47047827475286 -16.87208340476575
-39.46368059141405 -16.87811082135314
-39.46260269149776 -16.90946688330627
-39.47445119895079 -16.94758422556048
-39.47423584848504 -16.95385771325011
-39.48652206497584 -16.97943649269578
-39.49812113368314 -17.02383398071603
-39.50357588823343 -17.05544473960952
-39.53653239771975 -17.05666812746856
-39.56373255595468 -17.03252555053309
-39.60403894712288 -17.00884341893646
-39.62418813606745 -16.99699962191455
-39.66283727457714 -17.02352812538801
-39.67517987794422 -17.04911665985206
-39.67436085817301 -17.0742382671335
-39.67374676014773 -17.09308198844567
-39.64658545211076 -17.11726260819137
-39.6195913936088 -17.13514736443715
-39.59297364309407 -17.14045030529203
-39.55908689867589 -17.16433457000581
-39.58503441357708 -17.17787130417009
-39.6378424699764 -17.17982601198382
-39.67746015519622 -17.18128329949436
-39.71041618489205 -17.18246902539258
-39.76234291211637 -17.20949816286015
-39.77552936917037 -17.20996745461086
-39.8214904172855 -17.21789112269149
-39.86086795479195 -17.22557428332042
-39.88046364572677 -17.23255814163822
-39.90646824857134 -17.24606162276169
-39.89909718540533 -17.27099341942954
-39.85891579190535 -17.28847556119886
-39.84512834226901 -17.30688436835153
-39.82452415163226 -17.33134592173341
-39.81662619160125 -17.36882337091522
-39.82260468633931 -17.38792618028111
-39.8484486975852 -17.40775594224513
-39.88198184576794 -17.39638284604227
-39.92223449637992 -17.37890553432503
-39.97490157511315 -17.38704889267678
-39.98792909805173 -17.39380539032467
-40.12026429075873 -17.40477467062279
-40.14691684745967 -17.40575001759222
-40.16024556364307 -17.4062364512793
-40.18690913572182 -17.40720702745633
-40.21375802012386 -17.40187212397639
-40.24096474421953 -17.38392798144568
-40.26817071276267 -17.36597743880482
-40.30204636652348 -17.34825685195678
-40.31573475764946 -17.33612380769095
-40.34926819130731 -17.33099606699044
-40.36912010487042 -17.33800280249634
-40.39565476647385 -17.34524266567929
-40.43489263305959 -17.37817621969321
-40.45411140849559 -17.4104207108185
-40.46046547393046 -17.42327473117804
-40.45947294257459 -17.46114114495449
-40.45847951587397 -17.4990158744896
-40.45079394921812 -17.53666100072573
-40.42369596383141 -17.54833453917894
-40.40345802977806 -17.5539288517641
-40.35647154068854 -17.55855463602649
-40.29631041155898 -17.55636951820592
-40.26923268563805 -17.56801218447226
-40.25517115027878 -17.59276330990153
-40.21438296754513 -17.61652348753054
-40.20066882305455 -17.62864771116016
-40.17341574914757 -17.64658022439977
-40.1461929264356 -17.66452194509333
-40.11251803152218 -17.6759166536083
-35.35965897280249 -17.55687478368709
-35.37679005517587 -17.50078905467536