-41.89922279405622 -23.07714618629485
-40.12015848380271 -25.85860606665366
-40.08783626949874 -25.84251238805834
-40.05556077737062 -25.82647574501915
-40.00775367398384 -25.78760316525187
-39.99164152645655 -25.77959405186421
-39.95180286627002 -25.74843369299314
-39.94389579748926 -25.74071714610733
-39.8959091793351 -25.7092575690315
-39.88011622244451 -25.69382394422415
-39.83218563147168 -25.66235750835119
-39.78429502307805 -25.63088524138781
-39.73644462350542 -25.59940713485466
-39.69649810078261 -25.5756411599873
-39.67291140259982 -25.55248752721266
-39.62546907136467 -25.51359050545493
-39.58528753459522 -25.49721982030549
-39.56207580701913 -25.46666209335651
-39.52225481260109 -25.4428800569925
-39.49876113920608 -25.41972764614326
-39.46713313666088 -25.39625833409489
-39.4351970251149 -25.38018557189551
-39.41204391108743 -25.34948416674914
-39.37369686731945 -25.29626775903409
-39.32659592599303 -25.25756230476618
-39.31880508356268 -25.24987550553957
-39.28799550425874 -25.21175106288044
-39.23283961283653 -25.17268323381522
-39.1777271208021 -25.13360073174063
-39.1547741913391 -25.10315581765619
-39.11489681739737 -25.08681116430213
-39.08421737421114 -25.0486696634841
-39.06834984953263 -25.04065306929794
-39.0303160940486 -24.98744709957445
-39.02365295473859 -24.95765140854283
-38.99268635012061 -24.9268774772885
-38.96983921268193 -24.89643057023213
-38.95546920893465 -24.85895063231984
-38.42917580271136 -24.31305976538093
-38.41336608743889 -24.30490915336485
-38.36509276958446 -24.29543058338725
-38.33349048173385 -24.27911491636415
-38.3091423588507 -24.27810986934162
-38.27075422194705 -24.23897931607784
-38.23240029394763 -24.19984952915766
-38.20263065273997 -24.15358066850367
-38.17199935257293 -24.1222821754384
-38.13419043241503 -24.07568277500615
-38.08205587379509 -23.99849978516982
-38.06724241426883 -23.97538579348461
-38.03679160510398 -23.94397069998685
-38.02240703045145 -23.91349738913667
-37.99325430113861 -23.85993594515639
-37.98696494066202 -23.82984598307321
-37.95733953046943 -23.78385094769932
-37.93493323658151 -23.75303917028926
-37.92144292591639 -23.70784242384648
-37.89857052805566 -23.68452302886935
-37.86139019335863 -23.63079127656641
-37.83946977979483 -23.5926104720674
-37.83278292837256 -23.56998132666545
-37.81088663696086 -23.53180665458934
-37.79660794421302 -23.5014091905633
-37.77473886999454 -23.46324057768554
-37.75382396871484 -23.41023538102817
-37.74004916794758 -23.37243260982222
-37.73340039330436 -23.34982539138643
-37.71206013636864 -23.3042604455966
-37.69878884793119 -23.25906305804484
-37.6926307015021 -23.22905783271746
-37.67173793060399 -23.17617489181703
-37.64943001401388 -23.14552657805155
-37.64412798198736 -23.10082855894557
-37.62942122166704 -23.07793353142819
-37.61563699648087 -23.04026331353533
-37.59428733113886 -22.99483988860036
-37.58763446508763 -22.97231381874302
-37.57433664999468 -22.9272644552873
-37.5596639224957 -22.90436889168677
-37.5388228665235 -22.85156774142459
-37.53172537748679 -22.83642850374623
-37.51846465560415 -22.79138956633982
-37.50474943469112 -22.75373401879509
-37.49057673960161 -22.7234592596046
-37.4617849597864 -22.67028892102579
-37.45470739215789 -22.65515186259382
-37.44008958878226 -22.63225478601832
-37.41840749231998 -22.59421947394868
-37.38178673690001 -22.5406072977079
-37.36849992539965 -22.4956376206748
-37.34675250784218 -22.45764497710494
-37.33965948389114 -22.44252375028649
-37.31838855188477 -22.39715732657247
-37.31130167232177 -22.38203426467198
-37.28113381782549 -22.35099319097961
-37.25139642186962 -22.31259038214605
-37.23720389679706 -22.28234444897203
-37.21453493971163 -22.25906379763749
-37.11396446008065 -22.06931478945128
-40.32978632323508 -20.46714046763775
-40.3445986525573 -20.48981004427799
-40.35913149784639 -20.51983723532931
-40.38910056973146 -20.55775237921257
-40.43484433197329 -20.59614383723013
-40.44897357733726 -20.64076003019527
-40.4484187138867 -20.65547962153023
-40.45543046686043 -20.67783866967669
-40.46975538303636 -20.71517716633728
-40.55543479846774 -20.73296353234309
-40.58664931744089 -20.74132539609651
-40.61750178206002 -20.76428004329971
-40.64827531346411 -20.78729910115992
-40.67972364734546 -20.78832247767872
-40.72735945171199 -20.77516549849474
-40.750461791385 -20.79061181191493
-40.77356913907031 -20.8060545295035
-40.78814970018124 -20.84325998722116
-40.81832643280816 -20.88826814697466
-40.84921885675586 -20.91124003233304
-40.87199883964674 -20.94132808660668
-40.88689004978339 -20.97118814765805
-40.90991999283882 -20.99393119094608
-40.93318534284823 -21.00932292071732
-40.97990983744349 -21.0327699583668
-40.98674010377168 -21.06248331084295
-40.99331953623052 -21.09956151890452
-41.00790155852671 -21.13683453542019
-41.01481961654203 -21.16651847194144
-41.03756343121876 -21.19665918165008
-41.06874976365317 -21.21228749023162
-41.09227141263855 -21.2203222150954
-41.13957633403969 -21.22901555672206
-41.15443256899182 -21.25892586277381
-41.16161391638536 -21.28124809657985
-41.16062675666669 -21.31071715542816
-41.17539315262655 -21.34796341805763
-41.19062280493333 -21.37048646900127
-41.2140380370697 -21.38586152119171
-41.2538206389757 -21.38693216094414
-41.30135172674986 -21.39557153217681
-41.32479803920329 -21.41093769356171
-41.32392873310263 -21.44040771631167
-41.32262419586027 -21.48461635153353
-41.32197168611053 -21.50672227206933
-41.33725749965624 -21.52925424252513
-41.38508157976455 -21.53052010299463
-41.4165462830814 -21.54609865381489
-41.41548543761424 -21.5829562633227
-41.39868081476683 -21.61202348556933
-41.39006205899974 -21.63392836599084
-41.41314892821416 -21.66405310256623
-41.44465544422712 -21.67964179123812
-41.47575624057586 -21.70997727338317
-41.45873370399479 -21.74643281911908
-41.45032462325253 -21.76097236311323
-41.42517699151181 -21.79720956054531
-41.42472629537421 -21.81195880983422
-41.44786721937685 -21.84210089558385
-41.46302823193174 -21.87203105908197
-41.47820693550911 -21.90196803292325
-41.48537201580304 -21.93169428265759
-41.49254853518443 -21.96141733958942
-41.50777406427721 -21.99136426363677
-41.50691485867319 -22.02087975397726
-41.48996022537982 -22.0499595349446
-41.48909728658719 -22.07947430160903
-41.49628277489856 -22.1092098538058
-41.53611928524208 -22.12507489347372
-41.59164067557114 -22.15613345937528
-41.5994864835515 -22.16373417749192
-41.62304916405193 -22.18654014611013
-41.63856296786962 -22.20913137006773
-41.65344991768215 -22.25387864903458
-41.66855969229616 -22.29124694167559
-41.69239755725833 -22.30668367080516
-41.7241287438552 -22.32972900228106
-41.76418247551032 -22.34560629027577
-41.79576267760045 -22.37604464217182
-41.82737908946963 -22.40648978634654
-41.85092547066338 -22.43672378654251
-41.86621951875166 -22.4741489878559
-41.88120460220416 -22.51149058796994
-41.90518615113432 -22.54185190719058
-41.93696643440511 -22.5723426466921
-41.93629537886001 -22.60196776101576
-41.9356325753287 -22.63159761216832
-41.92649401168104 -22.66089303901869
-41.90180565468436 -22.68997306753589
-41.89286109647368 -22.72679841285721
-41.89237239584335 -22.749032175959
-41.91612073742079 -22.77936447125002
-41.93973897181427 -22.81712311256082
-41.95556143548888 -22.83983380016884
-41.98754778004817 -22.87042974726401
-41.98692127962973 -22.90010507143665
-41.97764825457185 -22.93683081982857
-41.89922279405622 -23.07714618629485