-35.54806967642065 -16.16549086204182
-35.55016423664222 -16.12776792934471
-35.54493280917858 -16.10224120370927
-35.54005125177395 -16.07042161383962
-35.54144867908238 -16.04526463894375
-35.54319441521825 -16.01381556721611
-35.54494024396026 -15.98236337048395
-35.54703452817967 -15.94461669731291
-35.55540296746561 -15.91354010544848
-35.55644923769717 -15.89466421344675
-35.55854149861532 -15.85690891236721
-35.56063274488552 -15.81914931179588
-35.56342058205761 -15.76879647578558
-35.56411726255585 -15.75620735914265
-35.56551097485264 -15.73102719556291
-35.56133070967795 -15.68656787535009
-35.55645443961872 -15.65469386874083
-35.5595896716709 -15.59801595426428
-35.56063482677676 -15.57912130556058
-35.56307259934113 -15.53502992681258
-35.55834543475929 -15.50320238962764
-35.56028801978116 -15.46533489185692
-35.5623762441401 -15.42752953568624
-35.557856468171 -15.38284488866319
-35.55882331148485 -15.36389546656567
-35.56075770475362 -15.32599084366511
-35.56140246938256 -15.31335397504504
-35.55704509093268 -15.26871096896251
-35.55768956323135 -15.2560693536862
-35.5526879412816 -15.22405312753461
-35.55429996248753 -15.19243741333623
-35.56252433913705 -15.16122608963539
-35.5710691580768 -15.12368434417592
-35.59218859445835 -15.0996131225885
-35.61491000940601 -15.04390621913956
-35.62940945614246 -15.01942012592126
-35.63794309883471 -14.98186109326662
-35.65243707690676 -14.95737129885833
-35.66724842381143 -14.92654974386412
-35.66885249198151 -14.8948941844833
-35.66353312072864 -14.86914776162633
-35.63147863109104 -14.84805461256698
-35.61326999226036 -14.81511604314296
-35.59409510662258 -14.80117726882527
-35.57556076759952 -14.77455469595644
-35.56355211612517 -14.748283528959
-35.55150202223091 -14.72197109821163
-39.15569485140489 -14.73406339610244
-39.16781986841573 -14.75355322245283
-39.17285693369337 -14.78546833955519
-39.18468913365721 -14.81128204460232
-39.20302393122405 -14.83732961383432
-39.22786201966364 -14.86360917493664
-39.23998852680882 -14.88307521311426
-39.27074558943834 -14.92223414317206
-39.28228737612518 -14.95434002417583
-39.25481099617041 -14.98500912757191
-39.25393247552574 -15.00397773743806
-39.22587066378456 -15.04726868417473
-39.21140059120971 -15.07838336942342
-39.20430867908129 -15.0907824450966
-39.20283385937424 -15.12237499110891
-39.20076888703923 -15.16658830353538
-39.19899901380539 -15.20447061368976
-39.19076272124958 -15.24206041115855
-39.17720082154104 -15.25416320626019
-39.17634523234823 -15.27306095393241
-39.17492541720116 -15.30454388202402
-39.19383861956083 -15.31788761355417
-39.20796185637794 -15.29320296040051
-39.24869684870061 -15.25684240700406
-39.26822013905687 -15.25754564474345
-39.30725212326184 -15.25896392898048
-39.33297478800009 -15.26622020535119
-39.32559254203243 -15.28490500723945
-39.31199898593841 -15.29704318721113
-39.29461704088539 -15.39109845159438
-39.29405975524006 -15.40368842318819
-39.30619180505275 -15.4230452295666
-39.34604455845882 -15.40561395336471
-39.37352709287151 -15.37505450285919
-39.39402827215428 -15.35676427294689
-39.4139520048445 -15.35107063753172
-39.44667538595125 -15.3520857743994
-39.45976731197213 -15.35249074546969
-39.50530663982541 -15.36020987804235
-39.53658383344902 -15.39275218344057
-39.56845939089431 -15.41267722104186
-39.57501256462905 -15.41287806792035
-39.59349502228194 -15.43870546012288
-39.5854736612265 -15.4700230689555
-39.58418987756432 -15.50141450046341
-39.58341965357758 -15.52024849281065
-39.56927918483183 -15.54495193822329
-39.54832490429244 -15.57572121143122
-39.52107267871367 -15.59999941307857
-39.48857924176955 -15.59268021578936
-39.46895292537698 -15.59203845372785
-39.45487143467309 -15.61667760032714
-39.47954713675831 -15.6551418314322
-39.51152744207022 -15.67502069978506
-39.53647787753475 -15.70722199306388
-39.54253193165485 -15.71997446832878
-39.54129532432974 -15.75131856752945
-39.53425013937392 -15.76363972733835
-39.48260605812836 -15.74310250916447
-39.45691984184332 -15.72969840942441
-39.43124131106377 -15.71629377818421
-39.39248677385751 -15.70245105945167
-39.37287706907846 -15.70178523984244
-39.37764005803533 -15.74586838256881
-39.37713568656546 -15.75839840699675
-39.39575889017961 -15.78412114928674
-39.42193897864349 -15.78500214985846
-39.43402879266421 -15.81050662340815
-39.4587204046675 -15.84898641548476
-39.46452065363955 -15.86800701605877
-39.46352173073712 -15.8930742673678
-39.45572071506523 -15.92418559311513
-39.47437899941522 -15.94991852246059
-39.50009730346003 -15.96334051261691
-39.49885296740695 -15.99467726677827
-39.48499403694348 -16.0130332670497
-39.45221841115237 -16.01191467180821
-39.42575281389779 -16.01728216901004
-39.39248655528716 -16.02868408645743
-39.37184191182697 -16.05305418712061
-39.37108895243102 -16.07184537348689
-39.3831597006735 -16.09736753480987
-39.39500750919473 -16.12914673992136
-39.3942514130387 -16.14794053712177
-39.44015064993523 -16.14953855863001
-39.45326754007279 -16.14999344553858
-39.4724457511777 -16.16320701426907
-39.50447807056991 -16.18314644000925
-39.52967662157638 -16.20913338491031
-39.5614494942803 -16.23534580786759
-35.55681825674799 -16.24162026109149
-35.54806967642065 -16.16549086204182