2015 02 13 (044) 18 59 12 848  52.685  -32.037    10.000  6.727   mB    manual   confirmed 
2015 02 16 (047) 23 06 29 327  40.006  142.489    10.000  6.630    M automatic        None 
2015 02 11 (042) 18 57 21 036 -23.006  -66.527   204.583  6.397   mb    manual   confirmed 
2015 02 02 (033) 10 49 47 191 -32.664  -67.127   154.451  6.050   mb    manual   confirmed 
2015 02 19 (050) 13 18 33 638 -16.303  168.237    10.000  6.026   mb    manual   confirmed 
2015 02 16 (047) 22 00 52 778 -55.622  -28.074    10.000  5.875   mb    manual   confirmed 
2015 02 06 (037) 22 02 11 326  13.380  -88.537    10.000  5.788    M    manual    reviewed 
2015 02 13 (044) 20 06 31 357  22.524  121.357    10.000  5.788    M automatic        None 
2015 02 17 (048) 04 46 36 617  40.327  141.702    10.000  5.752    M automatic        None 
2015 02 01 (032) 11 41 26 277 -12.309  167.127    10.000  5.703   mb    manual   confirmed 
2015 02 13 (044) 19 38 43 841  -2.876  -78.656    10.000  5.658    M    manual   confirmed 
2015 02 05 (036) 04 40 52 703   5.209  -82.728    10.000  5.623    M    manual    reviewed 
2015 02 19 (050) 16 32 37 845  52.902  159.156    10.000  5.602   mb    manual   confirmed 
2015 02 03 (034) 07 16 54 762  52.493 -168.690    10.000  5.554   mb    manual   confirmed 
2015 02 17 (048) 16 33 25 080  39.764  143.177    10.000  5.513    M automatic        None 
2015 02 01 (032) 13 34 05 739 -21.406  170.150    10.000  5.494   mb    manual   confirmed 
2015 02 11 (042) 13 01 15 823 -23.455  -66.672   203.415  5.474   mb    manual   confirmed 
2015 02 12 (043) 01 59 53 166  -8.703  -78.465   117.000  5.451    M    manual    reviewed 
2015 02 02 (033) 08 25 49 226  -1.363  145.269    10.000  5.437   mb    manual   confirmed 
2015 02 03 (034) 07 27 23 924  52.578 -168.860    10.000  5.400   mb    manual   confirmed 
2015 02 10 (041) 14 47 53 485   9.715   57.576    10.000  5.364   mb    manual   confirmed 
2015 02 05 (036) 04 21 49 500   8.228  -72.181    10.000  5.357    M    manual    reviewed 
2015 02 12 (043) 15 50 56 760  19.209 -105.516    10.000  5.288    M    manual    reviewed 
2015 02 01 (032) 17 40 32 651  56.568 -169.273    10.000  5.239   mb    manual   confirmed 
2015 02 08 (039) 15 09 09 806  -1.781  119.612    10.000  5.200   mb    manual   confirmed 
2015 02 17 (048) 03 06 31 384 -55.394  -28.056    10.000  5.189    M    manual    reviewed 
2015 02 04 (035) 17 41 43 316   0.278  124.714    10.000  5.182   mb    manual   confirmed 
2015 02 02 (033) 15 13 41 962  13.884  124.042    10.000  5.172   mb    manual   confirmed 
2015 02 02 (033) 15 22 08 311 -22.284  -70.765    10.000  5.171   mb    manual   confirmed 
2015 02 09 (040) 07 59 31 761   0.233  -17.086    10.000  5.164   mb    manual   confirmed 
2015 02 17 (048) 14 35 47 109 -32.295  -70.697    10.000  5.160    M    manual    reviewed 
2015 02 05 (036) 13 32 55 724 -21.648   89.804    10.000  5.144   mb    manual   confirmed 
2015 02 12 (043) 22 21 31 793   7.440  -81.918    10.000  5.113    M    manual    reviewed 
2015 02 01 (032) 11 20 26 186  56.560 -169.057    10.000  5.099   mb    manual   confirmed 
2015 02 01 (032) 20 02 20 948 -49.501   -7.837    10.000  5.064   mb    manual   confirmed 
2015 02 18 (049) 00 49 02 065   6.273  -99.407    10.000  5.056    M automatic        None 
2015 02 13 (044) 18 48 19 963  52.624  -32.762    10.000  5.052   mb    manual   confirmed 
2015 02 06 (037) 08 03 12 831   9.840  126.403    10.000  5.046   mb    manual   confirmed 
2015 02 01 (032) 23 32 58 562  -3.959  -76.452    89.175  4.976   mb    manual   confirmed 
2015 02 18 (049) 22 47 05 320 -57.380  -26.706    10.000  4.972    M    manual    reviewed 
2015 02 14 (045) 16 54 25 369 -16.805  -14.596    10.000  4.963    M    manual    reviewed 
2015 02 02 (033) 21 29 41 025  -5.927  105.600    43.000  4.956   mb    manual   confirmed 
2015 02 05 (036) 14 10 28 774  17.745  -93.628    10.000  4.955   mb    manual   confirmed 
2015 02 18 (049) 01 16 24 706   8.306 -102.443    10.000  4.937    M automatic        None 
2015 02 07 (038) 16 40 04 420  43.817  135.456   294.554  4.926   mb    manual   confirmed 
2015 02 01 (032) 05 53 45 979  13.267  -92.101    10.000  4.912    M automatic        None 
2015 02 05 (036) 05 38 58 679   8.189  -72.202    10.000  4.874   mb    manual   confirmed 
2015 02 16 (047) 11 52 08 762   1.903  -97.129    10.000  4.869    M    manual   confirmed 
2015 02 04 (035) 10 59 19 652  10.824  -62.687    10.000  4.860   mb    manual   confirmed 
2015 02 17 (048) 08 25 09 707 -48.209  -75.069    10.000  4.835    M    manual    reviewed 
2015 02 15 (046) 12 10 18 902  -3.271   -8.924    10.000  4.834    M automatic        None 
2015 02 10 (041) 21 28 58 982   1.690  -96.843    10.000  4.796   mb    manual   confirmed 
2015 02 05 (036) 21 50 49 944  10.980  -61.842    10.000  4.741    M    manual    reviewed 
2015 02 16 (047) 21 24 14 191 -41.317  -87.688    10.000  4.739    M automatic        None 
2015 02 05 (036) 01 16 52 482 -58.463  -25.176    10.000  4.722   mb    manual   confirmed 
2015 02 18 (049) 13 12 14 031  10.783  -85.969    10.000  4.712   mb    manual   confirmed 
2015 02 18 (049) 02 20 37 883  -7.813  -13.421    10.000  4.710   mb    manual   confirmed 
2015 02 11 (042) 05 11 31 256 -34.138  -71.479    10.000  4.645   mb    manual   confirmed 
2015 02 12 (043) 06 24 12 799 -15.181  -70.606   201.251  4.611   mb    manual   confirmed 
2015 02 01 (032) 02 48 13 431 -18.731  -68.851    10.000  4.574    M automatic        None 
2015 02 09 (040) 11 04 35 736   2.332  -97.352    10.000  4.570   mb    manual   confirmed 
2015 02 18 (049) 00 47 28 180 -35.430  -70.904   164.000  4.538    M    manual    reviewed 
2015 02 08 (039) 02 37 26 233  -9.862  -76.264    10.000  4.530    M    manual    reviewed 
2015 02 06 (037) 08 52 32 561  38.799   14.987   277.036  4.521   mb    manual   confirmed 
2015 02 09 (040) 21 11 31 423 -21.349  -68.621   105.654  4.512   mb    manual   confirmed 
2015 02 13 (044) 04 45 27 564   6.697  -73.026   144.770  4.502   mb    manual   confirmed 
2015 02 12 (043) 20 59 41 031 -23.079  -66.645   247.377  4.496    M    manual    reviewed 
2015 02 07 (038) 02 30 02 388 -27.724  -66.478   179.919  4.495   mb    manual   confirmed 
2015 02 05 (036) 07 42 54 565   5.547  -82.118    10.000  4.417   mb    manual   confirmed 
2015 02 04 (035) 12 19 40 260 -23.715  -70.031    10.000  4.402   mb    manual   confirmed 
2015 02 04 (035) 20 27 54 378 -23.976  -66.854   207.644  4.388   mb    manual   confirmed 
2015 02 11 (042) 09 50 47 546 -27.236  -71.074    10.000  4.367   mb    manual   confirmed 
2015 02 10 (041) 14 48 30 619 -21.716  -68.423   133.012  4.315   mb    manual   confirmed 
2015 02 15 (046) 16 36 20 427 -24.844  -67.815    10.000  4.313    M automatic        None 
2015 02 16 (047) 20 33 37 540 -31.172  -72.339    10.000  4.300    M automatic        None 
2015 02 12 (043) 04 55 31 666 -19.958  -70.469    54.408  4.286    M    manual    reviewed 
2015 02 05 (036) 07 04 17 411   8.110  -71.710    10.000  4.261   mb    manual   confirmed 
2015 02 11 (042) 17 07 30 048 -29.334  -69.915    10.000  4.236   mb    manual   confirmed 
2015 02 04 (035) 13 37 49 164 -20.966  -69.510    10.000  4.231   mb    manual   confirmed 
2015 02 18 (049) 19 58 12 253  20.027  -70.425    10.000  4.220    M    manual   confirmed 
2015 02 08 (039) 12 20 30 131  13.468  -90.705   375.013  4.213   mb    manual   confirmed 
2015 02 14 (045) 11 46 43 481 -23.979  -67.015   217.262  4.191   mb    manual   confirmed 
2015 02 19 (050) 11 45 51 129 -16.096  -70.692   143.828  4.169   mb    manual   confirmed 
2015 02 12 (043) 12 09 43 900 -22.519  -70.644    93.122  4.148    M    manual    reviewed 
2015 02 14 (045) 14 47 37 652 -19.788  -70.421    10.000  4.143    M automatic        None 
2015 02 18 (049) 02 16 18 493 -18.933  -67.410   240.978  4.124   mb    manual   confirmed 
2015 02 17 (048) 13 40 31 587 -22.644  -66.387   301.960  4.089    M automatic        None 
2015 02 11 (042) 09 46 31 527 -10.478  -51.762     0.000  4.064   mR    manual   confirmed 
2015 02 11 (042) 19 26 23 432 -23.166  -67.124   255.634  4.047   mb    manual   confirmed 
2015 02 13 (044) 04 34 06 635 -24.847  -68.015   137.326  4.019   mb    manual   confirmed 
2015 02 12 (043) 06 17 47 345 -23.184  -67.185   269.418  3.949   mb    manual   confirmed 
2015 02 05 (036) 22 49 51 109 -21.755  -68.751   154.017  3.917   mb    manual   confirmed 
2015 02 11 (042) 06 25 38 052 -21.865  -69.045   149.240  3.861   mb    manual   confirmed 
2015 02 11 (042) 19 58 16 423 -23.203  -67.051   252.715  3.851   mb    manual   confirmed 
2015 02 01 (032) 23 06 37 823 -19.575  -69.243   168.345  3.832   mb    manual   confirmed 
2015 02 17 (048) 04 25 36 962 -22.948  -67.159   255.566  3.801   mb    manual   confirmed 
2015 02 08 (039) 21 43 57 459 -26.415  -70.268    78.129  3.800   mb    manual   confirmed 
2015 02 16 (047) 07 56 28 862 -21.342  -68.293   140.181  3.767    M automatic        None 
2015 02 04 (035) 13 40 13 171 -17.388  -65.392     0.000  3.736   mb    manual   confirmed 
2015 02 15 (046) 10 19 09 506 -20.019  -68.789   110.638  3.536    M automatic        None 
2015 02 04 (035) 13 34 34 144  -6.449  -50.056     0.000  3.272   mR    manual   confirmed 
2015 02 12 (043) 13 07 34 304 -10.518  -51.761     0.000  3.104   mR    manual   confirmed 
2015 02 04 (035) 23 22 35 261 -20.062  -43.418     0.000  2.770   mR    manual   confirmed 
2015 02 05 (036) 13 31 02 048 -19.581  -43.396     0.000  2.480   mR    manual   confirmed 
2015 02 03 (034) 15 27 53 452 -20.251  -43.803     0.000  2.403   mR    manual   confirmed 
2015 02 03 (034) 19 38 15 591  -8.284  -35.956     1.950  2.355   mR    manual   confirmed 
2015 02 19 (050) 01 49 51 729  -9.822  -36.730     0.000  2.295   mR    manual   confirmed 
2015 02 05 (036) 07 01 20 000 -20.058  -43.413     0.000  2.289   mR    manual   confirmed 
2015 02 05 (036) 17 25 19 035 -29.124  -54.822     0.000  2.264   mR    manual   confirmed 
2015 02 05 (036) 07 33 51 154 -20.068  -43.408     0.000  2.131   mR    manual   confirmed 
2015 02 03 (034) 14 17 00 970 -30.421  -53.067     0.000  2.124   mR    manual   confirmed 
2015 02 05 (036) 00 53 27 647  -8.350  -35.993     0.000  2.032   mR    manual   confirmed 
2015 02 07 (038) 17 01 22 111  -3.576  -40.542     0.000  2.022  MLv    manual   confirmed 
2015 02 03 (034) 14 51 00 321  -8.293  -35.983     0.000  1.946   mR    manual   confirmed 
2015 02 06 (037) 22 10 05 078  -8.298  -35.982     0.000  1.837   mR    manual   confirmed 
2015 02 05 (036) 14 29 19 708  -6.043  -36.890     0.000  1.710  MLv    manual   confirmed 
2015 02 06 (037) 11 24 06 165  -8.287  -35.960     0.000  1.462   mR    manual   confirmed 
