2015 01 07 (007) 05 07 06 510   5.799  -82.854    10.000  5.920    M automatic        None 
2015 01 10 (010) 19 31 55 664  14.982  120.334    10.000  5.761    M automatic        None 
2015 01 10 (010) 06 51 02 373  40.229   77.099    10.000  5.697    M automatic        None 
2015 01 08 (008) 18 42 02 633  44.200  144.424    10.000  5.663    M automatic        None 
2015 01 07 (007) 05 36 06 461   5.260  -82.689    10.000  5.429    M    manual    reviewed 
2015 01 05 (005) 15 16 28 986  30.633  141.784    10.000  5.419    M automatic        None 
2015 01 04 (004) 14 35 28 926 -56.972 -150.944    10.000  5.342    M automatic        None 
2015 01 10 (010) 17 55 01 683 -21.474  -68.446    91.686  5.306    M automatic        None 
2015 01 10 (010) 02 05 47 738  -5.687   68.258    10.000  5.275    M automatic        None 
2015 01 02 (002) 22 07 28 488 -57.289 -151.688    10.000  5.256    M automatic        None 
2015 01 09 (009) 22 59 09 149   2.699   96.255    10.000  5.213    M automatic        None 
2015 01 01 (001) 08 49 55 008  28.573   51.839    10.000  5.159    M automatic        None 
2015 01 04 (004) 22 25 22 525  45.557  147.706    95.878  5.151   mb    manual    reviewed 
2015 01 07 (007) 03 07 34 412 -32.007  -96.867    10.000  5.058    M automatic        None 
2015 01 10 (010) 17 03 09 508  28.728   51.753    10.000  5.035    M automatic        None 
2015 01 04 (004) 05 16 08 371  18.544  -95.695    10.000  4.949    M automatic        None 
2015 01 10 (010) 06 56 02 603   9.760  -84.815    10.000  4.930    M automatic        None 
2015 01 09 (009) 18 59 32 527 -34.101  -72.289    10.000  4.915    M automatic        None 
2015 01 04 (004) 01 47 57 477  -7.120  -77.376    10.000  4.909    M automatic        None 
2015 01 04 (004) 21 23 16 945  14.522  -45.011    10.000  4.850   mb    manual   confirmed 
2015 01 02 (002) 11 01 27 774  -4.008 -103.771    10.000  4.835    M automatic        None 
2015 01 01 (001) 21 25 57 241  -1.711  -77.219   193.873  4.834    M automatic        None 
2015 01 05 (005) 15 31 25 598  30.721  140.865    10.000  4.830    M automatic        None 
2015 01 09 (009) 11 48 23 443 -20.216  -68.546    10.000  4.784    M automatic        None 
2015 01 07 (007) 12 46 54 706 -52.711  -30.759    10.000  4.740    M automatic        None 
2015 01 10 (010) 03 05 58 705  -3.473  -76.567    10.000  4.707    M automatic        None 
2015 01 01 (001) 21 08 32 848 -29.911  -70.642    10.000  4.659    M automatic        None 
2015 01 05 (005) 21 53 42 510  64.579  -16.868   161.462  4.588    M automatic        None 
2015 01 01 (001) 14 50 18 691  -8.031  -74.051   170.541  4.527   mb    manual   confirmed 
2015 01 09 (009) 18 35 37 607 -32.955  -70.704   218.032  4.371    M automatic        None 
2015 01 03 (003) 12 12 21 651  13.263  -79.637   371.198  4.321    M automatic        None 
2015 01 04 (004) 02 38 49 902 -21.243  -66.864   237.953  4.315    M automatic        None 
2015 01 04 (004) 22 09 41 174  -6.508  -75.983   134.161  4.315   mb    manual    reviewed 
2015 01 05 (005) 10 41 08 719 -23.747  -66.882   250.922  4.270   mb    manual   confirmed 
2015 01 06 (006) 08 19 58 486 -24.320  -67.120   264.531  4.235    M automatic        None 
2015 01 01 (001) 06 54 24 995   3.400  -32.050    10.000  4.183    M    manual   confirmed 
2015 01 08 (008) 12 15 27 168 -23.003  -66.767   211.739  3.987    M automatic        None 
2015 01 01 (001) 23 39 49 448 -20.036  -70.956    10.000  3.898    M automatic        None 
2015 01 10 (010) 14 58 00 924 -24.217  -67.055   202.782  3.862    M automatic        None 
2015 01 09 (009) 08 11 44 351 -21.652  -66.687   252.633  3.810   mb    manual   confirmed 
2015 01 06 (006) 06 08 52 734 -18.755  -69.372   103.752  3.761    M automatic        None 
2015 01 05 (005) 15 44 45 592 -25.016  -49.104     0.000  3.133   mR    manual   confirmed 
2015 01 03 (003) 01 39 24 979 -21.736  -68.373   129.712  3.012    M automatic        None 
2015 01 10 (010) 03 49 29 129 -19.458  -45.598     0.000  2.490   mR    manual   confirmed 
