2015 01 23 (023) 03 47 03 779 -16.703  168.837    10.000  6.526    M automatic        None 
2015 01 18 (018) 04 47 28 118  51.964  179.558    10.000  5.922    M automatic        None 
2015 01 28 (028) 02 43 16 101 -20.909 -178.225   439.377  5.894    M automatic        None 
2015 01 17 (017) 23 39 48 134  -5.230  132.009    10.000  5.813    M automatic        None 
2015 01 30 (030) 17 57 59 728 -21.424  169.925    10.000  5.806 Mw(mB)    manual   confirmed 
2015 01 14 (014) 12 09 34 848  48.791  142.261   572.764  5.766    M automatic        None 
2015 01 21 (021) 20 21 27 952 -38.394  -83.760    10.000  5.722    M automatic        None 
2015 01 30 (030) 17 58 02 485 -21.435  170.139    10.000  5.717    M automatic        None 
2015 01 21 (021) 20 08 30 220  -5.559  146.321    10.000  5.673    M automatic        None 
2015 01 28 (028) 21 09 03 116  37.688 -124.343    17.000  5.668   mB    manual   confirmed 
2015 01 12 (012) 20 25 14 660  -5.262  133.985    10.000  5.664    M automatic        None 
2015 01 19 (019) 17 19 46 773   4.744  119.875    10.000  5.651    M automatic        None 
2015 01 16 (016) 11 39 17 460  -3.521  -79.801    10.000  5.455    M    manual    reviewed 
2015 01 18 (018) 00 27 07 881  14.285  120.965    10.000  5.446    M automatic        None 
2015 01 12 (012) 07 57 17 306  15.380  -93.623    10.000  5.446    M automatic        None 
2015 01 19 (019) 12 45 15 014  73.224    6.571    10.000  5.398   mb    manual   confirmed 
2015 01 27 (027) 00 53 23 102   1.679   97.625    10.000  5.351    M automatic        None 
2015 01 19 (019) 22 34 47 549  37.887  137.124    78.965  5.346    M automatic        None 
2015 01 30 (030) 04 30 35 443  49.648  156.096    10.000  5.341    M automatic        None 
2015 01 17 (017) 05 09 07 215  14.246  120.987    10.000  5.330    M automatic        None 
2015 01 25 (025) 09 20 56 073   1.235  126.249    10.000  5.317    M automatic        None 
2015 01 28 (028) 15 54 37 335  34.472   25.200    10.000  5.306    M automatic        None 
2015 01 20 (020) 07 00 00 899  14.979  -90.622   217.000  5.298    M    manual    reviewed 
2015 01 12 (012) 20 37 47 497 -22.671  -92.661    10.000  5.294    M automatic        None 
2015 01 18 (018) 16 15 11 515  30.471  141.947    10.000  5.250    M automatic        None 
2015 01 29 (029) 15 10 04 534 -25.970  -68.430    10.000  5.237    M automatic        None 
2015 01 25 (025) 01 40 16 386 -10.112  -74.891    66.063  5.198    M    manual    reviewed 
2015 01 25 (025) 03 10 04 085 -14.136  -74.104    10.000  5.189    M    manual    reviewed 
2015 01 17 (017) 18 41 42 601 -22.285  -63.096   555.624  5.173    M    manual    reviewed 
2015 01 12 (012) 03 45 33 395  13.896  -89.359    10.000  5.166    M    manual    reviewed 
2015 01 14 (014) 05 21 40 343  29.364  103.423    24.039  5.134   mb    manual   confirmed 
2015 01 26 (026) 03 30 10 889  40.876   48.871    10.000  5.118    M automatic        None 
2015 01 18 (018) 04 28 09 108  28.553  141.853   221.601  5.103    M automatic        None 
2015 01 23 (023) 14 12 20 376 -18.023  -69.524    53.261  5.103    M    manual    reviewed 
2015 01 23 (023) 21 16 22 168 -56.867  -26.647    10.000  5.096    M automatic        None 
2015 01 25 (025) 15 17 42 109 -10.285  -74.032    10.000  5.087    M    manual    reviewed 
2015 01 25 (025) 10 41 19 020  29.717  138.855   436.245  5.048    M automatic        None 
2015 01 25 (025) 22 20 00 947  35.752  140.332    10.000  5.044    M automatic        None 
2015 01 13 (013) 15 36 48 636  -9.513  -75.415    66.635  5.035    M    manual    reviewed 
2015 01 13 (013) 21 17 06 522 -31.002  -65.661   168.744  5.035    M automatic        None 
2015 01 22 (022) 00 39 18 455  73.316    6.989    10.000  5.008    M automatic        None 
2015 01 24 (024) 16 25 22 075 -16.394  -81.183    10.000  4.985    M automatic        None 
2015 01 22 (022) 11 12 05 579 -57.716  -25.268    10.000  4.965    M automatic        None 
2015 01 17 (017) 07 56 22 607 -23.122 -111.615    10.000  4.952    M automatic        None 
2015 01 19 (019) 12 32 05 985  73.279    6.874   120.981  4.889    M automatic        None 
2015 01 18 (018) 23 13 46 291 -34.534 -104.484    10.000  4.865    M automatic        None 
2015 01 21 (021) 21 55 45 121  -8.374  119.849   188.008  4.861    M automatic        None 
2015 01 18 (018) 04 00 04 132 -32.394  -71.403    49.000  4.850    M    manual    reviewed 
2015 01 30 (030) 11 31 52 954  36.383  139.862    59.809  4.813    M automatic        None 
2015 01 27 (027) 05 27 49 870 -36.716  -73.121    10.000  4.797    M automatic        None 
2015 01 13 (013) 11 16 32 401  17.955  -70.660    10.000  4.783    M automatic        None 
2015 01 15 (015) 20 29 14 206 -26.194  -11.460    10.000  4.776   mb    manual   confirmed 
2015 01 13 (013) 07 21 14 600 -33.708 -113.276    10.000  4.771    M automatic        None 
2015 01 15 (015) 20 29 14 625 -26.120  -11.507    10.000  4.763   mb    manual   confirmed 
2015 01 25 (025) 08 47 02 377 -34.631  -71.649    10.000  4.760    M automatic        None 
2015 01 15 (015) 15 43 10 602  -8.366  -80.266    10.000  4.733    M automatic        None 
2015 01 30 (030) 03 34 32 316 -16.803  -14.293    10.000  4.728   mb    manual   confirmed 
2015 01 15 (015) 16 32 12 124 -27.342  -66.473    10.000  4.727    M automatic        None 
2015 01 18 (018) 08 30 27 372 -16.732  -14.376    10.000  4.718   mb    manual   confirmed 
2015 01 20 (020) 17 34 52 120 -22.916  -70.205    72.283  4.698    M automatic        None 
2015 01 15 (015) 14 02 13 336  -4.224  103.068   240.339  4.690    M automatic        None 
2015 01 29 (029) 00 08 04 431 -31.388  -70.174    10.000  4.687    M automatic        None 
2015 01 12 (012) 03 04 22 330 -16.720  -14.464    10.000  4.672   mb    manual   confirmed 
2015 01 29 (029) 09 30 09 060   2.285  -96.674   147.625  4.669   mb    manual   confirmed 
2015 01 23 (023) 01 25 27 970 -30.123  -72.441    10.000  4.638    M automatic        None 
2015 01 14 (014) 18 51 07 685   6.822  -72.927   169.451  4.635    M automatic        None 
2015 01 23 (023) 22 24 54 355 -15.328  -73.619    10.000  4.595    M automatic        None 
2015 01 16 (016) 22 01 24 493 -35.367  -87.939    10.000  4.582    M automatic        None 
2015 01 17 (017) 14 25 14 365 -25.869  -70.611    10.000  4.578    M automatic        None 
2015 01 24 (024) 20 39 41 846   0.606  -77.220    10.000  4.562    M    manual    reviewed 
2015 01 22 (022) 16 15 26 309 -23.037  -71.112    10.000  4.557    M automatic        None 
2015 01 22 (022) 16 06 49 094 -26.927  -70.070    10.000  4.543    M automatic        None 
2015 01 13 (013) 16 19 47 161 -21.451  -67.835   149.988  4.506    M automatic        None 
2015 01 28 (028) 11 34 54 528 -37.853  -75.536    10.000  4.469    M automatic        None 
2015 01 21 (021) 20 07 48 212 -30.572  -65.596    52.000  4.441    M    manual    reviewed 
2015 01 13 (013) 20 53 46 360 -24.494  -68.583   185.996  4.441   mb    manual   confirmed 
2015 01 17 (017) 09 07 52 229 -23.993  -66.996   185.556  4.419    M automatic        None 
2015 01 18 (018) 12 13 08 426 -24.065  -67.220   190.074  4.411   mb    manual   confirmed 
2015 01 26 (026) 05 35 15 097 -15.530  -70.260   192.617  4.365    M automatic        None 
2015 01 21 (021) 01 35 12 525   6.981  -34.282    10.000  4.341   mb    manual   confirmed 
2015 01 25 (025) 10 15 47 277   6.792  -73.093   168.189  4.340   mb    manual   confirmed 
2015 01 25 (025) 04 45 42 533   0.648  -29.904    10.000  4.271   mb    manual   confirmed 
2015 01 27 (027) 07 25 45 625 -16.157  -69.545   215.818  4.261    M automatic        None 
2015 01 20 (020) 03 02 42 348 -24.893  -69.652    10.000  4.256    M automatic        None 
2015 01 28 (028) 13 26 22 427 -39.717  -84.365   326.159  4.236    M automatic        None 
2015 01 30 (030) 08 42 55 893 -24.065  -67.887   259.224  4.179   mb    manual   confirmed 
2015 01 23 (023) 02 09 01 635 -22.882  -66.635   293.839  4.140    M automatic        None 
2015 01 26 (026) 07 32 41 891   0.053  -31.470    10.000  4.118   mb    manual   confirmed 
2015 01 27 (027) 17 26 13 660 -20.799  -68.531    10.000  4.108   mb    manual   confirmed 
2015 01 22 (022) 12 07 20 976 -20.050  -70.618    10.000  4.082    M automatic        None 
2015 01 27 (027) 12 32 29 057 -21.053  -67.550   219.017  3.944   mb    manual   confirmed 
2015 01 27 (027) 02 40 14 337 -36.199  -73.366    55.465  3.941   mR    manual   confirmed 
2015 01 26 (026) 06 12 02 517 -11.486  -56.731     0.000  3.902   mR    manual   confirmed 
2015 01 20 (020) 06 51 38 710 -21.007  -69.219   139.000  3.790   mb    manual   confirmed 
2015 01 12 (012) 07 57 53 931 -20.098  -68.863    10.000  3.706    M automatic        None 
2015 01 20 (020) 09 04 17 553 -22.173  -68.841    78.275  3.562    M automatic        None 
2015 01 17 (017) 15 48 56 017 -19.896  -68.135   189.090  3.562    M automatic        None 
2015 01 25 (025) 07 36 28 372 -21.057  -68.583   115.069  3.507    M automatic        None 
2015 01 12 (012) 00 41 17 342 -21.253  -67.682   155.646  3.342    M automatic        None 
2015 01 15 (015) 03 06 38 432 -24.191  -67.512   229.097  3.238    M automatic        None 
2015 01 22 (022) 12 20 06 557 -22.440  -40.538     0.000  3.204   mR    manual   confirmed 
2015 01 16 (016) 04 04 40 260 -22.123  -69.052   109.367  3.120    M automatic        None 
2015 01 27 (027) 17 58 43 371 -19.468  -43.440     0.000  2.666   mR    manual   confirmed 
2015 01 30 (030) 15 02 13 920 -20.103  -43.523     0.000  2.364   mR    manual   confirmed 
2015 01 20 (020) 01 07 53 000  -1.974  -46.887     0.000  2.339   mR    manual   confirmed 
