-38.5 -13.0 2.8
-37.7 -5.7 4.8
-34.87 -8.08 3.8
-35.46 -5.2 3.7
-35.5 -6.0 4.3
-38.7 -4.19 3.0
-39.6 -13.03 3.5
-38.97 -4.38 3.9
-38.97 -4.38 3.9
-38.97 -4.38 4.1
-38.97 -4.38 4.1
-38.97 -4.38 4.1
-40.4 -10.2 4.8
-38.69 -12.89 3.3
-38.67 -12.92 4.4
-38.89 -13.2 3.7
-38.63 -12.67 4.0
-38.66 -12.48 4.3
-38.62 -12.45 3.7
-38.62 -12.45 3.7
-38.68 -12.75 3.8
-38.62 -12.59 3.6
-38.7 -12.55 3.5
-38.68 -12.67 3.5
-38.62 -12.65 4.2
-38.92 -3.87 4.5
-35.96 -8.28 3.0
-38.46 -6.04 3.0
-37.76 -4.56 4.0
-39.36 -5.42 3.6
-40.84 -3.1 3.0
-36.24 -5.69 3.9
-35.61 -5.9 3.0
-36.49 -9.93 3.0
-36.24 -5.69 3.7
-36.24 -5.69 3.7
-36.24 -5.69 3.9
-35.96 -8.28 3.5
-35.96 -8.28 3.5
-35.98 -8.2 3.8
-38.44 -6.09 3.9
-38.46 -6.04 2.8
-38.44 -6.09 3.5
-38.44 -6.11 3.2
-38.44 -6.09 4.1
-38.44 -6.09 4.6
-38.44 -6.09 3.0
-38.44 -6.09 3.0
-38.44 -6.09 3.8
-39.58 -6.92 3.0
-38.46 -6.04 3.7
-36.21 -7.96 3.9
-36.21 -7.96 3.5
-35.53 -6.93 3.9
-34.9 -8.04 3.0
-36.49 -9.93 3.4
-38.5 -6.21 3.0
-35.82 -5.28 3.6
-35.82 -5.28 3.6
-35.82 -5.28 3.0
-35.82 -5.28 3.0
-35.82 -5.28 3.1
-35.82 -5.28 2.3
-35.82 -5.28 3.0
-35.82 -5.28 3.1
-35.82 -5.28 3.9
-35.82 -5.28 4.3
-35.82 -5.28 3.0
-35.82 -5.28 3.0
-35.82 -5.28 3.0
-36.06 -7.99 3.6
-36.06 -7.99 2.9
-36.06 -7.99 2.7
-36.06 -7.99 2.8
-36.06 -7.99 2.7
-39.24 -3.67 3.3
-35.5 -5.7 3.4
-38.8 -4.83 3.0
-38.8 -4.83 3.5
-35.75 -5.71 3.6
-38.8 -4.83 3.9
-36.03 -6.28 3.7
-37.46 -9.73 2.4
-38.3 -5.2 2.8
-38.4 -4.3 5.2
-38.4 -4.3 2.2
-38.4 -4.3 2.4
-38.4 -4.3 2.3
-38.4 -4.3 3.6
-38.4 -4.3 3.8
-38.4 -4.3 2.0
-38.6 -4.8 2.5
-38.4 -4.3 2.1
-38.4 -4.3 2.6
-39.79 -3.73 2.0
-38.4 -4.3 2.7
-38.45 -8.61 3.1
-38.45 -8.61 3.1
-38.5 -8.59 3.1
-34.0 -4.0 3.5
-38.4 -4.3 2.7
-38.23 -9.31 3.6
-38.4 -4.3 2.2
-40.2 -4.5 2.1
-37.1 -9.1 2.6
-36.4 -6.1 2.0
-36.4 -6.1 2.4
-38.7 -5.1 2.4
-35.58 -8.67 3.0
-35.58 -8.67 3.5
-36.2 -8.6 2.4
-36.2 -8.6 2.3
-36.2 -8.6 2.5
-36.2 -8.6 2.3
-36.2 -8.6 2.1
-39.3 -12.9 2.2
-38.41 -4.32 2.5
-39.8 -4.7 2.7
-38.7 -5.1 2.8
-38.7 -5.0 2.3
-38.7 -5.0 2.6
-35.8 -8.33 3.5
-35.8 -5.6 2.2
-35.8 -5.6 2.3
-35.8 -5.6 2.1
-35.8 -5.6 2.0
-35.8 -5.6 2.0
-36.2 -6.0 2.6
-36.2 -8.3 2.1
-35.89 -8.18 2.7
-35.92 -8.18 3.8
-36.37 -8.91 2.3
-35.88 -8.4 2.4
-40.4 -13.9 3.0
-38.59 -6.86 2.0
-38.59 -6.86 3.2
-35.75 -5.53 3.3
-35.75 -5.53 3.0
-35.75 -5.53 3.0
-35.75 -5.53 3.0
-35.75 -5.53 3.3
-35.75 -5.53 3.8
-35.75 -5.53 3.2
-35.73 -5.52 4.2
-35.75 -5.53 3.2
-35.75 -5.53 3.7
-35.75 -5.53 3.1
-35.75 -5.53 3.0
-35.75 -5.53 3.1
-35.74 -5.5 4.1
-35.75 -5.53 3.4
-35.75 -5.53 3.2
-35.75 -5.53 3.1
-35.75 -5.53 3.0
-35.76 -5.51 4.1
-35.75 -5.53 3.2
-35.75 -5.53 3.1
-35.75 -5.53 3.0
-35.75 -5.53 3.6
-35.75 -5.53 3.2
-35.75 -5.53 3.6
-35.76 -5.54 5.1
-35.75 -5.53 3.9
-35.75 -5.53 4.0
-35.75 -5.53 4.2
-35.75 -5.53 3.8
-35.75 -5.53 4.2
-35.75 -5.53 3.8
-35.75 -5.53 3.3
-35.75 -5.53 3.2
-35.75 -5.53 3.3
-35.75 -5.53 3.8
-35.75 -5.53 3.3
-35.75 -5.53 3.3
-35.75 -5.53 3.2
-35.75 -5.53 3.6
-35.75 -5.53 3.2
-35.75 -5.53 3.6
-35.75 -5.53 3.1
-35.75 -5.53 3.1
-35.75 -5.53 4.0
-35.75 -5.53 3.4
-35.75 -5.53 3.6
-35.75 -5.53 3.8
-35.75 -5.53 3.3
-35.72 -5.49 3.6
-35.7 -5.48 3.5
-35.738 -5.526 4.4
-35.75 -5.53 3.2
-35.75 -5.53 3.0
-35.75 -5.53 3.0
-35.75 -5.53 3.1
-35.75 -5.53 3.0
-35.75 -5.53 3.8
-35.75 -5.53 3.4
-35.75 -5.53 3.7
-35.75 -5.53 3.5
-35.79 -5.6 3.7
-35.79 -5.6 3.8
-35.75 -5.53 3.3
-35.75 -5.53 3.3
-35.76 -5.52 3.7
-35.75 -5.53 3.0
-35.73 -5.5 3.8
-35.75 -5.53 3.4
-35.71 -5.49 3.7
-35.75 -5.53 3.1
-35.75 -5.53 3.1
-39.81 -3.72 3.0
-35.0 -5.0 2.8
-35.75 -5.53 3.6
-36.05 -5.7 2.0
-36.15 -8.38 2.0
-36.15 -8.38 2.3
-35.75 -5.53 3.0
-35.75 -5.53 3.0
-39.68 -13.23 2.3
-35.75 -5.53 3.0
-38.2 -5.0 2.0
-38.0 -4.7 2.2
-37.9 -4.6 2.1
-38.0 -4.6 2.1
-40.37 -3.95 4.1
-40.37 -3.95 3.9
-38.1 -4.8 2.1
-38.3 -4.7 2.5
-38.2 -4.7 2.6
-37.63 -5.05 2.3
-41.48 -4.3 3.1
-35.75 -5.53 3.4
-35.75 -5.53 3.9
-35.75 -5.53 3.3
-35.75 -5.53 3.0
-35.75 -5.53 3.0
-35.75 -5.53 3.1
-35.75 -5.53 3.0
-37.97 -4.82 2.8
-37.98 -4.81 3.7
-37.98 -4.81 3.9
-37.98 -4.81 4.2
-37.97 -4.81 4.1
-37.97 -4.81 3.3
-37.97 -4.81 3.0
-37.97 -4.81 3.2
-35.75 -5.53 3.3
-37.98 -4.81 3.3
-35.75 -5.53 3.0
-37.98 -4.81 3.4
-37.97 -4.81 3.6
-37.97 -4.81 3.1
-35.69 -5.46 5.0
-35.69 -5.46 3.2
-35.69 -5.46 3.9
-35.69 -5.46 3.3
-35.69 -5.46 3.5
-35.69 -5.46 3.0
-37.97 -4.81 3.5
-37.97 -4.81 4.1
-37.97 -4.81 4.5
-37.97 -4.81 3.7
-37.97 -4.81 3.9
-35.69 -5.46 3.6
-38.59 -12.3 2.2
-37.97 -4.81 3.0
-37.97 -4.81 3.2
-35.69 -5.46 3.0
-37.97 -4.81 4.1
-40.24 -4.94 2.8
-37.97 -4.81 3.8
-37.97 -4.81 3.9
-36.91 -5.81 2.0
-36.91 -5.81 2.3
-36.91 -5.81 2.0
-37.97 -4.81 3.6
-37.97 -4.81 4.2
-37.97 -4.81 3.5
-37.97 -4.81 3.1
-37.97 -4.81 3.0
-41.44 -7.08 2.6
-40.83 -3.76 3.2
-40.3 -12.55 2.9
-36.91 -5.81 2.6
-36.91 -5.81 2.1
-36.88 -5.82 2.2
-35.85 -5.65 2.8
-35.85 -5.65 3.0
-35.85 -5.65 3.2
-36.88 -5.82 2.1
-35.85 -5.65 3.7
-38.47 -4.33 2.0
-39.48 -5.72 2.5
-36.9 -5.85 2.2
-39.67 -5.64 2.1
-35.85 -5.65 3.1
-37.3 -5.9 2.1
-37.3 -5.9 2.3
-36.34 -6.71 2.6
-36.42 -9.31 2.5
-40.37 -11.18 2.1
-38.49 -6.06 2.8
-38.49 -6.06 2.1
-38.74 -10.61 2.2
-37.42 -9.75 2.0
-39.87 -3.93 4.9
-35.69 -5.46 3.5
-41.75 -9.02 2.9
-40.33 -4.36 2.4
-36.02 -8.28 2.0
-38.65 -12.84 2.3
-36.02 -8.28 2.1
-40.57 -11.73 2.4
-36.02 -8.28 2.5
-40.28 -9.56 2.0
-38.67 -12.91 2.2
-38.69 -12.43 2.0
-36.89 -10.34 2.8
-35.72 -5.49 3.0
-35.85 -5.64 3.2
-39.83 -13.55 3.0
-40.57 -11.73 2.1
-40.57 -11.73 2.3
-40.57 -11.73 2.8
-40.57 -11.73 2.1
-40.57 -11.73 2.4
-40.57 -11.73 2.3
-40.03 -10.31 2.5
-39.03 -12.78 3.2
-40.57 -11.73 2.0
-40.57 -11.73 2.4
-40.57 -11.73 2.4
-40.57 -11.73 2.1
-40.57 -11.73 2.2
-40.57 -11.73 2.1
-40.57 -11.73 2.6
-37.09 -6.8 2.4
-35.84 -5.63 2.6
-37.97 -4.81 2.0
-35.84 -5.63 3.0
-35.84 -5.63 2.7
-36.02 -8.28 2.2
-36.26 -5.65 2.3
-39.52 -2.9 2.4
-40.45 -3.25 2.1
-40.14 -3.81 2.4
-40.14 -3.81 2.5
-38.1 -5.93 2.2
-37.07 -10.49 3.5
-37.07 -10.49 3.5
-36.02 -8.28 2.1
-36.02 -8.28 2.5
-36.02 -8.28 3.3
-38.29 -4.41 2.1
-38.29 -4.41 2.1
-38.29 -4.41 2.0
-35.85 -5.65 2.0
-35.85 -5.65 2.0
-35.85 -5.65 2.0
-35.85 -5.65 2.0
-38.29 -4.41 2.0
-38.29 -4.41 2.2
-38.29 -4.41 2.1
-36.54 -9.75 2.8
-38.29 -4.41 2.1
-38.29 -4.41 2.1
-38.29 -4.41 2.1
-38.29 -4.41 2.0
-38.29 -4.41 2.2
-38.29 -4.41 2.1
-38.29 -4.41 2.9
-38.29 -4.41 2.2
-38.29 -4.41 2.4
-38.29 -4.41 2.0
-38.29 -4.41 2.6
-38.29 -4.41 2.6
-35.69 -5.46 2.3
-38.29 -4.41 2.0
-38.29 -4.41 2.5
-38.29 -4.41 2.5
-38.29 -4.41 2.5
-38.29 -4.41 2.0
-38.29 -4.41 2.2
-38.29 -4.41 2.3
-38.29 -4.41 2.4
-38.29 -4.41 2.1
-38.29 -4.41 2.2
-38.29 -4.41 2.5
-38.29 -4.41 2.4
-38.29 -4.41 2.7
-38.29 -4.41 2.9
-38.29 -4.41 2.2
-38.29 -4.41 2.0
-38.29 -4.41 2.0
-38.29 -4.41 2.3
-38.29 -4.41 2.0
-38.29 -4.41 2.0
-38.29 -4.41 2.8
-38.29 -4.41 2.0
-37.34 -10.51 2.6
-38.29 -4.41 2.2
-38.29 -4.41 2.4
-38.29 -4.41 2.4
-38.29 -4.41 2.2
-38.29 -4.41 2.2
-38.29 -4.41 3.5
-38.29 -4.41 2.4
-38.29 -4.41 2.0
-38.29 -4.41 2.0
-38.29 -4.41 2.1
-38.29 -4.41 2.0
-36.54 -5.49 3.0
-36.54 -5.49 2.6
-35.69 -5.46 3.5
-35.69 -5.46 2.2
-38.29 -4.41 2.8
-38.29 -4.41 2.0
-38.29 -4.41 2.3
-39.66 -13.42 2.7
-38.29 -4.41 2.3
-38.29 -4.41 2.1
-38.29 -4.41 2.1
-38.29 -4.41 2.1
-38.29 -4.41 2.0
-35.85 -5.65 2.2
-38.29 -4.41 2.8
-38.29 -4.41 2.5
-38.29 -4.41 2.2
-38.29 -4.41 2.6
-38.29 -4.41 2.5
-38.29 -4.41 2.2
-38.29 -4.41 2.6
-38.29 -4.41 2.1
-35.88 -5.55 2.3
-35.94 -5.37 2.9
-35.75 -5.53 2.1
-40.22 -7.11 2.6
-40.38 -12.29 2.2
-38.29 -4.41 3.5
-38.19 -4.67 2.7
-35.61 -5.61 2.6
-40.41 -3.91 3.4
-38.19 -10.79 2.2
-35.75 -5.53 2.0
-35.75 -5.53 2.1
-35.75 -5.53 2.0
-35.75 -5.53 2.0
-35.75 -5.53 2.5
-38.29 -4.41 2.5
-35.75 -5.53 2.3
-35.75 -5.53 2.2
-35.75 -5.53 2.5
-35.75 -5.53 2.4
-35.75 -5.53 2.0
-35.73 -5.52 2.7
-35.73 -5.52 2.3
-37.77 -10.63 2.1
-35.98 -8.28 2.8
-35.73 -5.52 2.6
-35.73 -5.52 2.0
-35.98 -8.28 2.3
-38.37 -10.96 2.6
-35.69 -5.46 2.3
-38.29 -4.41 2.1
-38.29 -4.41 2.1
-38.29 -4.41 2.2
-39.47 -4.3 2.3
-39.47 -4.3 2.0
-38.29 -4.41 2.2
-38.29 -4.41 2.0
-38.29 -4.41 2.0
-35.69 -5.46 2.0
-35.75 -5.54 2.1
-38.29 -4.41 2.1
-35.74 -5.52 2.4
-35.74 -5.52 2.3
-35.74 -5.52 2.3
-40.79 -3.76 3.2
-38.29 -4.41 2.1
-38.29 -4.41 2.7
-40.79 -3.76 2.4
-40.43 -3.19 3.2
-35.74 -5.52 2.5
-40.43 -3.19 2.4
-35.74 -5.52 2.7
-40.43 -3.19 2.0
-38.29 -4.41 2.1
-38.29 -4.41 2.2
-38.29 -4.41 2.2
-35.73 -5.5 2.0
-38.29 -4.41 2.0
-38.29 -4.41 2.1
-38.29 -4.41 2.2
-38.29 -4.41 2.0
-38.29 -4.41 2.0
-38.29 -4.41 2.5
-38.29 -4.41 3.6
-38.29 -4.41 2.0
-38.29 -4.41 3.3
-38.29 -4.41 2.0
-38.29 -4.41 2.8
-38.29 -4.41 3.3
-35.69 -5.46 2.4
-38.29 -4.41 2.3
-38.15 -5.46 2.2
-38.15 -5.46 2.2
-38.29 -4.41 2.0
-38.29 -4.41 2.0
-38.29 -4.41 2.2
-38.29 -4.41 2.0
-38.29 -4.41 2.0
-38.29 -4.41 2.7
-40.43 -3.19 2.0
-38.29 -4.41 2.3
-38.29 -4.41 2.0
-38.29 -4.41 2.2
-38.29 -4.41 2.3
-39.53 -3.94 2.9
-38.29 -4.41 2.4
-35.85 -5.66 2.2
-38.29 -4.41 2.3
-38.29 -4.41 2.6
-40.43 -3.19 3.0
-38.29 -4.41 2.0
-38.29 -4.41 2.1
-38.29 -4.41 2.3
-38.29 -4.41 3.1
-38.29 -4.41 2.6
-35.9 -5.66 2.0
-35.9 -5.66 2.0
-39.49 -3.87 2.1
-39.49 -3.87 2.8
-35.74 -5.52 2.0
-35.9 -5.66 2.0
-39.42 -3.94 2.1
-39.42 -3.94 2.1
-35.78 -5.57 2.1
-38.29 -4.41 2.8
-35.9 -5.66 2.0
-38.29 -4.41 2.1
-35.78 -5.57 2.1
-38.29 -4.41 2.0
-38.29 -4.41 4.0
-38.29 -4.41 2.5
-38.29 -4.41 2.0
-38.29 -4.41 2.3
-38.29 -4.41 2.3
-38.29 -4.41 2.4
-38.29 -4.41 2.2
-38.29 -4.41 2.0
-38.29 -4.41 2.4
-38.29 -4.41 2.5
-38.29 -4.41 2.3
-39.87 -9.87 3.1
-38.29 -4.41 2.8
-38.29 -4.41 2.3
-38.29 -4.41 2.1
-39.87 -9.87 2.5
-38.29 -4.41 2.0
-38.29 -4.41 2.4
-37.0 -9.66 2.5
-38.29 -4.41 2.1
-39.87 -9.87 2.8
-38.35 -6.55 2.2
-35.85 -5.66 2.0
-38.15 -4.41 2.0
-35.82 -5.62 3.0
-35.82 -5.62 2.1
-35.82 -5.62 2.2
-39.58 -13.17 2.9
-38.29 -4.41 2.3
-39.53 -3.94 2.0
-39.87 -9.87 2.2
-36.02 -8.28 3.0
-38.29 -4.41 2.2
-38.29 -4.41 2.8
-38.29 -4.41 2.1
-38.29 -4.41 2.1
-38.29 -4.41 3.3
-38.29 -4.41 2.6
-38.29 -4.41 3.1
-38.29 -4.41 3.0
-38.29 -4.41 2.7
-35.6 -5.5 2.4
-38.29 -4.41 3.5
-38.29 -4.41 4.1
-39.87 -9.87 2.8
-38.4 -4.3 3.1
-40.43 -3.19 3.2
-40.43 -3.19 3.0
-38.4 -4.3 3.0
-39.42 -5.28 3.3
-38.29 -4.41 3.7
-39.87 -9.87 3.0
-39.87 -9.87 3.1
-35.96 -8.26 2.7
-35.96 -8.26 3.8
-35.96 -8.26 2.0
-35.96 -8.26 2.5
-35.96 -8.26 2.5
-35.96 -8.26 2.9
-35.96 -8.26 2.3
-35.96 -8.26 2.5
-35.96 -8.26 2.2
-35.96 -8.26 2.2
-35.96 -8.26 2.3
-35.96 -8.26 2.4
-35.96 -8.26 2.5
-35.96 -8.26 2.8
-35.96 -8.26 2.9
-35.96 -8.26 2.3
-35.96 -8.26 2.4
-36.16 -8.26 2.4
-38.65 -12.56 3.0
-38.65 -12.56 3.7
-38.65 -12.56 2.8
-38.86 -12.8 3.6
-38.65 -12.56 2.9
-35.96 -8.26 2.4
-35.96 -8.26 2.1
-40.22 -8.33 3.5
-36.16 -8.26 2.0
-35.87 -5.66 3.4
-39.98 -4.24 2.5
-35.96 -8.26 2.4
-35.6 -5.63 2.7
-35.6 -5.63 2.6
-35.6 -5.63 2.7
-35.6 -5.63 2.1
-35.6 -5.63 2.6
-35.6 -5.63 2.1
-35.6 -5.63 2.2
-34.28 -9.61 3.3
-35.96 -8.26 2.4
-36.58 -8.33 2.7
-38.8 -6.57 3.2
-36.58 -8.33 2.4
-35.96 -8.26 2.5
-39.74 -4.98 2.8
-38.37 -8.22 2.2
-36.58 -8.33 2.5
-36.58 -8.33 2.3
-36.58 -8.33 2.0
-36.58 -8.33 2.0
-36.58 -8.33 2.2
-36.58 -8.33 2.3
-36.58 -8.33 2.3
-36.58 -8.33 2.2
-36.58 -8.33 3.1
-36.58 -8.33 2.3
-36.58 -8.33 2.0
-36.58 -8.33 2.5
-36.58 -8.33 2.1
-36.58 -8.33 2.0
-36.58 -8.33 2.9
-36.58 -8.33 2.3
-36.58 -8.33 2.0
-36.58 -8.33 2.0
-38.48 -4.37 3.3
-35.69 -5.46 2.6
-38.36 -4.35 3.0
-38.36 -4.35 3.1
-37.86 -5.71 2.3
-37.86 -5.71 2.0
-37.31 -5.89 2.0
-35.57 -5.56 2.0
-36.93 -10.07 3.4
-35.33 -7.33 2.6
-36.16 -8.26 2.5
-36.16 -8.26 3.9
-38.29 -4.41 2.6
-38.29 -4.41 3.1
-36.16 -8.26 3.3
-37.06 -10.51 2.5
-36.16 -8.26 3.6
-35.0 -5.0 4.0
-36.161 -8.264 3.9
-36.16 -8.26 3.4
-36.16 -8.26 2.6
-36.16 -8.26 3.3
-36.58 -8.33 2.8
-40.13 -3.23 2.9
-38.28 -5.28 2.1
-38.28 -5.28 2.3
-38.05 -5.92 3.2
-41.66 -11.35 3.0
-40.51 -3.63 2.5
-40.51 -3.63 2.8
-39.88 -6.14 2.3
-40.51 -3.63 3.7
-40.51 -3.63 3.7
-40.51 -3.63 3.4
-40.51 -3.63 2.4
-40.51 -3.63 2.8
-40.51 -3.63 2.9
-40.51 -3.63 2.2
-40.51 -3.63 3.5
-40.51 -3.63 3.1
-40.51 -3.63 3.8
-40.51 -3.63 3.9
-40.51 -3.63 3.0
-40.51 -3.63 2.4
-40.51 -3.63 2.4
-40.51 -3.63 2.1
-40.51 -3.63 2.4
-40.51 -3.63 2.2
-40.51 -3.63 3.5
-40.51 -3.63 3.5
-40.51 -3.63 2.5
-40.51 -3.63 2.2
-40.51 -3.63 2.5
-40.53 -3.62 2.6
-40.53 -3.62 2.2
-40.53 -3.62 2.3
-38.7 -4.19 2.6
-40.51 -3.63 2.4
-40.51 -3.63 2.6
-40.51 -3.63 2.2
-40.53 -3.62 2.5
-40.53 -3.62 3.4
-40.73 -3.07 2.6
-38.16 -4.62 2.6
-40.33 -3.76 2.6
-35.96 -8.26 2.1
-40.65 -3.55 2.9
-40.65 -3.55 2.7
-35.66 -5.55 3.5
-35.66 -5.55 4.3
-36.15 -8.3 2.9
-38.05 -5.92 2.0
-36.78 -8.46 2.0
-36.78 -8.46 3.2
-36.15 -8.3 2.7
-36.79 -5.97 2.9
-35.66 -5.55 2.3
-36.78 -8.46 2.6
-39.87 -3.93 2.3
-36.15 -8.3 2.3
-35.91 -8.57 2.8
-35.91 -8.57 2.0
-35.91 -8.57 2.2
-39.5 -13.2 3.2
-36.29 -8.33 2.7
-41.32 -10.73 2.5
-36.15 -8.3 2.7
-36.15 -8.3 2.0
-40.51 -3.63 2.6
-40.51 -3.63 3.1
-36.1 -5.46 3.1
-36.1 -5.46 3.0
-36.1 -5.46 3.1
-36.1 -5.46 2.0
-36.1 -5.46 2.3
-36.1 -5.46 2.1
-36.1 -5.46 2.5
-36.1 -5.46 2.6
-35.66 -5.55 2.1
-35.66 -5.55 2.6
-35.96 -8.26 2.0
-40.29 -3.5 2.7
-40.51 -3.63 2.7
-40.29 -3.5 2.7
-35.78 -8.24 2.2
-36.81 -6.12 2.1
-40.51 -3.63 3.0
-35.75 -5.54 2.3
-35.75 -5.54 2.1
-35.75 -5.54 2.3
-35.75 -5.54 2.2
-35.75 -5.54 2.1
-35.75 -5.54 2.6
-35.75 -5.54 2.2
-35.75 -5.54 2.8
-40.21 -3.46 2.1
-36.1 -5.46 2.0
-40.47 -8.96 3.3
-36.1 -5.46 2.0
-40.51 -3.63 2.0
-36.1 -5.46 2.1
-36.1 -5.46 2.0
-40.51 -3.63 2.1
-41.14 -3.0 2.5
-36.0 -8.24 2.1
-36.16 -8.25 2.6
-36.16 -8.25 2.6
-36.16 -8.25 3.1
-36.1 -5.46 2.8
-36.16 -8.25 2.2
-37.93 -4.31 2.0
-36.1 -5.46 2.4
-37.87 -5.98 2.7
-39.1 -4.01 2.1
-36.2 -8.33 2.2
-36.1 -5.46 2.7
-40.51 -3.63 2.9
-40.51 -3.63 2.2
-36.16 -8.25 2.2
-36.16 -8.25 2.2
-36.1 -5.46 2.7
-36.1 -5.46 3.0
-36.16 -8.25 2.7
-36.1 -5.46 2.8
-35.84 -8.37 2.3
-36.1 -5.46 2.0
-36.1 -5.46 2.1
-35.75 -5.52 2.8
-36.1 -5.46 2.6
-36.1 -5.46 2.4
-36.1 -5.46 2.4
-36.1 -5.46 3.6
-36.1 -5.46 2.7
-35.89 -5.22 2.1
-35.89 -5.24 2.2
-35.86 -5.24 2.6
-36.08 -5.46 3.6
-36.08 -5.46 2.8
-36.08 -5.45 2.3
-40.45 -3.62 2.9
-36.11 -5.41 3.9
-36.1 -5.35 3.6
-36.15 -5.51 3.5
-36.14 -5.46 2.8
-35.77 -5.37 3.5
-36.1 -5.41 3.2
-36.14 -5.47 2.1
-36.14 -5.51 2.4
-36.16 -5.56 2.1
