2014 05 22 (142) 18 56 23 519  -6.432  -50.176     0.000  3.244   mR    manual preliminary 
2014 06 23 (174) 22 36 23 643  -7.814  -59.156    10.000  3.412   mR    manual   confirmed 
2014 07 01 (182) 14 54 16 252  -6.532  -50.240     0.000  3.003   mR    manual preliminary 
2014 07 03 (184) 20 17 36 032  -6.216  -53.949     5.000  4.119    M automatic   confirmed 
2014 07 04 (185) 17 24 43 878  -6.402  -50.222     0.000  3.026   mR    manual preliminary 
2014 07 12 (193) 09 21 43 408  -8.636  -53.268    10.000  4.016   mR    manual   confirmed 
2014 07 13 (194) 17 08 20 164  -5.866  -49.298     0.000  3.187   mR    manual preliminary 
2014 07 14 (195) 18 53 41 072  -6.546  -50.165     0.000  2.924   mR    manual preliminary 
2014 07 22 (203) 19 06 36 296  -8.577  -53.341    10.000  3.351   mR    manual   confirmed 
2014 08 01 (213) 16 48 58 012  -6.506  -50.096     0.000  2.825   mR    manual preliminary 
2014 08 06 (218) 00 16 37 714  -6.466  -50.158     0.000  2.538   mR    manual preliminary 
2014 08 08 (220) 12 46 30 538  -6.489  -50.077     0.000  2.771   mR    manual preliminary 
2014 08 08 (220) 15 59 23 880  -5.949  -50.271     1.885  3.463  MLv    manual   confirmed 
2014 08 08 (220) 16 05 14 556  -6.347  -50.738     0.000  3.580   mb    manual preliminary 
2014 08 08 (220) 20 12 50 268  -5.730  -50.579     0.000  2.751   mR    manual preliminary 
2014 08 08 (220) 20 35 28 429  -6.485  -50.123     0.000  2.911   mR    manual preliminary 
2014 08 09 (221) 06 40 34 925 -13.812  -52.508    10.000  2.178   mR    manual   confirmed 
2014 08 11 (223) 15 05 01 839  -6.236  -50.121     0.000  2.697   mR    manual preliminary 
2014 08 12 (224) 18 09 59 334  -9.139  -49.584     0.000  2.996   mR    manual preliminary 
2014 08 14 (226) 06 57 37 771  -3.430  -51.930     0.000  2.760    M    manual   confirmed 
2014 08 15 (227) 15 40 15 615  -6.402  -50.117     7.857  3.633    M    manual   confirmed 
2014 08 15 (227) 19 02 22 774  -5.283  -50.347     0.000  3.459    M    manual   confirmed 
2014 08 18 (230) 17 55 44 068  -6.203  -50.211     0.000  2.845   mR    manual   confirmed 
2014 08 19 (231) 16 03 36 206  -6.353  -50.115     0.000  3.605    M    manual preliminary 
2014 08 20 (232) 15 20 04 879  -6.500  -50.179     0.000  2.683   mR    manual preliminary 
2014 08 21 (233) 18 17 48 384  -6.330  -50.122     0.000  2.844   mR    manual preliminary 
2014 08 23 (235) 04 27 06 530  -8.535  -53.249    10.000  2.407   mR    manual   confirmed 
2014 08 25 (237) 02 50 37 262  -8.476  -53.171    10.000  2.450   mR    manual   confirmed 
2014 08 26 (238) 18 27 31 578  -6.405  -50.278     0.000  2.869   mR    manual preliminary 
2014 08 27 (239) 20 47 15 668  -6.353  -50.177     0.000  2.809   mR    manual preliminary 
2014 08 29 (241) 20 52 32 581  -5.859  -50.652     0.000  2.864   mR    manual preliminary 
2014 09 02 (245) 20 16 07 312  -5.773  -49.827     0.000  3.586    M    manual preliminary 
2014 09 03 (246) 17 50 50 517  -8.691  -53.239    10.000  2.992   mR    manual   confirmed 
2014 09 04 (247) 16 10 06 079  -6.378  -50.126     0.000  2.874   mR    manual preliminary 
2014 09 05 (248) 16 20 52 437  -9.478  -63.049    10.000  2.321   mR    manual   confirmed 
2014 09 06 (249) 14 24 03 307  -5.959  -50.696     0.000  2.792   mR    manual preliminary 
2014 09 08 (251) 18 20 34 978 -10.389  -51.704    25.092  3.536    M    manual   confirmed 
2014 09 08 (251) 18 58 56 169 -10.116  -51.474    10.000  2.472   mR    manual   confirmed 
2014 09 08 (251) 21 28 56 198  -6.506  -50.186     0.000  3.557    M    manual preliminary 
2014 09 09 (252) 13 21 25 320  -6.589  -50.065     0.000  3.469    M    manual   confirmed 
2014 09 09 (252) 17 04 48 078 -11.677  -52.472     0.000  3.841    M    manual   confirmed 
2014 09 10 (253) 19 36 32 031 -11.836  -49.472    10.000  2.341    M    manual   confirmed 
2014 09 11 (254) 03 13 57 625 -11.508  -56.708    10.000  3.270   mR    manual   confirmed 
2014 09 11 (254) 03 17 14 924 -11.555  -56.799    10.000  3.597   mR    manual   confirmed 
2014 09 15 (258) 15 41 51 698  -6.350  -50.221     0.000  2.596   mR    manual preliminary 
2014 09 15 (258) 19 26 45 182  -6.413  -50.221     0.000  2.626   mR    manual preliminary 
2014 09 20 (263) 06 18 34 708  -6.514  -50.091     0.000  3.049   mR    manual   confirmed 
2014 09 22 (265) 09 38 10 215  -8.606  -53.198    10.000  3.332   mR    manual   confirmed 
2014 09 23 (266) 07 42 18 455 -11.451  -56.610    10.000  2.752   mR    manual   confirmed 
2014 09 23 (266) 15 23 02 970  -6.472  -50.160     0.000  2.826   mR    manual preliminary 
2014 09 23 (266) 20 45 57 632  -6.565  -50.239     0.000  3.619    M    manual preliminary 
2014 09 26 (269) 15 28 25 820  -5.975  -50.169     0.000  3.405    M    manual preliminary 
2014 09 26 (269) 16 02 56 631  -6.449  -50.121     0.000  2.864   mR    manual preliminary 
2014 09 27 (270) 16 55 41 643  -6.541  -50.135     0.000  3.648    M    manual   confirmed 
2014 09 27 (270) 18 27 22 045  -6.115  -50.680     0.000  3.577    M    manual   confirmed 
2014 09 30 (273) 18 05 23 203  -6.509  -50.182     0.000  3.099    M    manual   confirmed 
2014 10 01 (274) 21 20 07 998  -5.547  -55.905    10.000  2.308   mR    manual   confirmed 
2014 10 06 (279) 18 19 25 623  -6.449  -50.136     0.000  3.247    M    manual   confirmed 
2014 10 07 (280) 13 42 57 641  -6.086  -50.233     0.000  3.554    M    manual   confirmed 
2014 10 09 (282) 16 08 51 872  -3.404  -52.018     0.000  3.701   mb    manual preliminary 
2014 10 10 (283) 07 48 08 235  -3.402  -51.906     0.000  3.149    M    manual preliminary 
2014 10 10 (283) 17 10 25 293  -5.691  -50.580     0.000  2.710   mR    manual   confirmed 
2014 10 10 (283) 18 18 56 561  -6.406  -50.223     0.000  2.896   mR    manual   confirmed 
2014 10 11 (284) 08 34 27 217  -3.417  -51.990     0.000  3.293    M    manual preliminary 
2014 10 11 (284) 15 29 38 530  -6.482  -50.183     0.000  3.556    M    manual preliminary 
2014 10 11 (284) 20 33 32 940  -5.736  -50.177     0.000  3.648    M    manual preliminary 
2014 10 12 (285) 08 45 23 336  -3.798  -52.274     0.000  3.078    M    manual preliminary 
2014 10 14 (287) 08 41 21 722  -3.454  -51.906     0.000  3.072    M    manual   confirmed 
2014 10 14 (287) 15 17 20 897  -6.535  -50.134     0.000  3.392    M    manual preliminary 
2014 10 15 (288) 08 11 14 403  -3.458  -52.009     0.000  2.833    M    manual   confirmed 
2014 10 15 (288) 20 18 43 239  -5.677  -50.552     0.000  3.660    M    manual preliminary 
2014 10 16 (289) 07 52 19 338  -3.541  -51.994     0.000  3.331    M    manual preliminary 
2014 10 17 (290) 21 28 25 853  -6.368  -50.148     0.000  3.334    M    manual   confirmed 
2014 10 18 (291) 07 34 52 664  -3.501  -52.047     0.000  3.312    M    manual   confirmed 
2014 10 18 (291) 17 13 58 503  -6.443  -50.164     0.000  3.336    M    manual   confirmed 
2014 10 21 (294) 07 47 52 156  -3.532  -51.874     0.000  2.761    M    manual   confirmed 
2014 10 22 (295) 08 27 07 998  -3.327  -51.946     0.000  3.260    M    manual preliminary 
2014 10 22 (295) 16 31 35 189  -6.335  -50.144     0.000  3.303    M    manual   confirmed 
2014 10 22 (295) 20 43 57 270  -5.907  -50.696     0.000  3.299    M    manual   confirmed 
2014 10 24 (297) 16 09 41 216  -3.487  -52.068     0.000  3.340    M    manual   confirmed 
2014 10 25 (298) 08 06 00 642  -3.391  -52.012     0.000  3.115    M    manual preliminary 
2014 10 25 (298) 18 21 44 133  -6.435  -50.146     0.000  3.363    M    manual   confirmed 
2014 10 26 (299) 08 17 55 329  -3.405  -51.972     0.000  3.143    M    manual   confirmed 
2014 10 28 (301) 15 16 38 105  -6.503  -50.138     0.000  2.765   mR    manual preliminary 
2014 10 29 (302) 08 08 53 559  -3.468  -51.954     0.000  3.150    M    manual   confirmed 
2014 10 29 (302) 16 03 56 542  -6.422  -50.176     0.000  3.251    M    manual preliminary 
2014 10 30 (303) 19 44 38 765  -5.708  -50.609     0.000  3.538    M    manual preliminary 
2014 10 31 (304) 14 01 12 631  -8.502  -53.301    10.000  2.604   mR    manual   confirmed 
2014 11 01 (305) 06 22 35 736  -8.644  -53.234    10.000  2.922   mR    manual   confirmed 
2014 11 01 (305) 07 50 09 008  -3.470  -52.036     0.000  2.961    M    manual   confirmed 
2014 11 01 (305) 20 15 04 801  -6.530  -50.119     0.000  3.261    M    manual   confirmed 
2014 11 05 (309) 19 34 27 667  -6.440  -50.062     0.000  3.645    M    manual   confirmed 
2014 11 07 (311) 07 59 00 727  -3.398  -51.946     0.000  2.160   mR    manual   confirmed 
2014 11 08 (312) 08 26 10 133  -3.418  -51.960     0.000  3.554    M    manual preliminary 
2014 11 08 (312) 18 38 41 601  -6.066  -50.687     0.000  3.686    M    manual preliminary 
2014 11 11 (315) 07 20 44 593  -3.546  -51.971     0.000  3.210    M    manual preliminary 
2014 11 11 (315) 20 56 46 381  -6.071  -50.315     0.000  2.953   mR    manual   confirmed 
2014 11 12 (316) 08 03 56 751  -3.375  -51.774     0.000  2.600   mR    manual   confirmed 
2014 11 12 (316) 15 01 53 021  -6.411  -50.177     0.000  2.572   mR    manual   confirmed 
2014 11 13 (317) 09 56 37 472 -11.154  -56.798    10.000  2.737   mR    manual   confirmed 
2014 11 13 (317) 10 04 38 330 -11.032  -56.663    10.000  1.943   mR    manual   confirmed 
2014 11 15 (319) 16 04 47 952  -6.431  -50.292     0.000  2.848   mR    manual   confirmed 
2014 11 15 (319) 16 04 54 459  -3.299  -52.062     0.000  2.391   mR    manual preliminary 
2014 11 16 (320) 07 15 09 464  -3.552  -52.133     0.000  2.540   mR    manual preliminary 
2014 11 20 (324) 20 16 40 511  -6.317  -50.268     0.000  3.443    M    manual preliminary 
2014 11 22 (326) 09 12 16 346 -14.488  -58.020   562.952  4.267    M automatic        None 
2014 11 24 (328) 20 15 13 353  -6.464  -50.000     0.000  3.373   mR    manual   confirmed 
2014 11 26 (330) 08 03 12 785  -3.193  -51.957     0.000  2.872   mR    manual preliminary 
2014 11 26 (330) 19 16 08 031 -10.586  -56.471    10.000  2.409   mR    manual   confirmed 
2014 11 27 (331) 19 05 47 189  -6.617  -49.322     0.000  2.582   mR    manual preliminary 
2014 11 27 (331) 20 47 53 495  -5.927  -50.205     0.000  2.961   mR    manual preliminary 
2014 11 28 (332) 16 42 19 166  -5.798  -50.687     0.000  2.919   mR    manual preliminary 
2014 11 28 (332) 20 42 36 189  -6.460  -50.109     0.000  2.945   mR    manual preliminary 
2014 12 02 (336) 15 43 11 818  -6.034  -50.043     0.000  3.267    M    manual preliminary 
2014 12 02 (336) 16 38 19 469  -6.455  -50.155     0.000  3.063   mR    manual preliminary 
2014 12 02 (336) 18 23 10 320  -6.099  -50.693     0.000  2.913   mR    manual preliminary 
2014 12 03 (337) 07 55 35 752  -3.656  -52.003     0.000  2.618   mR    manual preliminary 
2014 12 03 (337) 15 35 24 413  -6.462  -50.114     0.000  2.923   mR    manual preliminary 
2014 12 03 (337) 20 23 33 449  -6.117  -50.252     0.000  3.096   mR    manual preliminary 
2014 12 03 (337) 21 57 44 464  -5.571  -55.596    10.000  2.044   mR    manual preliminary 
2014 12 04 (338) 08 14 53 481  -3.482  -52.006     0.000  2.369   mR    manual preliminary 
2014 12 04 (338) 08 17 41 376  -3.368  -52.043     0.000  2.173   mR    manual   confirmed 
2014 12 05 (339) 07 37 52 028  -3.500  -51.923     0.000  1.405    M    manual   confirmed 
2014 12 05 (339) 07 58 50 739  -3.234  -51.958     0.000  2.191   mR    manual   confirmed 
2014 12 05 (339) 08 01 10 580  -3.519  -51.946     0.000  2.360   mR    manual   confirmed 
2014 12 05 (339) 15 43 00 618  -6.272  -50.173     0.000  3.269   mR    manual   confirmed 
2014 12 05 (339) 16 01 44 038  -3.424  -51.985     0.000  2.326    M    manual   confirmed 
2014 12 06 (340) 07 10 06 989  -3.221  -51.802     0.000  2.240   mR    manual   confirmed 
2014 12 06 (340) 07 37 59 170  -3.260  -51.879     0.000  2.009   mR    manual   confirmed 
2014 12 06 (340) 07 59 17 827  -3.358  -51.924     0.000  2.443   mR    manual   confirmed 
2014 12 06 (340) 20 20 30 060  -6.520  -50.200     0.000  2.965   mR    manual preliminary 
2014 12 07 (341) 10 47 06 041  -2.076  -54.315    10.000  2.801   mR    manual   confirmed 
2014 12 20 (354) 00 36 18 885  -1.144  -50.098    10.000  3.471   mR    manual preliminary 
2014 12 21 (355) 06 06 34 375  -3.123  -51.758     0.000  1.569   mR    manual   confirmed 
2014 12 21 (355) 07 28 42 523  -3.479  -51.928     0.449  2.794   mR    manual preliminary 
2014 12 22 (356) 19 46 26 464  -6.424  -50.138     0.000  3.078   mR    manual preliminary 
2014 12 24 (358) 13 37 43 827  -6.231  -50.280     0.000  2.692   mR    manual preliminary 
2014 12 24 (358) 17 17 45 050  -6.463  -50.142     0.000  2.842   mR    manual preliminary 
2014 12 25 (359) 15 44 21 407 -11.622  -56.498    10.000  2.743   mR    manual preliminary 
2014 12 25 (359) 16 41 49 760 -10.014  -51.773    10.000  2.448   mR    manual   confirmed 
2014 12 26 (360) 21 22 37 822  -2.977  -51.973     0.000  2.888    M    manual preliminary 
2014 12 27 (361) 15 29 56 078  -6.370  -49.592     0.000  3.013   mR    manual   confirmed 
2014 12 29 (363) 07 29 55 916 -13.695  -58.601    10.000  2.451   mR    manual preliminary 
