-45.83586805528213 -23.3122458603639
-45.81857720013817 -23.29882258424894
-45.79797470148836 -23.29303771957768
-45.78467347855871 -23.27930008180912
-45.76340414365874 -23.26618133181142
-45.73748447742602 -23.24603843447503
-45.72088148910715 -23.23995275925189
-45.71157065125401 -23.22588967426837
-45.69463033537681 -23.21611627757759
-45.67702360958099 -23.19900416108913
-45.66840268853724 -23.19231470535424
-45.64718397940167 -23.17924338295297
-45.62565037021773 -23.16252248482595
-45.61273589209683 -23.1524908027061
-45.60380499371258 -23.14215486053356
-45.57831750272762 -23.12574353112347
-45.56939607215909 -23.11541020201185
-45.55252346759198 -23.10568642988718
-45.53136028997987 -23.0926201562063
-45.49796305690445 -23.07681776755454
-45.4724133509491 -23.06023088692255
-45.45975154373888 -23.05369184440171
-45.44241275772323 -23.0400610767155
-45.42039107510158 -23.01932594312995
-45.40737518767306 -23.00908536069583
-45.36429739038537 -22.97859437021124
-45.3383623141019 -22.9582368553789
-45.31685997634779 -22.94140804695574
-45.30362730840958 -22.92762568175879
-45.28710358922881 -22.92153016339347
-45.27320741468878 -22.90037601610595
-45.25998355450142 -22.8865904327611
-45.24676225396226 -22.87280372559245
-45.22891536790064 -22.85196198398216
-45.21570145823199 -22.83817353441143
-45.19920030122783 -22.83207670159514
-45.13852639253899 -22.82210794082257
-45.10590093280514 -22.81359148131909
-45.08942780165178 -22.80748961324249
-45.06110948511859 -22.80233618024838
-45.05649383212765 -22.79528345469597
-45.02324376816604 -22.77939044476987
-45.01073792806416 -22.77296927904608
-44.98962763613181 -22.75975895081488
-44.97935781963943 -22.73454124478936
-44.97868904996184 -22.72716519343108
-44.96942306021594 -22.71300378118324
-44.94396725127895 -22.69633402473568
-44.92744414292838 -22.69013724534902
-44.90595615920598 -22.67316277360707
-44.89306432737583 -22.66297570010542
-44.89239605144322 -22.65559302688239
-44.91617460493318 -22.6538210623882
-44.92806483187552 -22.65293367007233
-44.95877183846753 -22.6394856825794
-44.96240153189915 -22.63549590245549
-44.96039543463949 -22.61333572602626
-44.95012730195761 -22.58806827888586
-44.93756764222036 -22.58156910801482
-44.91105840481872 -22.55703066339377
-44.90990477265463 -22.54576075221276
-44.92116874368482 -22.53751343187258
-44.95900992399268 -22.55391035389602
-44.99239553412526 -22.57000750823036
-45.02171805043541 -22.58626567823758
-45.04245461312726 -22.59573382914877
-45.05958151981632 -22.60921834682233
-45.08066328390101 -22.62237921705606
-45.10241903802881 -22.64292609492301
-45.11889488403784 -22.6490211569147
-45.1360422802452 -22.66250224607944
-45.15319430368516 -22.67598250941277
-45.17430680424285 -22.68913868423586
-45.20005184651902 -22.7093560554126
-45.22517606630389 -22.72224080485478
-45.23838413828696 -22.73603007807753
-45.26421314223131 -22.75633051684754
-45.28113602427942 -22.76622340353499
-45.29405334328601 -22.77636921688655
-45.30266536000409 -22.78313211345385
-45.32790112231064 -22.79614064995403
-45.34082129742448 -22.80628004909559
-45.3622785800446 -22.8230449522624
-45.38716310746477 -22.83231413352543
-45.41684977795523 -22.84892648578667
-45.43318357095373 -22.85156600652412
-45.44585330933375 -22.85815974703931
-45.46684864472242 -22.86791200056111
-45.49148881020233 -22.87370326393169
-45.52077920600299 -22.88659210078181
-45.54639793212157 -22.90341372205764
-45.56734195657811 -22.91312275430344
-45.58030690086846 -22.92336019971343
-45.59293159559819 -22.92991250805041
-45.61814810839595 -22.94294654958745
-45.63102587716457 -22.95294547534913
-45.63928898718235 -22.95597179423356
-45.66870603427675 -22.97202350227196
-45.69846668924551 -22.99171633860111
-45.70674471902056 -22.99476463435521
-45.71568717872431 -23.005129332104
-45.73357539183429 -23.02585637694541
-45.75047723810046 -23.03564781264332
-45.76804170234416 -23.05272461988641
-45.78958638686144 -23.06951045529194
-45.8068240177718 -23.08293563381714
-45.81610900665923 -23.09690606960762
-45.82936896502328 -23.11049404023049
-45.85423431454441 -23.11953431947319
-45.88672796529455 -23.12432647709666
-45.90331780016277 -23.13035050151586
-45.93287584131517 -23.14633873334455
-45.95051398680171 -23.1632621371595
-45.96487469828125 -23.18777650985875
-45.9832156196295 -23.21206808592317
-45.99254130909658 -23.22611143609127
-46.00619276859394 -23.24350593796969
-46.01119556475662 -23.25419278838818
-46.03282287582614 -23.27095201321014
-46.04647979720958 -23.28833772327829
-46.06775617467413 -23.30144989191188
-46.07639794355928 -23.308165898812
-46.08605805469419 -23.32587608747242
-46.09469916565487 -23.33258802117134
-46.11596054414876 -23.34569763028764
-46.12528014758443 -23.35973139936039
-46.14255876852477 -23.37313963525023
-46.15483583480301 -23.37586848045946
-46.17608926395074 -23.38895622475094
-46.18472604167828 -23.39565342231911
-46.19404389183288 -23.40966970046548
-46.17881415722507 -23.41824129180225
-46.16289976744517 -23.41949148742233
-46.13732153469279 -23.40305788879689
-46.12038009695326 -23.39331683291773
-46.10309721409317 -23.37990831067895
-46.08615202085133 -23.37015775424339
-46.05725711167198 -23.36132929096883
-46.03197568944674 -23.34855855185779
-46.01169848352664 -23.34646699930708
-45.99507066332569 -23.34039440162833
-45.96648261963102 -23.33526008102155
-45.95452107771506 -23.3361992871548
-45.94255967479874 -23.33713761813907
-45.91498788146001 -23.34298818979113
-45.87376838785861 -23.33144299249359
-45.83586805528213 -23.3122458603639