-38.69363574434851 -7.971171984809187
-38.69402550536121 -7.97909288723107
-38.6787923962076 -7.995699678801961
-38.66298431047274 -8.000424223971411
-38.63079805112871 -7.997990503755855
-38.62260632585991 -7.994411347241672
-38.61041577016411 -7.991022511651342
-38.58964850348836 -7.976132920538805
-38.57211105395244 -7.945212343157175
-38.56276623738845 -7.917873319997465
-38.56580130108721 -7.897885277441382
-38.58179206533307 -7.897125339142901
-38.59797573450968 -7.900324289173501
-38.62196149020522 -7.899182314238056
-38.64175562804395 -7.894270259058661
-38.65735744002279 -7.885588903725319
-38.66818460071073 -7.861262053543993
-38.68301673206591 -7.836739579212196
-38.7024365720558 -7.823896178253524
-38.71805080806649 -7.815203523831381
-38.74527972804146 -7.798008660917642
-38.76050433945354 -7.781394012296085
-38.78353669216725 -7.760428264100186
-38.78714665598309 -7.75231467852092
-38.80256672924458 -7.739654944729058
-38.81877381443412 -7.74283103231586
-38.83137324549214 -7.754122184305872
-38.85598708005975 -7.764826693190361
-38.88500755488213 -7.783257253894309
-38.90162350467077 -7.794356151434319
-38.90983381885113 -7.797925250783994
-38.92704995120845 -7.820910572522894
-38.93584728827884 -7.836369832325802
-38.94483378831874 -7.85579498486337
-38.94962081087211 -7.871452126523531
-38.95880471661091 -7.894840978296262
-38.96398434771704 -7.91842479462486
-38.96496309623908 -7.938240228060464
-38.96213173315298 -7.962212953654254
-38.93887915380421 -7.979228786618986
-38.92383348405946 -7.999817398937212
-38.91640820800166 -8.012092352026992
-38.89716070613342 -8.028908607281633
-38.86931803237643 -8.034221097051335
-38.86150265003494 -8.038568609525035
-38.83747306859473 -8.039723348073945
-38.81725556999771 -8.036722628667043
-38.80007346873331 -8.013720084817919
-38.78767366694832 -8.006372941350685
-38.77869678916728 -7.986948669030267
-38.75789156558911 -7.972063433266968
-38.72566242780677 -7.969638427180807
-38.69363574434851 -7.971171984809187