-38.82514160741871 -6.386789735410017
-38.82506139694906 -6.38518777303182
-38.82466037353821 -6.377176488359252
-38.81766384078975 -6.366289332377359
-38.812516756729 -6.36012704874852
-38.80375023564273 -6.346115074597443
-38.79699533245982 -6.340036163223123
-38.78484887609597 -6.322977392388554
-38.78307761385402 -6.319850100676166
-38.7759916304624 -6.307338272686537
-38.77421990261841 -6.304209657370143
-38.76746170076599 -6.298122849623152
-38.76552434016153 -6.291778534548755
-38.7604552589159 -6.287212706621822
-38.74558129559833 -6.279947642097315
-38.74389191792825 -6.278425852440215
-38.73214997356092 -6.269381441483222
-38.72049322949458 -6.261945850179054
-38.71196298629399 -6.252728124797191
-38.70689545550885 -6.248162506977517
-38.70317779940813 -6.238680742971036
-38.70266889707821 -6.229020005507899
-38.70063937884429 -6.221054258104556
-38.69860932346057 -6.213085991680258
-38.69201895319765 -6.210217295798861
-38.68348302856788 -6.200990467464751
-38.68187849710277 -6.201079482374999
-38.67173847687985 -6.191941842464001
-38.66642115376881 -6.182552755864005
-38.66607720720321 -6.176101712989647
-38.66556107529631 -6.166421561819307
-38.66816176406465 -6.154929059453551
-38.6697635961259 -6.154832283407485
-38.67594840371905 -6.14966102085153
-38.68086757595748 -6.151034451524466
-38.68787698593005 -6.161951452852065
-38.69859912271998 -6.182352975558129
-38.70891743179909 -6.194725340259046
-38.71255383898236 -6.202612840447753
-38.71923432382995 -6.207095517369672
-38.73098946619731 -6.216150025874679
-38.73606357117227 -6.220721643278159
-38.74274563714758 -6.225204829502514
-38.74757751008053 -6.224958524046364
-38.76232683325863 -6.22906393173862
-38.76877557275704 -6.228750997088691
-38.77530373193811 -6.230040991092602
-38.78505603746152 -6.23117426743436
-38.7949671822866 -6.235513115295849
-38.80310684338241 -6.236724230744742
-38.80987324813609 -6.242822054318406
-38.81671931173541 -6.250522298346957
-38.82187359879551 -6.256697862151262
-38.83210247364917 -6.267445474070008
-38.83395333722853 -6.272174792803963
-38.84264977840616 -6.284602285974136
-38.84780375374393 -6.290776343158443
-38.84973424858404 -6.297106753662857
-38.85512736640884 -6.308085680700932
-38.86712701603627 -6.321951605408883
-38.87050992473994 -6.324997559850486
-38.87896492213232 -6.332623481994372
-38.8824247378065 -6.33728234519141
-38.88910687311464 -6.341781343582319
-38.89771278196178 -6.35262045063084
-38.90270279792366 -6.355591495565365
-38.91429216151249 -6.361452974399136
-38.92250238285141 -6.364263768279501
-38.94221906301279 -6.371328740402585
-38.94881603878352 -6.374217705033769
-38.95548898280645 -6.378709686703363
-38.9620078916377 -6.379994456949085
-38.96070382723241 -6.386486434293938
-38.95456973144558 -6.393215579697018
-38.94820607640881 -6.395136283945541
-38.93532546522326 -6.395772586823682
-38.92413279723844 -6.397931313226783
-38.91278520030329 -6.396885257230577
-38.90795519717141 -6.397123550811316
-38.89990533622163 -6.397520631090928
-38.89016713795515 -6.396394661620413
-38.88533724942555 -6.396632744392749
-38.87383081609473 -6.392380922033234
-38.86892152491518 -6.391016321564186
-38.86393283586676 -6.388048846688237
-38.85741291392369 -6.386763217052316
-38.85258230895353 -6.387001096913746
-38.84453175290396 -6.387403600558319
-38.83004765830886 -6.388144787601158
-38.82200500001433 -6.388556155295616
-38.82514160741871 -6.386789735410017