-37.64018412873433 -7.912966685496326
-37.6356057391315 -7.901253206438549
-37.62626260680747 -7.873858892282465
-37.62551777241242 -7.85799943589863
-37.63244068522868 -7.833853727011169
-37.64393992473767 -7.821425953462146
-37.676272612591 -7.823967952205919
-37.69308716862312 -7.83911023573914
-37.71793127400277 -7.853890765412491
-37.73455355614036 -7.865062017244279
-37.7515462934635 -7.884154306963383
-37.78076539895896 -7.906661267229612
-37.80139038623653 -7.917639226979154
-37.81379896160113 -7.925016098284991
-37.83441387923434 -7.935987716853941
-37.84719671602667 -7.951279916588265
-37.86417571160391 -7.970345262151856
-37.8733241938023 -7.99373077375524
-37.86586592973422 -8.005973221196134
-37.85840697561649 -8.018216259176064
-37.82669006332107 -8.027604483449165
-37.81465262842831 -8.028155582046228
-37.78235816687184 -8.02566378777747
-37.75005228116321 -8.0231685006523
-37.73781792852081 -8.019756084369305
-37.72520882308356 -8.008419578133109
-37.70456389458933 -7.997445008674595
-37.69961375622149 -7.977815149576195
-37.69886753039178 -7.961965174625985
-37.64018412873433 -7.912966685496326