-49.31973327152253 -25.64076044491385
-49.31674772496049 -25.63482514114845
-49.30012757074938 -25.63008096908919
-49.29032874746311 -25.62474174005243
-49.28687457449869 -25.61472102701124
-49.28318549586469 -25.60265855123536
-49.27208545234792 -25.60570050317221
-49.25895987794716 -25.61098663725205
-49.24741622512111 -25.60995097950779
-49.23971926448155 -25.60239352092889
-49.2320236865986 -25.59483616102147
-49.21935148065344 -25.58360005377037
-49.20958848342253 -25.5782686979408
-49.20005200991585 -25.57497613477974
-49.18824715394862 -25.57188002178242
-49.17462706976336 -25.57305875146293
-49.16849587285906 -25.57976567638515
-49.15850188764522 -25.59298183071037
-49.15259371971863 -25.60172567755935
-49.13737385475618 -25.60920742694652
-49.12784366775399 -25.60590856377355
-49.12103366028404 -25.60649229672568
-49.09993562979118 -25.60212604259457
-49.09041219586904 -25.59882603575718
-49.07884566799831 -25.59775810610653
-49.07181729169711 -25.59630168739104
-49.07114799167005 -25.59018767711075
-49.06300668200381 -25.57854225867245
-49.04646765485351 -25.57378645122693
-49.03966396652954 -25.57436591311571
-49.02084899881731 -25.56979340980656
-49.00906586690609 -25.56668053701027
-48.99728585075287 -25.56356737299744
-48.98982078898463 -25.55803327529865
-48.97769535006642 -25.55089498740933
-48.97914920759953 -25.54066592945351
-48.98500814061218 -25.52997668326676
-48.99482877284302 -25.51281355896503
-49.00084255977411 -25.50411391363598
-49.00979016828742 -25.48072132278522
-49.01590885407111 -25.45930444554818
-49.02453057578533 -25.43387053664365
-49.02706088936014 -25.41514588487694
-49.02684258078294 -25.4131098499459
-49.02487799880161 -25.39478465142771
-49.02378678187918 -25.38460374756465
-49.01957621831264 -25.36647680779543
-49.01421014360626 -25.35872953016678
-49.00884447675549 -25.35098164685166
-48.99405579178157 -25.33995397797409
-48.9886908642478 -25.33220383135945
-48.98738497697995 -25.31998289633546
-48.99347219988457 -25.31327799151034
-48.99752779825518 -25.30880809071503
-49.0146194753679 -25.29907563554647
-49.02113691958078 -25.29644428772166
-49.03415168784837 -25.29118062472492
-49.05909771121328 -25.29103289025866
-49.07732879587908 -25.29147874491166
-49.09353331164574 -25.29415756836876
-49.11266337435325 -25.30274354016777
-49.12729438636131 -25.3117268088995
-49.13767691196023 -25.32314695582458
-49.15123920476207 -25.34251652590304
-49.1618633975364 -25.35597697460368
-49.1724917034167 -25.36943901525809
-49.18786181203691 -25.38453904448611
-49.21046397794197 -25.40311371999967
-49.22313636151005 -25.41434080318665
-49.23356845524091 -25.42577196548218
-49.24330152289407 -25.43108564101032
-49.25802197478943 -25.44007584639735
-49.28178109440508 -25.44825890988084
-49.296040138879 -25.45316750486212
-49.30079373218226 -25.45480351861394
-49.31731544379264 -25.4595087911716
-49.32480315525813 -25.46502290351061
-49.32801065453371 -25.4729831926851
-49.31633760663628 -25.49052418283104
-49.31295596773403 -25.50112424931883
-49.30799647943097 -25.51804458159819
-49.30959277783485 -25.53232029796262
-49.31073336190546 -25.54251769038861
-49.3159421417862 -25.5482324035864
-49.32840737328026 -25.55742360874502
-49.35685133653513 -25.56524044741898
-49.39284856967173 -25.57858514812653
-49.4031255847744 -25.58799838912156
-49.40635396448293 -25.59597294914626
-49.40504317988785 -25.60435195043052
-49.39441161584654 -25.6114932183149
-49.38220490467764 -25.62496130072954
-49.36365036509424 -25.64311699876601
-49.33527802118166 -25.65592874002827
-49.31973327152253 -25.64076044491385