-41.60516297150462 -12.54464294236862
-41.58870576834558 -12.53393649071244
-41.58362580008533 -12.51492502895626
-41.58271633533719 -12.49955107997067
-41.58180740062112 -12.48417726337874
-41.56884534545965 -12.46558023260699
-41.54800387319958 -12.44739719306373
-41.54732385212615 -12.43586811049461
-41.54596406722678 -12.41281024038511
-41.54528440091018 -12.40128143237314
-41.54415157318432 -12.38206671823202
-41.53861098438721 -12.3553473635505
-41.53740406599646 -12.33600435635974
-41.53619746128013 -12.31666648138532
-41.53547356393884 -12.30506618789531
-41.53747928800807 -12.27393079914657
-41.53652263530154 -12.25848597549987
-41.53508800018391 -12.23532389104167
-41.54564243113291 -12.21532222424163
-41.55203702029929 -12.19170415914799
-41.55890781457845 -12.1758069092283
-41.56920891049747 -12.15196832069375
-41.56848868143023 -12.14040334038035
-41.58245372029035 -12.11249047812691
-41.5822133671783 -12.10863741568551
-41.58492122091754 -12.08914145195264
-41.58371887489846 -12.06988358145118
-41.58187192780076 -12.03916667814859
-41.58165523936948 -12.035343236651
-41.57641927855676 -12.01260294605374
-41.57140041968805 -11.9936843486187
-41.55327689695309 -11.95242275925743
-41.54452804879941 -11.93751416607754
-41.54408756251617 -11.92985600256545
-41.53512010688069 -11.91111847409519
-41.53008651566027 -11.89217636820147
-41.52112125871945 -11.87343887372125
-41.51608935972811 -11.85449599321311
-41.51520938855668 -11.83917658513577
-41.5066866079907 -11.82809879651249
-41.50165624221355 -11.80915480926469
-41.48461623281495 -11.78700077735578
-41.47609979170468 -11.77592625030935
-41.46299866038654 -11.75356989712353
-41.45077799338348 -11.7465344730098
-41.43397482326467 -11.7282180180794
-41.41695693585994 -11.70607276244554
-41.40801120042347 -11.6873406208097
-41.40277260263844 -11.66456897322921
-41.39819119105832 -11.65328758213648
-41.39731538139948 -11.63796572412514
-41.39622060407155 -11.61881206022305
-41.39052641288841 -11.58836264182563
-41.38917944358506 -11.56535647074432
-41.39130625631975 -11.53447131127464
-41.39018402671948 -11.51530184534061
-41.38928645114086 -11.49996706243437
-41.38816470003803 -11.48079945843714
-41.39118823838449 -11.4652520659279
-41.39006628217359 -11.44608596227419
-41.38502490879001 -11.42713583650081
-41.37998443340628 -11.40818757865191
-41.37147460977091 -11.39712112819107
-41.3551310053889 -11.38648666521456
-41.33883585646935 -11.37586003076033
-41.32603699377141 -11.35735577806099
-41.31323792438506 -11.33884797366939
-41.3121658870507 -11.31968756970448
-41.31130821325422 -11.30435689809405
-41.31045071222903 -11.28902403357253
-41.31741183103679 -11.27325590860604
-41.32458739812814 -11.2613198932479
-41.34284601414382 -11.23722697671894
-41.34263079378754 -11.23339183272263
-41.34155441872281 -11.2142144833651
-41.32939514158294 -11.2071937919361
-41.30941724983002 -11.20060571600159
-41.28965446216764 -11.19785233691533
-41.28118940566983 -11.1867759706204
-41.28011253795334 -11.16759174006214
-41.27882061416845 -11.1445668677995
-41.28990336323264 -11.13240333165761
-41.31684016200841 -11.12320916761854
-41.33204825071739 -11.11466362804402
-41.35877045633545 -11.101625442048
-41.37354838991988 -11.08539743071058
-41.38050687765046 -11.0696026418062
-41.37943093160612 -11.05040114534413
-41.37053487982792 -11.03163267866553
-41.35794420197921 -11.0169206336155
-41.34578411524574 -11.00989035751556
-41.32928346514224 -10.99539255254569
-41.31776930556775 -10.99988674417146
-41.30256104152588 -11.00843918377481
-41.28606023334857 -10.99393897063854
-41.2732538059501 -10.97537698122218
-41.26826699955805 -10.95637842005146
-41.25219711853121 -10.94955812719468
-41.23286354483932 -10.95448377299539
-41.21787107707942 -10.96687807551179
-41.21894872365365 -10.98609164822923
-41.21654707900537 -11.01320226871328
-41.21740907754236 -11.0285681143078
-41.2187017458356 -11.0516135324767
-41.21977894738625 -11.0708149277965
-41.2171622878445 -11.09406860433127
-41.20543356392469 -11.09471566298515
-41.18979571668685 -11.09557771852314
-41.18327000066374 -11.11904179175103
-41.18000696818623 -11.13077212532649
-41.17412809458453 -11.16574138139721
-41.174774454676 -11.17725238935086
-41.16803368516836 -11.19686483639418
-41.16520203307187 -11.21625922217165
-41.15824571791818 -11.23203027136842
-41.15107409005763 -11.24396432358478
-41.14781123326088 -11.25568297942235
-41.1408533718248 -11.2714489886147
-41.13411112716664 -11.29104592261924
-41.12693684482522 -11.30297380457265
-41.11628340998119 -11.32277817804281
-41.10541533142634 -11.33874638817026
-41.09888815608651 -11.36215947557928
-41.08845246175068 -11.3857793909796
-41.08171118284311 -11.40535158968539
-41.08214181344377 -11.41300944221802
-41.08300314087445 -11.42832338970806
-41.08798846160952 -11.44725078988414
-41.10904001175025 -11.47298080999425
-41.10968570917169 -11.48446083017478
-41.10663767921224 -11.49997757218519
-41.08795530600481 -11.51633786190793
-41.07275254521127 -11.52483293820325
-41.05821560751205 -11.5448376420905
-41.05062568680597 -11.54911014752421
-41.03869119830252 -11.54593630979031
-41.02631902444189 -11.53509485299527
-41.01351099442434 -11.51658584188155
-41.00482828870398 -11.50169111100248
-40.99245769249475 -11.49084610691233
-40.97987025831955 -11.47616735470577
-40.96728351182671 -11.46148739229347
-40.95035872351093 -11.43935792391926
-40.93365150575242 -11.42105839089509
-40.91368053904542 -11.41446563707871
-40.89065155407862 -11.42341443780759
-40.88261655428596 -11.4200091420037
-40.86284635587474 -11.41724380639084
-40.85438367014661 -11.40616963811514
-40.84179673244194 -11.39147432161862
-40.83333523407308 -11.38039915681085
-40.81641373747091 -11.35824763702309
-40.80732015971029 -11.33567423215847
-40.79865072366468 -11.32076613817161
-40.78956118267641 -11.2981954304114
-40.77243906282959 -11.27221167203363
-40.76768678218441 -11.25709717060544
-40.7507642324176 -11.23493724930149
-40.73796007587238 -11.21639537256757
-40.73340790005179 -11.20510416130456
-40.72450806616236 -11.18634675860559
-40.71951203990992 -11.16737519569511
-40.71798980771624 -11.14051747665947
-40.71668474846927 -11.11749053655425
-40.71147037040429 -11.09466492042898
-40.70647302778968 -11.07567354734282
-40.7058202207494 -11.06415256819149
-40.708424138213 -11.04089969462329
-40.70777131463271 -11.02937464895426
-40.70646563442081 -11.00632002606144
-40.70537748725268 -10.9871037661839
-40.70016106305047 -10.96424505515357
-40.69863714880099 -10.93732867848499
-40.72188219604749 -10.93224639800043
-40.72579278081406 -10.93204007054315
-40.74099850038813 -10.92352304476911
-40.74360419946098 -10.90023837122323
-40.74211935385834 -10.87338594237284
-40.74084950105814 -10.85037623275873
-40.74760942412514 -10.83079268127799
-40.77106249720733 -10.82956098675818
-40.79820089244868 -10.82426327079855
-40.80949472131817 -10.81596122148907
-40.80885620459486 -10.80446040332125
-40.79280663495128 -10.79763932038702
-40.76894090223118 -10.79122112823124
-40.76006516054811 -10.77246298584817
-40.76312476820326 -10.75692474820214
-40.7772676872555 -10.72927498573044
-40.79203794251217 -10.71310688933511
-40.79509227157272 -10.69756720284021
-40.80637855402266 -10.6892682043338
-40.82135501765126 -10.67692529374012
-40.83221317826509 -10.66096258255153
-40.85023548068927 -10.63308203181914
-40.85697036266734 -10.6134837521915
-40.85654134556668 -10.60580751796868
-40.8710741367662 -10.58573032180682
-40.86978579910223 -10.56269882635069
-40.85288856688167 -10.54051212837706
-40.83663229219192 -10.52981084441655
-40.81691262659253 -10.52706260178323
-40.8054324394315 -10.53159726575846
-40.79872281094464 -10.55133325813928
-40.79177559820094 -10.56710481226816
-40.78524579668671 -10.59050906781547
-40.78219245653531 -10.60604218648337
-40.7834650497502 -10.62902598241833
-40.7851621510932 -10.65967455313845
-40.78643552186908 -10.68266337116903
-40.77535803228687 -10.69478248442878
-40.75519287827859 -10.68430634034303
-40.73893444215715 -10.6736247516055
-40.72246581556594 -10.65910993453223
-40.7057875618877 -10.64076189342924
-40.70103836666432 -10.62563438697628
-40.70082548184708 -10.62179634299183
-40.70715028272026 -10.59453618743108
-40.71041852837023 -10.58282554246858
-40.72128633818298 -10.56688430116799
-40.70892824785869 -10.55595912194358
-40.68484785818016 -10.54561812687955
-40.67703321516803 -10.54600960204847
-40.66097498936949 -10.53910742506081
-40.64491498347209 -10.53220332041215
-40.63318889737473 -10.5327884635858
-40.61797944020555 -10.54125449933039
-40.61513191545167 -10.56065304307199
-40.61206968562254 -10.57620671915005
-40.61376526030845 -10.60692396028036
-40.61873575919495 -10.62592552052614
-40.61915985321104 -10.63360446424963
-40.62497910945543 -10.66796183131358
-40.62995064263524 -10.68696053356857
-40.63407350335554 -10.69060222127642
-40.63945060036241 -10.71723951497935
-40.63554199117726 -10.71744233799885
-40.62276500756569 -10.69887265775462
-40.61018309616777 -10.68410715984077
-40.58174128768047 -10.66628571516434
-40.57761746159515 -10.6626420721728
-40.56112131159007 -10.64806567383425
-40.55202740897014 -10.62541403084535
-40.54769231123282 -10.6179282130379
-40.54230062034959 -10.59123800937049
-40.529717752902 -10.5764579367367
-40.52474956501114 -10.55744637359469
-40.51195184817861 -10.53881370655936
-40.50761342445081 -10.53131730022592
-40.49480994941042 -10.51267057613227
-40.48570697871774 -10.48998186679953
-40.47702925650351 -10.47498250577823
-40.47162730676448 -10.44824942269688
-40.47141487289424 -10.44440288827508
-40.47035196227109 -10.42516889814841
-40.46537572113056 -10.40612480659946
-40.46061210753329 -10.3909264287159
-40.45584874085242 -10.37572675323213
-40.45521114559599 -10.36418365306382
-40.45393648427611 -10.34109589549832
-40.45636259695809 -10.31396858244036
-40.45857573208433 -10.28299138388002
-40.46142609183161 -10.26355887555422
-40.46015148471569 -10.24046540092634
-40.45861352028032 -10.21340605153582
-40.4576950212692 -10.1978499265885
-40.45700587663225 -10.18617936960878
-40.45196294792971 -10.16695497807217
-40.44714876261706 -10.15161709220038
-40.44622849861288 -10.13604156208916
-40.44530830323104 -10.12046086544988
-40.44415731833325 -10.10097785609665
-40.4471332277158 -10.08515106061678
-40.44941905170911 -10.05761664757661
-40.45170625795978 -10.03006531389982
-40.45514477537967 -10.02202141687137
-40.45789398638311 -10.00226002067759
-40.46041386822412 -9.978582001875413
-40.46339482868078 -9.962710312497817
-40.46568697786384 -9.935099902460232
-40.47257935447821 -9.918993976085705
-40.48775765576016 -9.910285982017271
-40.4997114631601 -9.913525309034039
-40.5197624298308 -9.920394108545855
-40.53938569157482 -9.919546832544805
-40.55508063977972 -9.918868415632218
-40.57490624148687 -9.921874997932287
-40.59493874133151 -9.928735019154926
-40.61062188425049 -9.92805306914279
-40.62566446895128 -9.915807908938456
-40.64504596107342 -9.911102005674595
-40.64896424033862 -9.910931414721775
-40.66484709438515 -9.914102417597862
-40.68072725635673 -9.917272210642771
-40.70115846184767 -9.931825678535555
-40.72158616420249 -9.94637408402274
-40.73396881690658 -9.957411370001124
-40.75005023369742 -9.964422305525593
-40.76591468921136 -9.967580657781561
-40.78938795117553 -9.966568989184774
-40.80112423804821 -9.966089729702922
-40.8284987120586 -9.964969899926917
-40.83631740700578 -9.964649794909143
-40.85976609490798 -9.963688549311868
-40.87560749173429 -9.966894069693701
-40.88037262233212 -9.982121652468587
-40.87320430922824 -9.993985881612712
-40.85388230251934 -9.998641683677201
-40.84692371612371 -10.01435771417011
-40.86363018933617 -10.03294749131491
-40.88402500386627 -10.0475196132339
-40.90029361705896 -10.05840326258063
-40.91612777614407 -10.06159130763955
-40.9321731602417 -10.0686230050588
-40.95623283331945 -10.07916461808502
-40.96468167559004 -10.09036466242051
-40.96597550171267 -10.11342718372723
-40.97117023342936 -10.13632137895842
-40.97246451219305 -10.15938207861543
-40.97701290550531 -10.17074300858852
-40.98589330502119 -10.18961892413839
-40.99065895781972 -10.20477957979717
-40.99477568041074 -10.20843626236346
-41.01015748958129 -10.20392923251753
-41.01665619130731 -10.18057354710693
-41.02380357241291 -10.16870910286371
-41.04718261043566 -10.16769014352968
-41.06665729871003 -10.16684032242334
-41.07877157317886 -10.17400875388821
-41.07596120118803 -10.19337673779513
-41.07727073119209 -10.21632536175654
-41.0705733862766 -10.23578924971117
-41.07232052420996 -10.26638821177298
-41.0734126276795 -10.2855158623127
-41.07472381851817 -10.30847218555593
-41.07949527845249 -10.323602714052
-41.09595691207921 -10.33820498196751
-41.11219749429903 -10.34897736191461
-41.12454107928917 -10.35992378480132
-41.1449100072312 -10.37424425933619
-41.16117205988506 -10.38488364491711
-41.16963580233696 -10.39594007575376
-41.1859011797945 -10.40657915566871
-41.19849014191629 -10.42125203224977
-41.21108105317252 -10.43592564709748
-41.2195505476497 -10.44698360283211
-41.22088682733445 -10.46994050733972
-41.20918206500839 -10.4705699605994
-41.18466158668975 -10.45269488358355
-41.17597218514636 -10.43780917276286
-41.16728431472767 -10.42292437618942
-41.15881916395642 -10.4118658733119
-41.1464545058992 -10.4010163470383
-41.12607955796377 -10.3867073596696
-41.10638055597912 -10.38377210567136
-41.10358045231433 -10.40308833999885
-41.10445788262978 -10.41840060840293
-41.10533570354782 -10.43371429227783
-41.11790714343671 -10.448487312237
-41.13047863346641 -10.46325805136231
-41.1428446747412 -10.47412876184097
-41.16324225574279 -10.4883920557892
-41.18754577863513 -10.50244518685572
-41.1877677941103 -10.50627298115064
-41.18497415694559 -10.52562295300285
-41.18586176601062 -10.54093726368731
-41.20235703411792 -10.5554429772434
-41.21862786457441 -10.56612578558622
-41.20756905238264 -10.57828679726798
-41.19238700525932 -10.5868161042413
-41.18132631284912 -10.59897650742024
-41.17048207248048 -10.61497916067333
-41.15573125893882 -10.63119244705253
-41.14010886152857 -10.63203547820693
-41.12751735620094 -10.61731607940288
-41.10363019762232 -10.61097894495591
-41.09255676605233 -10.623175388303
-41.08170071984483 -10.6392111031143
-41.08278613229467 -10.65841603722018
-41.10276314227287 -10.66498123223881
-41.12578333695127 -10.65595654803211
-41.14922530202213 -10.65466800309011
-41.15812476701281 -10.67345672291582
-41.1511832170747 -10.68924698470633
-41.14445849792607 -10.7088790737349
-41.12926417698355 -10.71741808506519
-41.11362476857804 -10.7183099334284
-41.10645769370909 -10.7302780085555
-41.12274949354686 -10.74091021441367
-41.13513115389165 -10.75177199582542
-41.1633491138327 -10.76565764344403
-41.16769132577925 -10.77312856286993
-41.17962876023373 -10.77633411895546
-41.19243839340888 -10.7949031132806
-41.20546650547451 -10.81731104490335
-41.21393904238047 -10.828398520567
-41.22979294796117 -10.83137203939402
-41.2449857139982 -10.8228332274368
-41.26017772242523 -10.81429376588812
-41.26711042872883 -10.79851255931505
-41.27382158706438 -10.77889490071482
-41.27271705046888 -10.75971083869476
-41.27206058113066 -10.7481896743496
-41.27465368425577 -10.72493163602883
-41.28180722674787 -10.71298323212715
-41.29286474329906 -10.70082158675853
-41.29177078219705 -10.68161627739375
-41.29002073865931 -10.65088631392423
-41.29283086489054 -10.63146676663918
-41.30800792895528 -10.62293331946215
-41.32362194260325 -10.62208238820997
-41.34313809998954 -10.62101759724324
-41.36265287766483 -10.61995161499467
-41.37392228290914 -10.61162948364556
-41.39255634956155 -10.59519784446924
-41.39557977777368 -10.57961987234065
-41.40294465430378 -10.57151069083238
-41.42245329302745 -10.57044262294919
-41.43481761899221 -10.58132393181583
-41.45198857774414 -10.60731776451174
-41.4563410955322 -10.61477035421709
-41.47352927948619 -10.64074539757917
-41.47442513478575 -10.65608954299674
-41.48313335460319 -10.67099571148262
-41.49622505572671 -10.69332394259778
-41.50864779971509 -10.70414262580952
-41.52476472919847 -10.71089584967088
-41.54849380781166 -10.71335223457117
-41.56461770641089 -10.72010533194749
-41.56921497319182 -10.73138690268775
-41.55444538479515 -10.74765593279688
-41.53161421402323 -10.760543890786
-41.5244553543908 -10.77251279283342
-41.50946086073227 -10.78493806408599
-41.49838418195322 -10.79713324933052
-41.48294375283661 -10.80187838710584
-41.45167868112934 -10.80363059665978
-41.44017776918125 -10.8081239177769
-41.42499164900235 -10.8166723843984
-41.42979398776124 -10.83180251849491
-41.44654703221242 -10.85011422374955
-41.46352675620706 -10.8722631775844
-41.4722422374542 -10.88717513482312
-41.49313067599341 -10.90910954172363
-41.50096969848262 -10.90865625266661
-41.52035372783605 -10.90367701053764
-41.53491869302764 -10.88357028593562
-41.5527110248034 -10.85172893577587
-41.56379268817769 -10.83953058975056
-41.57118051942845 -10.83139756917339
-41.58640937048301 -10.82280632815978
-41.60578756031224 -10.81782262873822
-41.62101890042799 -10.8092276061289
-41.63187445780797 -10.79318315952252
-41.63511355386861 -10.78143659720888
-41.6457406606887 -10.76155122898809
-41.66028859532883 -10.74143310134631
-41.66398239353981 -10.73736289565121
-41.68628568881528 -10.71282252186927
-41.69330733348591 -10.69692298458478
-41.70075886610428 -10.68872484124343
-41.70362787740918 -10.66921166645731
-41.70234212525981 -10.64608838845362
-41.70084186179748 -10.61910580331439
-41.72076346482007 -10.6217129799872
-41.73259153563743 -10.62096349527465
-41.75231072146111 -10.61971304473966
-41.77160879249603 -10.61074527289587
-41.77448362966278 -10.59120269862526
-41.77384065643014 -10.57962636536017
-41.76509109123772 -10.56469494548762
-41.76401785750257 -10.54539954001708
-41.75897958255202 -10.52637468782126
-41.75372319133479 -10.50349299854478
-41.75241186637033 -10.48035518054008
-41.75131965884086 -10.46107149947337
-41.75022965235839 -10.44178305253553
-41.77785244828134 -10.43997744828128
-41.79342539948127 -10.43508443909111
-41.80418080901981 -10.41500690792002
-41.80352618843227 -10.40342507266418
-41.79870447358954 -10.38824216631584
-41.77831000666041 -10.37796344546336
-41.75814183662717 -10.37154670145481
-41.74105399850708 -10.34943236354285
-41.7248434361322 -10.3427586838543
-41.71214426705815 -10.32810698761063
-41.69966596696303 -10.31731563800215
-41.68281558098737 -10.29907114458151
-41.6742835041896 -10.28802063304017
-41.66181460171313 -10.27723432666555
-41.64497648580331 -10.25899643956927
-41.62442616828572 -10.24488338579304
-41.59995022641882 -10.23103738294575
-41.59164958085968 -10.22385179415416
-41.57526906518995 -10.21333871553582
-41.56282441587619 -10.20256291427697
-41.53821884720167 -10.18475951571085
-41.52210677448197 -10.17803618301297
-41.49794455405567 -10.16795119027402
-41.47792989545227 -10.16146119680214
-41.44620293202452 -10.1556359280981
-41.42642713814532 -10.1529686123448
-41.39451224956065 -10.14324174065991
-41.38588296418912 -10.1281370655836
-41.38879534114932 -10.10838641177327
-41.40365710923948 -10.09178708546983
-41.41129046614879 -10.08738783582913
-41.43047825957365 -10.07833855517172
-41.44947480663686 -10.06537717240521
-41.46083719858829 -10.05681496601761
-41.47592595875202 -10.04409065852084
-41.48278182605327 -10.02403731059147
-41.48631401639522 -10.0159509306945
-41.49338933047357 -9.999751598731013
-41.51660320867107 -9.990267876938773
-41.54790423462004 -9.984138679333487
-41.55578200265982 -9.983584344437949
-41.56760101275572 -9.982752366392084
-41.59557866101475 -9.988645735994862
-41.60760075413912 -9.991731241926058
-41.63559581673894 -9.997624568869597
-41.64780290388955 -10.0046570636537
-41.65607415394931 -10.01194880731897
-41.67611396867353 -10.01853873992572
-41.69265715615681 -10.03312010787593
-41.70898846519974 -10.04382110234067
-41.72924364475559 -10.05428649853087
-41.74557606410548 -10.06498492067809
-41.7577725977343 -10.07203854630109
-41.77824242118759 -10.08637838755196
-41.79828875036895 -10.09296118258004
-41.81419914415541 -10.09589986872912
-41.82639772729588 -10.10295061191518
-41.84253726996644 -10.10974418636089
-41.86263665226057 -10.11625831799112
-41.88688772193801 -10.12640074716245
-41.89475981106343 -10.12590433094792
-41.9111433215658 -10.1365428747167
-41.92316671661988 -10.13967510124334
-41.95860748306944 -10.13743776406435
-41.97436267720475 -10.13644201727568
-41.99012025941136 -10.13544524033786
-42.00193986113905 -10.13469712693987
-42.04071193275518 -10.12056067708678
-42.06372797901538 -10.10741688091345
-42.07161321903848 -10.10691517824778
-42.09443308993872 -10.08987346480218
-42.10190782770506 -10.08159452722768
-42.11333038164603 -10.07305918941615
-42.13244170413683 -10.06012391128118
-42.1523939503844 -10.06273117945802
-42.17255864274571 -10.0692242345271
-42.1925188978863 -10.07182987224676
-42.20458089137548 -10.07494688426484
-42.22059607429113 -10.07780704262578
-42.24847237960804 -10.07989553089128
-42.26844827816612 -10.08249699006778
-42.28821942184388 -10.08120947231302
-42.31611434202985 -10.08329320763302
-42.33610343106273 -10.08589191791697
-42.36005370356745 -10.0882313698917
-42.38380146982922 -10.08667953883852
-42.39609313127614 -10.09368317112864
-42.42047244241478 -10.10380026565509
-42.43693559693502 -10.11443474646976
-42.44964727493104 -10.12921760927533
-42.45839890407957 -10.1442584323117
-42.45922842549683 -10.15981418179821
-42.45255118542612 -10.18365884490102
-42.44129394929839 -10.19609186840023
-42.4425714336646 -10.21938676916972
-42.44780834302388 -10.2424216171803
-42.45325833161605 -10.26933377379095
-42.45828248620006 -10.28848120514386
-42.4668413005321 -10.29961176824423
-42.47936114467655 -10.31048724304094
-42.49252076115607 -10.33300170666182
-42.49358474163707 -10.35239783935474
-42.4902622214705 -10.36428796889887
-42.49111332834543 -10.37980091577377
-42.49196441496524 -10.39531215189448
-42.49281559917513 -10.41082144807673
-42.50158858281149 -10.42582367072346
-42.51432337388066 -10.44057266860295
-42.54729933150323 -10.46181076978293
-42.57193610461277 -10.47579858595255
-42.55253951898151 -10.48481500575112
-42.53668554211567 -10.48582444634464
-42.51708895298751 -10.49095772925893
-42.48957534585841 -10.49659061793442
-42.47834752416215 -10.50895710473313
-42.4792077940318 -10.52444632428158
-42.48028329357138 -10.54380554682749
-42.48532837151341 -10.56290745724164
-42.49477000575769 -10.58949741330877
-42.50860679421997 -10.62357463905816
-42.51321946354945 -10.63493283993817
-42.51783228852659 -10.64629062486137
-42.51957758540276 -10.67723226942369
-42.52066848245924 -10.69656795793521
-42.52154113046326 -10.71203476359781
-42.54997027670233 -10.7218919527595
-42.57032320722879 -10.72835409473016
-42.57142074131832 -10.74768742177443
-42.57207941579461 -10.7592863931134
-42.56477152594414 -10.7713902736253
-42.54884118142049 -10.77240073874907
-42.53338586319476 -10.78112840262152
-42.52260073577821 -10.80118375924813
-42.52347348017063 -10.81664009143439
-42.53996851356323 -10.82725630682343
-42.55965918641149 -10.82213858964598
-42.57537254691925 -10.8172692984206
-42.59087032463853 -10.80853238857493
-42.60216665296886 -10.79617824688941
-42.61745137378829 -10.78356718056131
-42.64470309646793 -10.77018952028051
-42.65622919915779 -10.76169008291888
-42.6675374757945 -10.74931882283734
-42.67862808898246 -10.73307381976198
-42.68129907108502 -10.70959539081797
-42.68884073014451 -10.70133987535866
-42.70942919065774 -10.71167953991886
-42.72229687309628 -10.72639182918202
-42.72719072981045 -10.74161447889589
-42.73272478048462 -10.76845619158445
-42.74247344241817 -10.79891139042419
-42.74335385724271 -10.81439214112327
-42.74822892775462 -10.82961804999281
-42.75266417867177 -10.83710421331866
-42.76175543588157 -10.85594633665155
-42.766631796163 -10.87117146403732
-42.77950174649008 -10.88589216533959
-42.78909554434665 -10.91245974302538
-42.79098680830883 -10.94338283599854
-42.7874628328923 -10.95136329280939
-42.78441171207646 -10.96707289969554
-42.78183327880562 -10.99051060125084
-42.78301504750029 -11.00983365150916
-42.7846696302354 -11.03688508300996
-42.79032224062758 -11.06368915017207
-42.79197765475642 -11.09073919979879
-42.78868919369369 -11.10257668280491
-42.77622324091242 -11.09558387976846
-42.77080869397646 -11.07264697463559
-42.76610359418073 -11.06130171458442
-42.74917651783184 -11.04683206865623
-42.74047949754038 -11.03573510973223
-42.71980369055976 -11.02537869195271
-42.71111154998698 -11.01428445261394
-42.70147956356747 -10.98774216513386
-42.68105488222044 -10.98125472904876
-42.66838061060928 -10.97041222975579
-42.64843724375872 -10.97164848495872
-42.62850033778062 -10.97288319361475
-42.59626900762557 -10.97101977228653
-42.58062533202958 -10.97975849400141
-42.55316149366821 -10.99310851219182
-42.53005486262422 -11.01003074845636
-42.51859868507877 -11.01846928678499
-42.49153134299478 -11.03171920356845
-42.4763317618219 -11.04424851352691
-42.45718185421455 -11.05701109659492
-42.43844762810929 -11.07748206513766
-42.42346313565916 -11.09385241311407
-42.40848171239267 -11.11021699082111
-42.40142783069133 -11.12610189917627
-42.37862090098246 -11.14291676466784
-42.35954735087907 -11.15564044055135
-42.34463002569785 -11.17197817565104
-42.33301860711325 -11.17652723075113
-42.31001053211854 -11.18947286836606
-42.30255448504862 -11.19763667847766
-42.28721859814214 -11.20626274922856
-42.27252234720341 -11.22643223249307
-42.25388862025516 -11.24682637712473
-42.23895156410011 -11.2631382126328
-42.22400907070553 -11.27944474948452
-42.20586909482029 -11.30366012491926
-42.1877892182162 -11.32787718564418
-42.1694540651192 -11.35209220489535
-42.16226280370683 -11.36408388219675
-42.1515954179712 -11.38399216025299
-42.14560201738325 -11.41520879411172
-42.13960739519608 -11.44642477447706
-42.13313276326736 -11.46994826540992
-42.12965560244989 -11.47786376629452
-42.11946297892309 -11.50545438582354
-42.11646380072941 -11.5210603784289
-42.10950821751352 -11.53688809742104
-42.1035081404756 -11.56809832534971
-42.10074649152003 -11.58754916994937
-42.1018658108137 -11.60676159645301
-42.10655677317411 -11.62186921890988
-42.11520630125708 -11.63675422028049
-42.13555243941766 -11.64715200939389
-42.15931873526458 -11.64584121199856
-42.17876892733532 -11.63708469472709
-42.18972624913326 -11.61725546276975
-42.20831089177936 -11.59690581516955
-42.2256934975609 -11.56111421379063
-42.24402038329512 -11.54071456646827
-42.25820059062948 -11.51670536666277
-42.26895182731577 -11.50062353878316
-42.27970035492196 -11.4845433851372
-42.29776814966786 -11.46031009452262
-42.31240857096586 -11.44400180728401
-42.3304640762285 -11.41977540964363
-42.34119993096459 -11.40370416945478
-42.35948768447424 -11.37565923861092
-42.36322681987422 -11.37158579953058
-42.377780605003 -11.34760008134477
-42.38505894209212 -11.33560337188394
-42.39193465188449 -11.31591211561759
-42.40709977645358 -11.30344530812202
-42.41953231294234 -11.31428987500902
-42.41679772936409 -11.33759769005884
-42.41386198109129 -11.35705383905011
-42.41112821961693 -11.38034817140293
-42.41193365278582 -11.39571996526443
-42.40505732032035 -11.41539113958819
-42.40606440462754 -11.43459644030407
-42.39918950824322 -11.45425661203163
-42.38910233652297 -11.48185222341823
-42.38544595685815 -11.48592962124872
-42.37153826976264 -11.51377150294077
-42.36446223335507 -11.52577215384729
-42.34982704387112 -11.54208721537208
-42.3320063194171 -11.57017366472647
-42.32468449087754 -11.57833354254147
-42.31417836785786 -11.5982650518846
-42.30694622699991 -11.61024110098919
-42.29965794748649 -11.6222029913872
-42.29254537159366 -11.63799143167486
-42.27424414060377 -11.66596154778702
-42.26713549441629 -11.68173658875796
-42.26748592544929 -11.68938730861261
-42.2568261917009 -11.7130366760403
-42.24244181735252 -11.74073103430905
-42.23906650970538 -11.752427435037
-42.2285910743739 -11.77986474082663
-42.22166850213851 -11.79941967694551
-42.21847277935802 -11.81491654588892
-42.21137627655838 -11.8306440036777
-42.20073384480438 -11.85422612248208
-42.19364053859803 -11.86994125782171
-42.18294013099926 -11.8934755914004
-42.17575163079379 -11.90913034000338
-42.16856604922833 -11.92477763382097
-42.16136017897222 -11.9366929123896
-42.15066019047301 -11.95276507458612
-42.14006568875915 -11.97260457298527
-42.12903965395238 -11.98479931271268
-42.11476327578664 -12.0087017194914
-42.10416125577225 -12.02853831533491
-42.08598930959293 -12.05268371935189
-42.08309424093803 -12.068302061543
-42.07628478444666 -12.08415408511551
-42.06974111620789 -12.10386702246053
-42.0668705850526 -12.11951398763974
-42.06005499730974 -12.13537511097876
-42.05323758924124 -12.15123884651901
-42.04668549575864 -12.17096725984818
-42.03959659882307 -12.18297423454185
-42.03250659140082 -12.19498236210724
-42.02594787565353 -12.21472009603366
-42.02674695123187 -12.22631442062483
-42.01490792801005 -12.22694027004821
-42.01357887052075 -12.20761847413046
-42.01987314915933 -12.18402177525891
-42.02248699187635 -12.16450302968162
-42.02536587571557 -12.14884984286854
-42.03218629882307 -12.13298959239982
-42.042146329642 -12.10534605738503
-42.04509816008144 -12.08975918554891
-42.0477076643045 -12.06659072667579
-42.05053141558493 -12.04724031284185
-42.0496756767225 -12.03195322410341
-42.05271309261327 -12.01642082408967
-42.05575039806701 -12.00088714371001
-42.05878764821648 -11.98535207274058
-42.06960978129853 -11.96933099331516
-42.07995465567831 -11.945635631846
-42.08654269314013 -11.92596523643962
-42.09360566219856 -11.91397064055695
-42.10018996512173 -11.89430523599916
-42.09875911177844 -11.87128913815809
-42.09792341066891 -11.85600066311782
-42.07789053425301 -11.84947619648191
-42.06257403080168 -11.85427336593332
-42.04360123978793 -11.86314818898812
-42.03311594395402 -11.88305676647861
-42.0143684373603 -11.89577407703318
-41.99656033665643 -11.92385020007119
-41.98558706677266 -11.93609234231847
-41.97506726518029 -11.95600619139856
-41.96423204241668 -11.97203430683068
-41.95750792986311 -11.9916465365091
-41.94645615355437 -12.00384827555313
-41.93214675803277 -12.02776815762861
-41.92130596143968 -12.04379501768245
-41.91414948448811 -12.05575443654439
-41.90309174528677 -12.06795631508955
-41.89636261284066 -12.08756414321509
-41.89331950290163 -12.10310329754376
-41.89049108805578 -12.1224643697667
-41.8878769409372 -12.1456457895288
-41.87248462086338 -12.15044548878364
-41.87162630653728 -12.13515327034757
-41.86274858232142 -12.1165218575564
-41.86188989873975 -12.10122432929452
-41.84563358733527 -12.09072016215424
-41.83498519006829 -12.11056469434979
-41.82444443037156 -12.1341340882944
-41.81785229336511 -12.15749359510297
-41.81499069391797 -12.17682058725407
-41.81169525040647 -12.18849542066785
-41.8011578342583 -12.21204062927367
-41.79786287402906 -12.22371020153969
-41.78711042719139 -12.24342184105218
-41.78483046724147 -12.27053827672728
-41.77824992190516 -12.29030655332009
-41.76775800918982 -12.31032528022676
-41.75360754341411 -12.33446785680285
-41.74702860582968 -12.35427402665795
-41.73994722196417 -12.36635327320519
-41.73727922768174 -12.38592893791008
-41.73827738816043 -12.40140065354995
-41.73585745827995 -12.42485608739537
-41.73735574991724 -12.44807769366067
-41.73001560045586 -12.45630441999091
-41.71850423573975 -12.46090274096288
-41.70356643726676 -12.4734886858369
-41.68837508049089 -12.4822038352284
-41.66924819092706 -12.49115092499571
-41.64255148769711 -12.50798052048896
-41.63466341513801 -12.50839479950342
-41.60516297150462 -12.54464294236862