-39.04195028395456 -7.870924354528716
-39.03373937873269 -7.867352347152028
-39.01692797383107 -7.852280958269691
-39.00432265470548 -7.840977253160194
-38.99533164225782 -7.821551415936517
-38.99073888626011 -7.809856917848968
-38.98194555987785 -7.794395000793766
-38.96934004105686 -7.78309395853634
-38.94870733775421 -7.772192927144356
-38.92827768686825 -7.765253909657986
-38.90404470535981 -7.762472301086749
-38.88342558415854 -7.751572725490432
-38.89464882202356 -7.735141671885368
-38.91066900779978 -7.734354185771864
-38.93069901905776 -7.733367822954288
-38.94215584753687 -7.720875480310994
-38.9661978391677 -7.719688554924539
-38.99807326729824 -7.71413581900587
-39.0257265659668 -7.704825345598066
-39.04957255356408 -7.69967379922053
-39.08486797582629 -7.682025096613137
-39.10872010629092 -7.676867763520319
-39.1447901351261 -7.675079923260761
-39.16483173415892 -7.67408522578303
-39.1852578231168 -7.681025828223486
-39.21809700129596 -7.69530398920165
-39.23891133473062 -7.710179320400036
-39.25953606290634 -7.721086091443991
-39.26774823953328 -7.724655010922793
-39.29219469268315 -7.731393277334647
-39.32145905907507 -7.753793551422122
-39.33448963352932 -7.773025355602828
-39.3023995671912 -7.774621210080602
-39.27853376775573 -7.779782093972526
-39.25526562153292 -7.79683783127497
-39.23580997865324 -7.809726674340381
-39.2277899459039 -7.810123361925026
-39.2039291650794 -7.815277268406228
-39.19190050254048 -7.815871090960876
-39.16784529356896 -7.817057469495619
-39.15240255754215 -7.829741597583684
-39.13235903611031 -7.830727756236096
-39.10528698200005 -7.851927977290706
-39.08202657798919 -7.868963505098974
-39.05856991099684 -7.882031968851339
-39.04273647368198 -7.886779109085569