-41.05164968976324 -13.52538125599082
-41.04567598975674 -13.51526081909237
-41.04220778682662 -13.50239860748492
-41.0385802652517 -13.48693812699148
-41.03575556677671 -13.48448031900017
-41.03511427781683 -13.47408048272792
-41.03148903118166 -13.45862563741287
-41.02488174405486 -13.43811867406522
-41.02141940374786 -13.42526900473934
-41.01481676755032 -13.40477067222771
-41.01151644122941 -13.39452354732748
-41.00273477735376 -13.38196531143539
-40.99677566958977 -13.37186325039914
-40.99081786993916 -13.36176248935818
-40.98195879054804 -13.34667402586877
-40.97872369184211 -13.33648067797506
-40.98023772735728 -13.31566832487716
-40.98218193698526 -13.30260643031789
-40.98103460856961 -13.28193196749207
-40.97988739986909 -13.26125554377114
-40.97931390941962 -13.25091654922348
-40.97579263722837 -13.23554881624292
-40.96975410717835 -13.22290693482171
-40.95307333401829 -13.21083083963731
-40.93948390755449 -13.20636798544816
-40.92336362509543 -13.20462155036593
-40.92292491613733 -13.19685995356238
-40.93580215837071 -13.18840016847467
-40.94572328582473 -13.17490404387435
-40.96097100486455 -13.16112608574528
-40.968521416899 -13.15294235678528
-40.97089171011766 -13.14762661744162
-40.97770842343846 -13.12650301892322
-40.98244813514362 -13.11587017703977
-40.98200787844896 -13.10810660440723
-40.98897018819352 -13.0895681186604
-40.9906057047219 -13.07131089461597
-40.99534451954655 -13.06067592017505
-40.99978935398072 -13.04486410326407
-40.99949561341693 -13.03968773825454
-40.99876121754826 -13.0267467795482
-40.99742183209461 -13.00344763853239
-40.9938171720709 -12.98804385510062
-40.98708173629332 -12.96501460295917
-40.98050627982022 -12.94458108546067
-40.98300967384595 -12.94184933228664
-40.99365058112105 -12.94127965903804
-41.01306118992589 -12.9532303389618
-41.02965909454413 -12.96273493133281
-41.0429664767778 -12.96202097426983
-41.04828965354164 -12.96173520729232
-41.05766711523302 -12.94044168780722
-41.05656859791149 -12.92231594728416
-41.05250533089259 -12.89916035885749
-41.05157304640687 -12.88363053246465
-41.04546999133959 -12.87097686518357
-41.04187605247297 -12.85559415114807
-41.03562085390072 -12.8403570452536
-41.0213825434294 -12.82555291130168
-41.0129346863657 -12.81822361094397
-41.00433421386032 -12.80830887271453
-41.00387135989827 -12.80055070739754
-41.00857517728182 -12.78991975846981
-41.02627204201004 -12.77339762091902
-41.03394444430288 -12.76779366504202
-41.02784951166776 -12.75515451934928
-41.01628196701512 -12.7402210842972
-41.01550976834581 -12.72729697423643
-41.01192422219733 -12.7119344720212
-41.0116155005916 -12.70676588974397
-41.00271422724035 -12.69169600954888
-40.99959371342492 -12.6840895694047
-40.97945180059855 -12.65927098661379
-40.97634884162672 -12.65166428531724
-40.97591234558222 -12.6439103903496
-40.98552372216889 -12.62523580145671
-40.9921860173484 -12.60153440197493
-40.99160367139416 -12.5911942549174
-40.98836407097784 -12.58100017540556
-40.98246788563577 -12.57095240576926
-40.98188591994748 -12.56061233440312
-40.98101314022979 -12.54510185045557
-40.97719291100705 -12.52456755131484
-40.97690208703053 -12.51939722606398
-40.97308263554432 -12.49886269576747
-40.97249796129297 -12.48852327212683
-40.97147338919502 -12.47043008185531
-40.97044896461601 -12.45233683362152
-40.97001009387799 -12.44458248516268
-40.96883962643007 -12.42390451078458
-40.96825440110417 -12.41356541567471
-40.9697380028772 -12.39273962912759
-40.96915293242006 -12.38240040220667
-40.97078267429663 -12.36415876410343
-40.96961240951593 -12.34348014032852
-40.96917376105982 -12.33572568668174
-40.96829619927737 -12.32021672189987
-40.97272562803463 -12.3044099196994
-40.9743846149936 -12.28614370710544
-40.97395849268938 -12.27837869209822
-40.97296409095658 -12.26025907923151
-40.97784460750494 -12.2521939629443
-40.9850944690528 -12.23880032655026
-40.99206029530131 -12.22022610872651
-40.99931067490463 -12.20682813347106
-41.00139568875708 -12.19631903786003
-41.00082714212743 -12.18595972717538
-40.99996771519779 -12.17042562526307
-40.99361911974773 -12.15264028883832
-40.98787966996723 -12.14517857630538
-40.98168533485541 -12.12997563736342
-40.98107825574658 -12.11965443006133
-40.9829607219403 -12.10661412244626
-40.98220195522941 -12.09371471441419
-40.98906150901252 -12.07523809920595
-40.9937347782268 -12.06464137872237
-41.00383924702552 -12.05634502528845
-41.01673432995153 -12.0504882321681
-41.03211446338904 -12.0419125166688
-41.03896388039823 -12.02344328477604
-41.04906127964342 -12.01514896612808
-41.06504641225349 -12.016886911267
-41.08103113121189 -12.01862396208227
-41.09437696127015 -12.02050034125493
-41.09980747601012 -12.02279754682494
-41.10088363645419 -12.04084461598698
-41.10693046649372 -12.05345526451303
-41.11297818944582 -12.0660665974596
-41.12445947966843 -12.08097557209154
-41.13035514951363 -12.09100906297151
-41.13905668883662 -12.10347141989228
-41.14776426311872 -12.11593098765301
-41.15056378287009 -12.11836492081248
-41.15662844341259 -12.13097072901215
-41.16813979524187 -12.14586619897903
-41.17389628850302 -12.15331443178653
-41.19334783044279 -12.16777440427085
-41.19646105594136 -12.17536907435284
-41.20766827505826 -12.18510685619395
-41.21887689344935 -12.19484489772024
-41.23039517087415 -12.20974802923162
-41.23628139566353 -12.21979997847703
-41.24262126023903 -12.23760516049967
-41.24881078704053 -12.25282595945454
-41.25575757338888 -12.28096973025473
-41.2590044942128 -12.29116480138043
-41.26557013100737 -12.31418087689461
-41.26873013340249 -12.32441874869788
-41.27176062706971 -12.33205990005948
-41.27227737299376 -12.34243905290505
-41.27582417314411 -12.3604539901539
-41.28175442724929 -12.37313255843007
-41.282657711901 -12.39128264777939
-41.29702783677448 -12.41388686529884
-41.30559669718266 -12.42640813754241
-41.31983286292974 -12.44640661893424
-41.32537213638888 -12.45129601680086
-41.34462891709939 -12.46581524123672
-41.3501666896229 -12.47070221450169
-41.36311327517975 -12.46479660458959
-41.37631578592626 -12.46406833577951
-41.38751642522794 -12.47642852364228
-41.39343561414363 -12.48907722738607
-41.39394649984824 -12.49942778911844
-41.39999217385586 -12.51465808507872
-41.40050287626087 -12.52500415284798
-41.40654729961076 -12.54022765276527
-41.41271853428046 -12.55803185978349
-41.41310094915194 -12.56578584973667
-41.41386588080314 -12.58129114771584
-41.41748018652946 -12.5992138727258
-41.42098509805929 -12.61454798895563
-41.4217267169413 -12.62744459908043
-41.42276501857964 -12.64549932347923
-41.42335826352677 -12.65581597562774
-41.42103968317233 -12.66111797990911
-41.41931449940768 -12.67673702575445
-41.41482447712734 -12.68992172353597
-41.39754621336105 -12.70898988301502
-41.38287790666507 -12.72791798594412
-41.37052617495945 -12.74154449116968
-41.35293073237232 -12.75546462676191
-41.34042125532692 -12.76651580931051
-41.33052926308739 -12.77742304457791
-41.32078222085592 -12.79091323248235
-41.30623044570331 -12.81244319523446
-41.30142776227253 -12.82048150132309
-41.29697088839615 -12.83368555734559
-41.28991709854466 -12.84704052991298
-41.28531765105121 -12.85766789337713
-41.27841610656819 -12.87361277997892
-41.27397025339086 -12.88682922257531
-41.26983689050816 -12.90521701685867
-41.26523138160123 -12.91585499814319
-41.25879073828912 -12.93957164072889
-41.25219013165732 -12.96071029582031
-41.24742240572238 -12.9687720093091
-41.2403467952069 -12.98216048735827
-41.23064770120195 -12.99570538694333
-41.22107900921729 -13.01183777778708
-41.21611808390664 -13.01731340979066
-41.20399731752119 -13.03617438460733
-41.20194266234666 -13.0466676569217
-41.18953165942124 -13.06036376212048
-41.18499291640254 -13.07359828058726
-41.17796985139062 -13.08957394847373
-41.17577080554506 -13.09748450130622
-41.16888777719397 -13.11604727561726
-41.16420339561565 -13.12670004355074
-41.16434578709573 -13.1292849920431
-41.15497444586131 -13.15059265976762
-41.15043015196097 -13.1638325516567
-41.14339863402546 -13.179816251093
-41.13622304240772 -13.19321656899207
-41.1366500732113 -13.20097138151047
-41.14041826217356 -13.22148938589369
-41.14347452410402 -13.22908259587133
-41.14930176761644 -13.23909847932227
-41.15555542574174 -13.25686259989641
-41.15918026356727 -13.27478370529651
-41.1623778600631 -13.28495329162394
-41.1630897891438 -13.29786651604366
-41.16451375410826 -13.32368976962547
-41.16771960350553 -13.3338589141916
-41.16858843511558 -13.34935846967228
-41.16873330304011 -13.3519416273799
-41.17721775346999 -13.36179373174332
-41.18805465931198 -13.36632391500002
-41.19412169663008 -13.37896267574056
-41.19493366061811 -13.39193204363171
-41.19623300698481 -13.41268684726803
-41.18915788482066 -13.42616044603878
-41.18422294548867 -13.43168437459207
-41.17204274470474 -13.4480950312658
-41.16463371784751 -13.45638684855713
-41.15722215397042 -13.46468087912299
-41.14765886853775 -13.48093926255364
-41.1405633809847 -13.49443694715058
-41.13362589410666 -13.51053868056461
-41.11910566219528 -13.5348203023942
-41.10141577065892 -13.55143462718161
-41.08307358700213 -13.55763931149063
-41.05164968976324 -13.52538125599082