-38.60144622891649 -8.301820733069866
-38.59324508366084 -8.298238602490789
-38.58827833111997 -8.278618484400948
-38.59189709513866 -8.270504711127236
-38.6121088018848 -8.273516722834239
-38.61688427152047 -8.289174327683382
-38.61784848843426 -8.308984314172676
-38.62223846845009 -8.316718235500398
-38.6382556332881 -8.315956841044491
-38.65788970519902 -8.307080325010121
-38.67332556059127 -8.294431418131937
-38.68094877400954 -8.286123103210729
-38.68398515812153 -8.266121878403293
-38.69961784906251 -8.257427665585107
-38.72423204081385 -8.268155780405262
-38.73663762281935 -8.275500672861153
-38.75324508774908 -8.286614441381834
-38.77806203998033 -8.301303948310826
-38.79486946282546 -8.316380185435415
-38.78783148618495 -8.336579770868077
-38.77258295875972 -8.353202591560594
-38.74893026682153 -8.36228485418826
-38.7372986342989 -8.37078780074452
-38.71726412261002 -8.371749974790996
-38.7012375899229 -8.37251891660874
-38.68463027293601 -8.361400558389319
-38.65982357547957 -8.346700548541518
-38.64723034529785 -8.335386166604998
-38.62243165128027 -8.320680308337188
-38.60183137793892 -8.309744855496732
-38.60144622891649 -8.301820733069866