-39.11806140275613 -6.396268017140352
-39.11314220146608 -6.394907241422288
-39.10806653931674 -6.390341233450674
-39.10452621241524 -6.384091876010629
-39.10082916195001 -6.374636563607598
-39.09913731648689 -6.373114405178144
-39.09382645659413 -6.363738997353517
-39.0869018982044 -6.354443719073135
-39.07836386560011 -6.345228669517841
-39.07667190462978 -6.343706282034048
-39.07136071811289 -6.334328949083981
-39.06620644718858 -6.328157956211933
-39.05628440437635 -6.323837464970926
-39.05273464619338 -6.317592319633524
-39.05055573686713 -6.306461668917841
-39.05023265658087 -6.300055105495635
-39.04829796542638 -6.293728459955771
-39.04612184773271 -6.282596481603511
-39.0460412765938 -6.280994683672938
-39.04547769729525 -6.269782237635429
-39.04507534935257 -6.261773399589838
-39.05160587485958 -6.263051800774944
-39.05991059369214 -6.267452928227041
-39.06507090918995 -6.273617747598951
-39.07184432269621 -6.279701922666528
-39.0803151502284 -6.287304657418723
-39.08733565966532 -6.298192531375492
-39.09241910690422 -6.30275481640271
-39.09944103741676 -6.313643917565969
-39.1014602948092 -6.321572696905677
-39.1067050684384 -6.329341087391415
-39.11209485581528 -6.340323254433942
-39.11579235507806 -6.349782028678726
-39.12271752207847 -6.359078302116394
-39.12633647230204 -6.366932519458903
-39.12972070331776 -6.369977117236127
-39.13333949575712 -6.377830700023345
-39.13695818139594 -6.385683785168214
-39.1341210872889 -6.393859077731013
-39.11806140275613 -6.396268017140352