-38.27464505293803 -8.349042211669449
-38.24988616973794 -8.334331148068777
-38.23350958894045 -8.327165135600268
-38.22094560018687 -8.315849227364126
-38.20419603602864 -8.300762114835946
-38.18744987222921 -8.285675942604522
-38.17470374861229 -8.270401536809489
-38.15396660395896 -8.255506619501141
-38.13704189730428 -8.236463358668072
-38.11668858622606 -8.229490294286398
-38.09632296342053 -8.222505902316645
-38.07959236029637 -8.207422348760927
-38.07050076441074 -8.184059616829366
-38.06956445336682 -8.164263384444721
-38.06862789991711 -8.144467011588112
-38.06388620764383 -8.128819985861998
-38.04735481011161 -8.117703387912581
-38.02265634376481 -8.103009068873492
-38.00613187337269 -8.091893975797801
-38.00955391032508 -8.079820409051505
-38.03787481519029 -8.086412027532395
-38.05402940199034 -8.089608440461579
-38.07817185331717 -8.092422792504255
-38.09832549790123 -8.095427339556522
-38.11049409285582 -8.098813869988256
-38.12303964327199 -8.110120654934208
-38.13577483510509 -8.125388348488384
-38.15250761189414 -8.140465919919276
-38.16524747039863 -8.155735423916411
-38.18198550505763 -8.170814837838805
-38.20253582040601 -8.181743483813007
-38.2110965310705 -8.193245243658291
-38.22822103339806 -8.216249946087517
-38.22840978104308 -8.220211311681242
-38.24153917020956 -8.243408440011853
-38.2542928092393 -8.258683596359138
-38.27523791424053 -8.277540961063997
-38.29599829074736 -8.29243768395933
-38.31657341452568 -8.303373084531932
-38.32915235676661 -8.314694226212687
-38.3545067955848 -8.341302386545342
-38.35889146725486 -8.349038960564814
-38.36785128902685 -8.368474392359001
-38.35640862944182 -8.380926356457035
-38.32818723339815 -8.378280493842832
-38.31998892891618 -8.374694102784449
-38.27464505293803 -8.349042211669449