-40.46594735793671 -8.062616434581466
-40.45713457555547 -8.051064865739694
-40.44784227871584 -8.031535582497755
-40.44675130542099 -8.011591397045352
-40.46184172739035 -7.986819538752661
-40.48234745365822 -7.985768684695387
-40.49853778691249 -7.980936656242614
-40.51495135685301 -7.980093616644922
-40.55205093390548 -7.982185918650056
-40.57251502421684 -7.981129515759982
-40.59728425354034 -7.983853316350742
-40.64705272930751 -7.993293500886018
-40.68517177760933 -8.015355890923329
-40.69829395107465 -8.030702205323221
-40.71900431060736 -8.033640171772392
-40.72290040714464 -8.029432509024298
-40.74238246189222 -8.008389752125877
-40.76228073190913 -7.995334239702676
-40.78302744277637 -7.9982656859621
-40.80004659206745 -8.005409489199479
-40.80918450406378 -8.020978780894774
-40.80981049712506 -8.032975273232914
-40.7983978998428 -8.053601783118795
-40.77378584184247 -8.058865110252778
-40.73336806155568 -8.072965657224732
-40.71306391366311 -8.078013774134462
-40.67658129821885 -8.087893577532805
-40.63560817098625 -8.089987790989728
-40.60671388151612 -8.087457232671246
-40.59033690812996 -8.088292402905365
-40.56923937042055 -8.077359815389192
-40.53629275619372 -8.075037078770881
-40.51154137809472 -8.072296394059533
-40.47023939604839 -8.06639762303962
-40.46594735793671 -8.062616434581466