-38.65700323472809 -8.124470108156242
-38.64822686250591 -8.109006244761979
-38.65145593386561 -8.092972342197379
-38.66268845124041 -8.076554008344941
-38.6867055555316 -8.07539106005342
-38.70672213308644 -8.074418331345997
-38.72273631209632 -8.073639331035123
-38.74714267268806 -8.080401005634943
-38.76335109166043 -8.083586277532248
-38.7957736089818 -8.089951493342364
-38.80837224067339 -8.101251792600111
-38.82077735417054 -8.108590170168604
-38.81794243490865 -8.13255868772802
-38.80211604788372 -8.137301180011873
-38.78209041628663 -8.138275596052342
-38.76264911958563 -8.151134585308345
-38.76019999657571 -8.183023984888845
-38.75257938247561 -8.19133493154127
-38.73617146263322 -8.184186282839621
-38.71976521070459 -8.177037310556424
-38.69955019028866 -8.174042855118122
-38.69134827370934 -8.170468011585511
-38.67055556242286 -8.15558823223027
-38.62995512699371 -8.145606487204958
-38.65700323472809 -8.124470108156242