-39.02747048061433 -6.426452274862231
-39.02384611834287 -6.418601893964895
-39.01875433433297 -6.414040885057577
-39.01527896575578 -6.409399464886759
-39.01002654679449 -6.401637696506439
-38.99984707507118 -6.39252294163054
-38.994758892908 -6.387966804518716
-38.99306310193347 -6.386448274683381
-38.98612043597417 -6.37717377833765
-38.98256954423485 -6.370936878273225
-38.97926699237308 -6.369496360914271
-38.97405298600469 -6.361714847182015
-38.97183107707924 -6.348956600194708
-38.9730606715497 -6.340849905801743
-38.97267885174861 -6.332820612695619
-38.97213015205313 -6.321593063078198
-38.97342264642322 -6.315104214176138
-38.9731831978151 -6.310297220343001
-38.97624719284772 -6.306933245981949
-38.99751918555994 -6.312306812850077
-39.00726946181624 -6.313430781595272
-39.01387540335363 -6.316317106916951
-39.02048090879092 -6.319203740859496
-39.02894405246334 -6.326811819946402
-39.03409944973001 -6.332981005398283
-39.04255784625106 -6.34059300681388
-39.04940323268056 -6.348285409922846
-39.05117351286538 -6.351410682646106
-39.05640574769557 -6.359183200618914
-39.06333014935479 -6.368477189672684
-39.06502156543839 -6.369999394118604
-39.07517141303675 -6.37913204532037
-39.08362991801099 -6.386742099483798
-39.0903184205628 -6.391227476827455
-39.09224608891228 -6.397556473048144
-39.10070390981615 -6.405166038331333
-39.10094500371814 -6.409971208950506
-39.09973650262892 -6.418059419182515
-39.09055304804385 -6.428148531428934
-39.08588048526865 -6.43159142566846
-39.07959665248018 -6.435114156059907
-39.07315165860268 -6.435433362073383
-39.06340352946998 -6.434310221839248
-39.05373545343154 -6.434788689441812
-39.04720962952629 -6.433505721371475
-39.04398672322637 -6.433665130784258
-39.0324655697307 -6.429417169237063
-39.02747048061433 -6.426452274862231