-39.08732812200598 -6.266077088105608
-39.08877928553557 -6.26279257039232
-39.09466597807359 -6.25125483685535
-39.09579472722834 -6.241562037382788
-39.09547189866714 -6.235154264258362
-39.09482628323173 -6.222338913992378
-39.09280999665349 -6.214410642309954
-39.09224525452014 -6.203197469047893
-39.09030981233282 -6.196871344908819
-39.08829385227792 -6.18894348700169
-39.08635859082079 -6.182617551113898
-39.08264959983048 -6.173169594296588
-39.07724794759204 -6.162201563695049
-39.07482856120224 -6.146267286677634
-39.070876673777 -6.13201863018242
-39.07014947577957 -6.117607609938764
-39.07119586692025 -6.106317830394056
-39.07563160767067 -6.098061159275154
-39.08022621479199 -6.093011297035782
-39.08497721177501 -6.091172381384874
-39.09819848385575 -6.096923255187843
-39.12423994057642 -6.100418753651705
-39.14722274252356 -6.107280202125958
-39.15544925192077 -6.110073931256112
-39.1817451524735 -6.118373397670195
-39.19497652172041 -6.124124911334298
-39.20158994327939 -6.127003559542988
-39.21835500003135 -6.139019016061446
-39.2352846607153 -6.1542374541267
-39.26046257765012 -6.17223902050211
-39.27072085951695 -6.182960741544108
-39.29141072070939 -6.20760796503061
-39.30990125060473 -6.221132885963752
-39.3233893662541 -6.231697441996854
-39.34502339054667 -6.243461665054631
-39.36326555698147 -6.252184281299722
-39.37497613431352 -6.259627565226388
-39.39025968548794 -6.273314054923445
-39.39892353972662 -6.284121843762309
-39.40410522832664 -6.290286620945802
-39.41286789385844 -6.302694733714435
-39.42521954111343 -6.321347797395057
-39.43911648081845 -6.339941532103573
-39.45104477068646 -6.352207648949569
-39.46305051391163 -6.366076986141007
-39.48213804045751 -6.39245181858047
-39.487216327551 -6.397019377340359
-39.49745058761057 -6.407757858659543
-39.50776229749319 -6.420099228061939
-39.5164585442078 -6.432520950325305
-39.51207859542061 -6.442386483684244
-39.50884841678854 -6.442549414130926
-39.49262048428903 -6.441760248816417
-39.47325836632 -6.442735682357571
-39.46519257244683 -6.443141796905876
-39.45382104225827 -6.442106814387175
-39.44882279565185 -6.439143606005398
-39.42454529567175 -6.438757059694777
-39.41156014873172 -6.437802174522101
-39.39865409653483 -6.438450350610953
-39.37736407525807 -6.433089197873247
-39.36104938466777 -6.430693373210055
-39.34780471124161 -6.424928595385529
-39.33787176559828 -6.420604972640573
-39.31962293487442 -6.411876523314032
-39.3047657211574 -6.406192587581132
-39.30145541514337 -6.404751302444584
-39.27852366213693 -6.399472313795817
-39.26212850831332 -6.3954734177324
-39.25219297977206 -6.391150935253478
-39.24403053533037 -6.38995437353461
-39.23271318825623 -6.390523991434861
-39.22301384144251 -6.391011971477056
-39.21169933139239 -6.391580942540006
-39.20192463643558 -6.39046525289809
-39.1953858108001 -6.389186299585415
-39.18869368659306 -6.384700420273068
-39.180231268172 -6.377088970528324
-39.17184692144489 -6.371080526636712
-39.16492114982385 -6.361784115045278
-39.15968772522042 -6.354009635193263
-39.15437617165065 -6.34463112469173
-39.1524494758485 -6.338297269638479
-39.14398695205136 -6.330683793230524
-39.13882419986786 -6.324515434018802
-39.13704740020045 -6.321392134770999
-39.10839254095181 -6.298740175498936
-39.1016947395111 -6.294259008356736
-39.08732812200598 -6.266077088105608