-46.53535773430064 -23.61056181637282
-46.53607438308163 -23.61787933023247
-46.54258654261025 -23.64316400709388
-46.54330394491757 -23.65048181119313
-46.55674926940763 -23.66413734552999
-46.57055838383872 -23.68145231854542
-46.58000715882659 -23.69543536373519
-46.58180767472466 -23.71373273067933
-46.56261803157281 -23.72269984138782
-46.53013257589402 -23.71802233453783
-46.52181291659997 -23.71501884271059
-46.50517215899355 -23.70900932287193
-46.49964959997068 -23.69467999000047
-46.48223551563831 -23.6813387259354
-46.46521113592816 -23.67165840974686
-46.44895738980738 -23.6693017757824
-46.42834614863975 -23.66360460860708
-46.41528887953471 -23.65358918104198
-46.41299597054913 -23.63161452250154
-46.42336664766272 -23.61600402813145
-46.44318902389776 -23.61438857967433
-46.46263385000171 -23.60911393149803
-46.47285151186753 -23.58984774441476
-46.46236089918778 -23.56489329551121
-46.45001076080983 -23.56221194223974
-46.42531515212181 -23.55684673112633
-46.40497847542781 -23.5548111678228
-46.37668531714389 -23.55341529240404
-46.34077783846866 -23.55631301914571
-46.32482172173673 -23.55759770009718
-46.30126104795618 -23.56317529121768
-46.28567518115827 -23.56811044577155
-46.26210492097522 -23.57368376890111
-46.25959898552953 -23.58862739418128
-46.26545050606357 -23.6065969454824
-46.28291890227211 -23.61995496630174
-46.30514553332507 -23.64032019600933
-46.31426826483144 -23.65066715411619
-46.30627278366811 -23.65130987616197
-46.28228573665442 -23.65323521591609
-46.26666604285577 -23.65818116340868
-46.24704399567702 -23.66344615362314
-46.22594081704406 -23.65404931927826
-46.21647138554325 -23.64003367616968
-46.22225328496769 -23.61742804414945
-46.22876694136816 -23.60215353338044
-46.2080649394379 -23.59643010148335
-46.19245845435338 -23.6013604826803
-46.18556709028718 -23.61297295611556
-46.18339823005286 -23.6315941032519
-46.17359580357847 -23.65452535830969
-46.1456123078704 -23.65674805887641
-46.13325983823199 -23.65403471929452
-46.1238183458906 -23.64001357960693
-46.12636492231171 -23.62504976927138
-46.14090126725118 -23.60914359308594
-46.15215917802306 -23.60087594023532
-46.17865447519664 -23.58402681494118
-46.17829004230964 -23.5803707703525
-46.17646877947147 -23.56209616010485
-46.15908170602252 -23.54874451789852
-46.13878258803872 -23.54667151620275
-46.13114923470918 -23.55096113178306
-46.11226574419402 -23.5635040391275
-46.09701947561903 -23.57207465955898
-46.08141121935547 -23.57699016036049
-46.07015311779422 -23.58524508034357
-46.06830214304657 -23.6075056034897
-46.06901591552001 -23.61482469439219
-46.07080134171929 -23.63313053032076
-46.05590047478612 -23.64537957633153
-46.05155299014421 -23.6420305241607
-46.04977517719683 -23.62371650740731
-46.0483540602802 -23.60907379227167
-46.03894528068699 -23.59506676559729
-46.01756814889142 -23.58200594661578
-46.00123257495397 -23.57960724684151
-45.96928077581828 -23.5821125303269
-45.9612937631475 -23.58273765600335
-45.95260721994777 -23.57605671095351
-45.95155860156939 -23.56510380030876
-45.95781975762359 -23.54621187738127
-45.97676407571458 -23.53366383020518
-45.98407299350769 -23.52571428163958
-46.03197731620243 -23.52193327856496
-46.06388764820929 -23.51942443987695
-46.08381019137364 -23.51786314277394
-46.10704089326561 -23.50866359217787
-46.13097253713419 -23.50676744662475
-46.15525220960193 -23.50852371000499
-46.18422029915437 -23.51727081221887
-46.20416560002734 -23.51568122039334
-46.21214393067294 -23.51504454181407
-46.23173824133805 -23.50979503688719
-46.25062797261856 -23.49723124702279
-46.24887092603259 -23.47895272528816
-46.24711464945176 -23.46067563046606
-46.26235889355698 -23.45208713935512
-46.27900991271491 -23.45811761519814
-46.28874748051358 -23.47575372432182
-46.29813510980719 -23.48973518031655
-46.3147952449673 -23.49576340326444
-46.33943499453396 -23.50114694365727
-46.363366776517 -23.49921511198424
-46.38330959707641 -23.49760224847897
-46.42321924864856 -23.49436304861151
-46.42649677536458 -23.48672628137611
-46.41272545319024 -23.46942501373267
-46.39533937262042 -23.45610003119507
-46.37433724992014 -23.44674923567574
-46.35298431822817 -23.43374152696043
-46.34031703470719 -23.42739793869812
-46.33092899054901 -23.41342306806024
-46.3175589761756 -23.39977009054025
-46.31614475256387 -23.38515399253677
-46.3226978870069 -23.36989626379831
-46.33898595104487 -23.37226385396316
-46.35925850132963 -23.37430746055003
-46.38059984618067 -23.3873100624659
-46.40123398000234 -23.39300269863527
-46.43059094768845 -23.4053391879975
-46.45597511996234 -23.41799707931828
-46.48100915759413 -23.42699819578856
-46.49806420939594 -23.43665308649105
-46.51948048150393 -23.44963515437649
-46.54054239386749 -23.45896042659198
-46.55361836911915 -23.4689429415242
-46.58777655461232 -23.48824880170999
-46.60486332026313 -23.49790125872391
-46.62158872870375 -23.50389540887951
-46.64195077769573 -23.50589975275588
-46.66668374604463 -23.51122823140876
-46.69105428948495 -23.51289550536912
-46.72344764207241 -23.51389106349377
-46.74387238923075 -23.51587710409818
-46.75298688708205 -23.52618835399731
-46.75078734091045 -23.54482556026019
-46.74024414356354 -23.5604652715189
-46.72131712356489 -23.57310941769438
-46.70602904483036 -23.58175818172334
-46.69037652722047 -23.58674460498971
-46.68273197896865 -23.59106708727289
-46.67180883431822 -23.60303959082167
-46.68599990062651 -23.62400683622467
-46.69946940285941 -23.63765444130863
-46.70056049518508 -23.64863519917093
-46.68999617610859 -23.66426857649278
-46.67469711877602 -23.67290990147233
-46.65430412871535 -23.67089852214063
-46.64192539618565 -23.66822658156572
-46.62954766678769 -23.66555382947873
-46.60844033537075 -23.65621826933163
-46.59934999464637 -23.64589646125499
-46.58225553707721 -23.63623114553306
-46.56516533076829 -23.62656494478407
-46.53535773430064 -23.61056181637282