-68.1250 -16.2700 4450. ZOBO
-57.4756 -21.4631 240. PTMB
-46.1234 -21.3625 976. AREB
-44.7635 -20.9985 965. BSCB
-46.1164 -23.2524 677. IGAB
-50.3778 -22.9681 436. CANB
-52.8368 -22.4565 283. POPB
-48.6892 -17.7433 950. COR2
-47.7163 -24.0930 484. JUQB
-48.6892 -17.7433 950. CORB
-50.8634 -15.1369 410. PAZB
-49.0787 -13.3304 351. PORB
-51.8771  0.9051 248. SNVB
-50.3455 -16.5705 700. SLMB
-49.0855 -15.2644 1099. GNSA
-47.6859 -20.6628 649. NUPB
-49.0855 -15.2644 1099. GNSB
-46.0308 -20.0398 707. BAMB
-51.2618 -21.6074 347. PACB
-48.4443 -1.4503 7. BEB
-36.0102 -8.1768 479. CAUB
-42.7059 -4.8730 125. TRSB
-39.1238 -12.5306 220. PDCB
-39.6282 -15.9887 307. ITPB
-50.1546 -6.1702 757. CRJB
-54.8796 -17.6003 368. PP1B
-54.9572 -2.7515 195. STMB
-49.5582 -28.6105 135. NOVB
-52.3411 -27.3082 459. ITAB
-47.6859 -20.6628 649. NUPA
-47.5310 -22.4191 650. RCLB
-44.9290 -18.0922 800. TRMB
-38.6709 -5.4945 110. CS6B
-47.6085 -1.1272 55. IGCB
-55.6990 -20.4760 155. AQDB
-46.4380 -18.5373 949. PMNA
-44.5819 -13.4321 541. CRTA
-46.8188 -17.2702 779. PRCB
-44.5819 -13.4321 541. CRTB
-47.7075 -22.6448 574. PCBA
-47.7163 -22.3642 637. IPNA
-44.5052 -15.4678 571. JNRB
-46.7917 -16.2322 652. UNIA
-55.7000 -20.4800 155. AQDA
-54.1688 -19.5792 482. CMPA
-51.4929 -17.8929 817. JATB
-48.5020 -21.0580 563. BEB1
-48.4787 -21.0417 656. BEB2
-48.5215 -21.0248 638. BEB3
-48.5030 -21.0755 552. BEB4
-48.4815 -21.0862 582. BEB6
-48.4988 -21.0663 579. BEB7
-48.5137 -21.0685 567. BEB9
-48.5073 -21.0578 548. BEB8
-48.5218 -21.0630 584. BEB10
-54.8796 -17.6003 368. PP1A
-52.8393 -18.7655 753. CDSB
-52.0251 -18.5471 580. APOB
-48.5015 -21.0687 564. BEB11
-48.4880 -21.0687 578. BEB12
-51.2120 -18.4250 475. CCUB
-48.5133 -21.0660 554. BEB9A
-48.5145 -21.0780 553. BEB4A
-52.0740 -18.5081 657. APOB2
-48.5282 -21.0598 604. BEB9B
-48.5645 -21.0486 532. BEB13
-48.5688 -21.0280 516. BEB14
-48.5857 -21.0337 523. BEB16
-48.5073 -21.0820 565. BEB4B
-48.5308 -21.0413 587. BEB15
-48.5308 -21.0413 587. BB15B
-48.4943 -21.0380 523. BEB17
-48.5562 -21.0457 523. BEB18
-48.5275 -21.0663 570. BEB19
-48.6995 -20.9472 523. MAP01
-48.5037 -21.0433 574. BEB20
-48.5857 -21.0337 523. BB16B
-40.8465 -18.8313 185. BSFB
-48.4927 -21.0365 621. BEB21
-43.5580 -6.6570 245. BESB
-48.5040 -21.0540 537. BEB22
-46.9658 -23.0021 866. VABB
-46.4400 -18.5400 950. PMNB
-47.9033 -15.6639 1260. BDF
-64.3650 -27.1430 200. PA128
-64.6090 -27.2930 305. PA124
-64.1500 -27.2220 204. PA130
-64.1840 -27.6530 190. PA430
-63.4930 -27.3720 191. PA440
-64.0130 -27.5660 183. PA432
-63.7240 -27.3420 191. PA436
-64.3630 -27.6770 230. PA428
-64.5430 -27.7240 281. PA424
-64.7520 -27.3000 239. PA121
-64.9580 -27.2440 316. PA116
-65.1340 -27.2320 341. PA109
-65.4740 -27.1820 423. PA103
-65.3190 -27.2040 337. PA105
-64.3320 -27.3420 262. PA227
-65.1910 -27.9580 405. PA416
-65.6240 -27.0950 609. PA100
-64.7810 -27.8600 446. PA422
-65.7690 -26.9640 2278. PA097
-66.0310 -26.8330 2170. PA096
-65.4180 -27.9590 438. PA414
-64.9740 -27.9330 450. PA419
-66.2940 -26.7880 2362. PA091
-65.7060 -27.9120 1280. PA410
-65.5570 -27.8840 490. PA412
-65.8390 -27.9240 1198. PA408
-65.9390 -27.9670 1604. PA406
-66.1220 -28.0980 1647. PA404
-66.2820 -28.0940 813. PA402
-65.5590 -27.0690 475. PA101
-67.6660 -31.5860 582. PA628
-67.7960 -31.6860 620. PA626
-68.2290 -31.7780 577. PA620
-68.3090 -31.7610 579. PA618
-68.3960 -31.6880 596. PA616
-67.9890 -31.7500 793. PA624
-68.1030 -31.7330 671. PA622
-68.5160 -31.6730 607. PA614
-68.7390 -31.5600 789. PA608
-68.5910 -31.6630 621. PA612
-68.8390 -31.5310 975. PA606
-68.6060 -31.5630 702. PA610
-67.5210 -31.5770 587. PA630
-68.9990 -31.5090 1032. PA604
-63.3570 -31.6980 0. PA790
-63.1380 -31.6530 0. PA795
-63.7320 -31.7100 0. PA780
-63.8340 -31.6380 0. PA775
-64.0150 -31.6400 0. PA770
-64.2510 -31.6620 0. PA760
-64.3420 -31.6760 0. PA755
-64.4620 -31.6770 0. PA750
-64.1420 -31.6750 0. PA765
-63.5830 -31.6600 0. PA785
-64.6260 -31.6380 0. PA740
-64.5510 -31.6870 0. PA745
-64.7610 -31.6000 0. PA735
-63.2470 -31.6250 0. PA792
-63.0080 -31.6570 0. PA800
-62.8860 -31.6560 0. PA805
-62.7290 -31.6880 0. PA810
-62.4760 -31.6790 0. PA815
-62.2880 -31.7530 110. PA820
-62.0350 -31.7250 111. PA825
-61.8220 -31.7330 116. PA830
-61.3370 -31.6790 60. PA840
-61.5720 -31.7040 75. PA835
-61.0680 -31.6760 49. PA845
-61.5800 -31.7170 82. PA834
-62.2540 -27.3270 166. PA470
-62.6450 -27.0670 172. PA460
-63.0290 -27.1940 171. PA450
-65.1070 -34.1300 358. PA970
-64.8980 -34.3490 288. PA975
-65.1770 -33.8730 413. PA965
-65.4160 -33.6960 501. PA960
-65.7070 -33.5970 607. PA955
-64.5210 -34.8480 203. PA985
-64.7320 -34.5950 241. PA980
-65.8900 -33.3820 752. PA950
-66.1580 -33.2770 948. PA945
-66.3620 -33.0980 748. PA940
-66.4500 -34.8230 418. PA530
-65.8950 -34.1660 526. PA545
-66.1210 -34.3440 498. PA540
-65.2580 -33.4970 599. PA575
-65.3090 -33.6320 518. PA570
-65.5270 -33.8100 503. PA560
-65.7560 -33.8770 563. PA555
-66.0000 -34.2700 511. PA542
-65.8700 -33.9970 572. PA550
-65.1390 -33.2320 844. PA585
-65.1820 -33.3540 742. PA580
-66.2700 -34.6230 480. PA535
-64.9990 -32.7090 979. PA595
-65.0440 -32.8670 972. PA592
-65.1190 -33.0680 1000. PA588
-64.8790 -31.6060 2178. PA730
-65.0210 -31.6840 922. PA725
-65.1570 -31.7860 693. PA720
-65.4110 -31.8510 411. PA715
-65.8720 -31.8100 319. PA705
-58.1520 -31.7700 60. PA895
-58.3990 -31.7000 71. PA890
-58.8360 -31.8240 73. PA880
-58.6270 -31.7230 80. PA885
-59.1020 -31.8070 47. PA875
-59.4100 -31.8080 77. PA870
-60.7930 -31.6940 26. PA850
-60.0290 -31.8550 86. PA860
-60.3280 -31.7800 55. PA855
-59.6870 -31.8650 89. PA865
-58.9580 -31.8050 56. PA878
-60.0290 -31.8420 76. PA861
-60.5400 -31.8460 94. PA852
-52.3170  4.9480 25. CAY
-52.7320  5.2070 10. KOG
-47.4270 -23.5927 647. SPB
-52.6445  5.1101 147. MPG
-68.9113 -22.6182 2915. LVC
-68.9113 -22.6182 2915. LVC
-68.9113 -22.6182 2915. LVC
-67.7470 -10.1501 220. RIOB
-68.9113 -22.6182 2915. LVC
-48.0148 -15.6418 1195. BDFB
-68.1307 -16.2879 4769. LPAZ
-57.3309 -26.3306 105. CPUP
-57.3309 -26.3306 105. CPUP
-68.1307 -16.2879 4817. LPAZ
-68.1250 -16.2700 4450. ZLP
-47.9033 -15.6643 1260. BDF
-59.9666 -0.7308 237. PTGA
-68.9111 -22.6127 2960. LVC
-35.9014 -5.8274 400. RCBR
-63.1831 -8.9489 120. SAML
-68.9111 -22.6127 2960. LVC
-35.9014 -5.8274 400. RCBR
-63.1831 -8.9489 120. SAML
-59.9666 -0.7308 237. PTGA
-63.1831 -8.9489 120. SAML
-35.9362 -8.4295 486. AGBR
-35.7440 -6.7814 542. SLBR
-38.3922 -4.5813 51. OCBR
-40.3717 -3.7452 56. SBBR
-38.2708 -6.1216 220. PFBR
-67.6562  5.4204 81. PTAV
-61.4613  5.8433 1380. LUEV
-67.6561  5.4205 90. PAYV
-67.6290 -27.9008 1376. NS18
-67.6033 -27.4796 1646. NS15
-67.6134 -27.5686 1608. NS16
-66.9436 -27.1125 2193. BB11
-67.1245 -27.5131 2152. BB12
-67.7026 -27.1125 2170. NS11
-68.0977 -27.8327 3117. BB24
-66.5980 -27.6413 937. BB13
-67.6247 -27.7079 1496. NS17
-67.6942 -27.4437 1839. NS14
-67.7736 -27.3360 2022. NS13
-67.7568 -27.2283 2017. NS12
-65.9785 -27.5971 1854. BB14
-66.3698 -27.3405 2856. BB15
-67.1841 -26.6841 3898. EW09
-67.4034 -26.5125 3037. NS05
-67.4400 -26.6163 3111. NS06
-67.5505 -26.6677 3517. NS07
-67.6526 -26.9101 3440. NS09
-67.6484 -26.7841 4190. NS08
-67.6762 -26.6662 3755. EW11
-68.1629 -26.7444 4710. EW15
-68.0988 -26.5251 3787. BB09
-67.6907 -26.3790 3336. BB10
-67.7736 -26.6851 3735. EW12
-67.8773 -26.6523 3882. EW13
-67.6181 -25.5160 3399. BB07
-68.0026 -26.7090 4552. EW14
-67.9180 -26.0160 3347. BB08
-67.0615 -26.3063 4419. BB19
-68.5426 -27.6195 4100. BB25
-66.8851 -20.0756 3862. CHIT
-67.0173 -18.3880 3721. POOP
-66.7469 -20.4619 3936. UYUN
-69.4157 -19.8681 1620. PACH
-67.7245 -19.6201 3779. SALI
-63.1618 -20.2538 823. ITIT
-60.7065 -19.2999 335. RAUL
-68.8462 -19.8507 4110. LIRI
-64.1803 -19.4853 2073. ROSL
-64.6446 -19.1480 2591. SCHO
-65.0700 -19.1581 2896. YUNZ
-62.0049 -19.0002 396. COLO
-65.9295 -19.3747 3566. CRIS
-68.3233 -19.6064 3688. HIZO
-63.7239 -19.8107 1676. PICH
-66.7331 -18.8279 3810. TACA
-67.7490 -17.2924 4065. SICA
-67.8162 -17.9467 4178. CHUQ
-68.3147 -16.9221 4329. COLL
-66.2212 -19.1034 4267. CRUZ
-67.2221 -19.3535 3749. DOOR
-67.4778 -17.7777 3788. LAJO
-65.4374 -19.6254 3353. BATO
-66.7500 -20.4600 3870. UYUN
-68.0400 -21.3200 4180. OLLA
-67.8500 -21.9600 4780. CHAS
-67.6500 -22.2800 4630. LCOL
-67.4900 -22.5300 4440. GUAC
-67.1300 -22.3900 4590. PNEG
-67.3500 -21.9500 4165. SONI
-64.5496 -31.5973 1192. ESP08
-64.9564 -31.1382 1252. ESP06
-64.4094 -30.7717 1205. ESP04
-65.2240 -31.2651 1042. ESP07
-64.0643 -29.1412 218. ESP01
-64.0143 -29.7428 644. ESP03
-64.0507 -29.4556 342. ESP02
-64.9992 -32.1518 1093. ESP10
-65.7172 -32.4189 1067. ESP11
-66.0802 -32.8320 1675. ESP12
-64.6581 -31.9094 1061. ESP09
-64.6479 -31.0114 890. ESP05
-68.2330 -31.6030 638. JUAN
-69.3876 -32.2236 2477. USPA
-65.7172 -32.4191 1100. HUER
-67.7245 -30.2703 1272. RINC
-66.5280 -30.3949 729. LLAN
-65.1868 -30.9075 543. PICH
-68.5434 -30.1387 1048. HEDI
-68.8282 -30.1930 1309. PACH
-69.7556 -30.3169 3924. NEGR
-69.5109 -33.6155 2786. AREN
-68.4721 -34.7743 868. RAFA
-68.4653 -20.9433 5206. OLC1
-68.5088 -20.8570 4043. OLC4
-68.4601 -20.8673 3998. OLC3
-68.3282 -20.9271 3759. OLCE
-68.3674 -20.9926 4055. OLC2
-68.4734 -20.7322 4154. IRR2
-68.5246 -20.7386 4313. IRR1
-68.7213 -31.6037 995. ZOND
-68.7751 -31.9058 1333. CHIL
-68.4351 -31.7511 640. BOZA
-68.8282 -30.1929 1323. PACH
-68.5739 -30.1441 1095. CIGA
-69.6399 -29.9596 5051. CORT
-68.0740 -31.1238 912. CONE
-69.4363 -30.6586 2628. TOCO
-69.2454 -30.4076 1968. ARRO
-67.8702 -31.5770 833. NIKI
-66.7470 -31.1994 697. NOQE
-69.5250 -31.0368 1657. NUEV
-69.6285 -31.2070 2369. CASP
-69.4195 -31.2831 1383. CALI
-69.4159 -31.6495 1962. BARR
-69.3241 -31.8016 2472. LEON
-68.9849 -32.1196 1817. CLAR
-68.7475 -31.0207 1316. TALA
-68.9843 -31.5115 1231. SASO
-67.5087 -30.6866 990. MAJA
-67.2846 -31.0674 921. CHUC
-67.8363 -30.1608 1442. LUNA
-67.7245 -30.2703 1286. RINC
-68.4756 -31.3287 746. LAJA
-68.6260 -30.5701 946. TUCU
-67.1885 -32.2742 649. CATA
-69.0218 -31.9172 2396. SOMB
-66.6073 -30.8182 966. MALA
-66.5280 -30.3949 752. LLAN
-69.3878 -32.2240 2491. USPA
-69.6923 -31.8965 1971. PATO
-69.4749 -30.1658 2894. VELA
-67.1096 -29.9357 688. COLO
-67.2864 -30.2085 945. PAGA
-66.2383 -31.4990 530. ABRA
-68.9481 -30.8309 1673. GUAL
-68.5650 -31.5278 728. CIG2
-68.5657 -31.5275 743. INPS
-69.0827 -30.9492 3184. DOCA
-68.7991 -31.2711 1530. SECA
-68.4928 -30.9389 993. MONA
-66.2481 -28.8195 641. CHUM
-68.5764 -31.5406 674. UNSJ

