-18.55 	-52.03 	580.0 	
-18.51 	-52.07 	657.0 	
-20.48 	-55.70 	155.0 	
-20.48 	-55.70 	158.0 	
-21.36 	-46.12 	976.0 	
-20.04 	-46.03 	707.0 	
-21.04 	-48.53 	587.0 	
-21.03 	-48.59 	523.0 	
-21.07 	-48.53 	571.0 	
-21.05 	-48.50 	571.0 	
			-1.45 	-48.44 	7.0 	
-21.06 	-48.50 	563.0 	
-21.06 	-48.52 	584.0 	
-21.07 	-48.50 	564.0 	
-21.07 	-48.49 	578.0 	
-21.05 	-48.56 	532.0 	
-21.03 	-48.57 	516.0 	
-21.04 	-48.53 	587.0 	
-21.03 	-48.59 	523.0 	
-21.04 	-48.49 	523.0 	
-21.05 	-48.56 	523.0 	
-21.07 	-48.53 	570.0 	
-21.04 	-48.48 	656.0 	
-21.04 	-48.50 	574.0 	
-21.04 	-48.49 	621.0 	
-21.05 	-48.50 	537.0 	
-21.02 	-48.52 	638.0 	
-21.08 	-48.50 	552.0 	
-21.08 	-48.51 	553.0 	
-21.08 	-48.51 	565.0 	
-21.09 	-48.48 	582.0 	
-21.07 	-48.50 	579.0 	
-21.06 	-48.51 	548.0 	
-21.07 	-48.51 	567.0 	
-21.07 	-48.51 	554.0 	
-21.06 	-48.53 	604.0 	
	-6.66 	-43.56 	245.0 	
-21.00 	-44.76 	935.0 	
-18.83 	-40.85 	185.0 	
-18.77 	-52.84 	757.0 	
-21.78 	-41.43 	148.0 	
-22.97 	-50.38 	436.0 	
	-8.18 	-36.01 	479.0 	
-18.43 	-51.21 	475.0 	
-18.77 	-52.84 	753.0 	
-19.58 	-54.17 	482.0 	
-29.31 	-50.85 	712.0 	
-17.74 	-48.69 	950.0 	
-17.74 	-48.69 	950.0 	
-30.41 	-53.44 	290.0 	
	-6.17 	-50.15 	757.0 	
-13.43 	-44.58 	541.0 	
-13.43 	-44.58 	541.0 	
	-5.49 	-36.67 	110.0 	
		-23.02 	-44.44 	6.0 	
-23.34 	-49.56 	518.0 	
15.26 	-49.09 	1099.0 	
15.26 	-49.09 	1099.0 	
-23.85 	-50.27 	696.0 	
-23.25 	-46.12 	677.0 	
		-1.13 	-47.61 	55.0 	
-22.36 	-47.72 	637.0 	
-27.23 	-52.13 	459.0 	
-15.99 	-39.63 	307.0 	
-19.70 	-50.36 	426.0 	
-17.89 	-51.49 	817.0 	
-15.47 	-44.51 	571.0 	
-24.09 	-47.72 	484.0 	
-20.95 	-48.70 	523.0 	
-24.45 	-51.50 	507.0 	
-18.81 	-43.98 	736.0 	
-16.78 	-43.82 	571.0 	
-16.66 	-43.92 	696.0 	
-16.70 	-43.89 	670.0 	
-28.61 	-49.56 	135.0 	
-20.66 	-47.69 	649.0 	
-20.66 	-47.69 	649.0 	
-21.61 	-51.26 	347.0 	
-15.14 	-50.86 	410.0 	
-22.64 	-47.71 	574.0 	
-12.53 	-39.12 	220.0 	
-12.11 	-48.30 	346.0 	
-31.76 	-53.60 	412.0 	
-18.54 	-46.44 	949.0 	
-18.54 	-46.44 	950.0 	
-22.46 	-52.84 	283.0 	
-13.33 	-49.08 	351.0 	
-17.60 	-54.88 	368.0 	
-17.60 	-54.88 	368.0 	
-17.27 	-46.82 	779.0 	
-24.72 	-52.01 	981.0 	
-21.46 	-57.48 	240.0 	
-22.42 	-47.53 	650.0 	
-24.30 	-51.14 	568.0 	
-23.62 	-49.88 	752.0 	
-21.18 	-49.20 	450.0 	
-18.70 	-41.18 	243.0 	
-16.57 	-50.35 	700.0 	
		0.91 	-51.88 	248.0 	
	-2.75 	-54.96 	195.0 	
-24.07 	-50.70 	700.0 	
-22.79 	-52.64 	490.0 	
-20.67 	-51.33 	283.0 	
-18.09 	-44.93 	800.0 	
	-4.87 	-42.71 	125.0 	
-16.23 	-46.79 	652.0 	
-23.00 	-46.97 	866.0 	
-23.00 	-46.97 	866.0 	
-15.06 	-44.31 	693.0 	
-11.61 	-56.73 	330.0 	
-15.90 	-55.69 	213.0 	
	-8.86 	-47.59 	292.0 	
	-20.62 	-40.73 	22.0 	
	-21.83 	-41.66 	31.0 	
-22.08 	-42.37 	623.0 	
-24.81 	-48.10 	297.0 	
-27.40 	-49.01 	344.0 	
-22.87 	-43.96 	617.0 	
-24.29 	-47.28 	150.0 	
-19.31 	-40.39 	216.0 	
23.32 	-45.16 	1117.0 	
-28.53 	-49.13 	315.0 	
25.32 	-49.00 	1049.0 	
-22.28 	-43.44 	402.0 	


