-48.47965898183615 -8.161703773676667
-48.51883099337771 -8.204816991478984
-48.58172455112951 -8.245819573469168
-48.59630540857677 -8.279476532502869
-48.57713376913649 -8.339424854556313
-48.5680029520386 -8.375170712516084
-48.5507985349984 -8.458149430582147
-48.5577499909935 -8.538884623820758
-48.56470538123817 -8.619619918088318
-48.57755174518026 -8.630119759856953
-48.58351817091737 -8.699324626863749
-48.60233976115358 -8.779035932244165
-48.60433054033052 -8.802104688076017
-48.6360264607764 -8.892334755184475
-48.64001374537453 -8.938476127372484
-48.64599735082006 -9.007687079854494
-48.63911427515733 -9.066376670013016
-48.63621901450675 -9.171193613691251
-48.61845622295468 -9.24240424877846
-48.61154407148149 -9.301067197177213
-48.61650956645189 -9.358722624095908
-48.70759695191916 -9.30456940642633
-48.76201811128412 -9.241845608098601
-48.80355332000077 -9.168555709561234
-48.80641292341606 -9.063666279842025
-48.82416493961845 -8.992366280125157
-48.83990635326263 -8.897961754517253
-48.85865528047912 -8.838173321319367
-48.90721040844341 -8.84558209421086
-48.92715402389824 -8.936930531639673
-48.93722673365254 -9.052407613657174
-48.93943577295273 -9.215086647639799
-48.94851012451837 -9.319000865545711
-48.93377168608983 -9.424926641935192
-48.90409669070314 -9.497202166940161
-48.88830943038157 -9.591532330036786
-48.88241310676978 -9.661765722354502
-48.86259531623938 -9.709903588101978
-48.85870021847985 -9.803184869844017
-48.86607378253819 -9.883969793048898
-48.87382086487526 -9.964810588727847
-48.88573756552495 -9.963830411767045
-48.95281202033115 -9.911726897437218
-48.99493179320342 -9.850018346435912
-48.99673526000492 -9.733600987295692
-49.00362778906082 -9.674886780206732
-49.04728835313433 -9.624703283712693
-49.10387692937362 -9.585035539407834
-49.12875002367874 -9.59457179640653
-49.12392656850827 -9.676427057894633
-49.1101889829412 -9.793909373154007
-49.08512324833179 -9.912412826390924
-49.06573453118329 -9.960623801692984
-49.03552347793033 -10.02137697693662
-49.01500310633152 -10.05802167086605
-48.92289558768309 -10.10052689037695
-48.81889744597458 -10.14394948743233
-48.73877677384328 -10.18537975332702
-48.68140534041399 -10.21329700546392
-48.68250190274218 -10.22484865758059
-48.6176021865497 -10.29990295821588
-48.59815071626632 -10.34801705693608
-48.60361188471536 -10.405786234633
-48.61016615694994 -10.47512333677128
-48.60479411772862 -10.54541689571689
-48.59287388201204 -10.54635927196786
-48.50946420798388 -10.55294082369941
-48.43150393089679 -10.48924802042705
-48.40229721478673 -10.4333817697528
-48.38500506479372 -10.37659428337535
-48.365568999673 -10.29674180715751
-48.32024500750755 -10.19574267344807
-48.23927605551381 -10.22542197069367
-48.22194721846145 -10.29649891735799
-48.18619611544258 -10.42712354737198
-48.15696460802625 -10.49913196861458
-48.12878509291875 -10.58267295611951
-48.1254178691193 -10.67592062966178
-48.10696903769392 -10.73546507204219
-48.08745149293781 -10.78346308841724
-47.99874648082194 -10.85996761669452
-47.94357286211919 -10.91063303084999
-47.91215274476163 -10.95948593675875
-47.85802419753216 -11.02164632352484
-47.81576608297801 -11.08289443668933
-47.68679165766115 -11.10444772941743
-47.59230108798823 -11.11170201871957
-47.52248993812287 -11.12865421176229
-47.46858918610488 -11.19081353328098
-47.45009091201354 -11.25027196357654
-47.40829182034965 -11.31177669677518
-47.31709639174026 -11.35367522514318
-47.18943295219768 -11.38660195577329
-47.09612972630158 -11.40523801604322
-47.03927331293123 -11.43279494813103
-46.97166927818237 -11.47279496115924
-46.90613363124567 -11.53595135371646
-46.86207990824817 -11.5741851551448
-46.82670638557723 -11.57677541503693
-46.77337897608362 -11.51070496561865
-46.72318847485577 -11.47940856226379
-46.63671340217002 -11.43912342993943
-46.56209066082802 -11.39798920210069
-46.46304666169836 -11.34701495671899
-46.37596106267565 -11.29534199631305
-46.26579996523012 -11.24583153276092
-46.20542592940792 -11.22735093454996
-46.1548719377307 -11.18497067091542
-46.08096006883963 -11.14438228554208
-46.02951959747954 -11.09050193254435
-45.99072423409214 -11.04721964573066
-45.97904032871838 -11.0481128785655
-45.86554336494964 -10.95273070368732
-45.82773623531223 -10.92093483390548
-45.76567358571554 -10.87942461365595
-45.66862788265857 -10.84055626926889
-45.56086980393042 -10.81402597566322
-45.48724332319029 -10.77335933622374
-45.40290034568758 -10.74508750698548
-45.32755465625057 -10.68150810596597
-45.27734878425688 -10.63911758949303
-45.21728857267014 -10.62053571204515
-45.14381255507017 -10.57987203242184
-45.05430740615985 -10.48272175176435
-44.99255466311512 -10.44118587508505
-44.96662523041632 -10.40854960882595
-44.92555531720199 -10.33093163221465
-44.7173458027414 -10.13255033570749
-44.70470087155688 -10.12156206125803
-44.60791785961836 -10.09325674785774
-44.54734011584849 -10.07406462849712
-44.49854954183158 -10.05393862243483
-44.40101180909461 -10.01367579698237
-44.3522651288858 -9.993538958282656
-44.27834676345884 -9.951422688936367
-44.22964119724679 -9.931279261773927
-44.1793227213535 -9.887338453483526
-44.14322678335118 -9.878176064266404
-44.05603794275674 -9.813427067273949
-43.99481652286075 -9.782529324006903
-43.92025118685304 -9.72893744720942
-43.86923235350616 -9.673567259156851
-43.81825052967325 -9.61821131177018
-43.76889954335952 -9.586402822435838
-43.71799287286506 -9.531039448973765
-43.65539110761428 -9.476571795623498
-43.59361123216927 -9.433883761267698
-43.45789243352574 -9.350758790240194
-43.37085910405583 -9.287143736397969
-43.29790451389441 -9.257783975198274
-43.22344930964269 -9.204899954355872
-43.11440173607738 -9.166668342972359
-43.02819310753207 -9.114707507710582
-42.90734907688947 -9.077359313931613
-42.76074440685712 -9.006623114393028
-42.71213182650215 -8.98692081093682
-42.6142131593634 -8.935745434037504
-42.51631513731302 -8.884540401190034
-42.44342568753339 -8.854916702126731
-42.3705396082149 -8.825275854278928
-42.33444019350441 -8.816314455989918
-42.22342571257067 -8.742483148603084
-42.15040277959421 -8.712966295445336
-42.0640176086163 -8.661111930688064
-41.96576618218901 -8.610184752883288
-41.8668586960077 -8.547492739398503
-41.80553079275175 -8.517081799839071
-41.73103585729952 -8.46415721792466
-41.66967751530621 -8.43373737720286
-41.61929158684856 -8.390868716841078
-41.59338388752896 -8.357777285537484
-41.51781261060977 -8.293435148868159
-41.47861067604119 -8.237948677264832
-41.40093638275912 -8.138604946806394
-41.31908812519383 -7.969351000428592
-41.26665811053191 -7.89144858236593
-41.22474127917015 -7.789359735226768
-41.16116159783648 -7.723976500180355
-41.13393697144235 -7.667555956130729
-41.0948379856148 -7.612019842457176
-41.08157762481918 -7.589627737480045
-41.0285524605411 -7.500057628169465
-40.97759505742469 -7.445383034681733
-40.92528783055195 -7.36743229535756
-40.88623870241062 -7.311872937727937
-40.88488505024734 -7.288613208245321
-40.83126773986823 -7.187402468267326
-40.82857331302218 -7.140903078832602
-40.82588068410562 -7.094413332380489
-40.80994205394987 -7.025553641904552
-40.76957523328152 -6.958602758571118
-40.72887908043791 -6.891721559443464
-40.70097281724991 -6.835524606327622
-40.6866331964827 -6.801623583902443
-40.68123355603051 -6.720481260776681
-40.67737820639158 -6.662524174658446
-40.70726231603609 -6.567233626134322
-40.72819937065339 -6.519180475477206
-40.74912550891089 -6.47114253021136
-40.75881228351067 -6.435546555038971
-40.81226115363715 -6.338750439606085
-40.83138408083576 -6.267644441478513
-40.837115698709 -6.174216292846032
-40.85316097100069 -6.056851716292954
-40.86919392596453 -5.939524090855901
-40.88521434872442 -5.822234480502997
-40.8806223746779 -5.752831212510552
-40.88626809503532 -5.659513682426615
-40.90341097140667 -5.565416383446093
-40.9052442894297 -5.425832531023469
-40.91123318504974 -5.344078939805903
-40.90292154908148 -5.228388337716468
-40.89710457843664 -5.14739580884504
-40.86435463406772 -5.02163232069948
-40.84756592968625 -4.952948667681177
-40.82911818117064 -4.861101876364911
-40.8241380403878 -4.791641770103363
-40.80735295474274 -4.72292703966947
-40.79222802493578 -4.677360766215398
-40.77705178515289 -4.631774908360702
-40.75922140813692 -4.551390625684348
-40.73111270219604 -4.494855409729231
-40.72775575501206 -4.44850378739515
-40.72439923640604 -4.402150146819833
-40.72796545900636 -4.285575988217912
-40.73558827314953 -4.226903631418981
-40.7643913352593 -4.143314124546785
-40.78500638200825 -4.106904098166479
-40.83694576661997 -4.021647884503043
-40.88987424421756 -3.948035404150621
-40.91042047733561 -3.911571497531141
-40.95254204510426 -3.850313836328761
-40.99569800234711 -3.800712162477609
-41.02803303791507 -3.763538966080726
-41.12708479829633 -3.675310520499956
-41.23580335762536 -3.562965886968447
-41.31218497143878 -3.48780959754819
-41.45610961549819 -3.373274373044084
-41.55691836288502 -3.308375233196806
-41.63323463567665 -3.233212412281441
-41.67920772564862 -3.21866720764562
-41.79650667825442 -3.211528992998054
-41.86672913259041 -3.20714909448609
-41.91352921413862 -3.204227081742197
-41.97295475397006 -3.212239354839199
-42.04498816726954 -3.231174358944941
-42.15203098229212 -3.247891802542267
-42.19965672627267 -3.256582921754075
-42.23553971583448 -3.265953965444071
-42.35478762066769 -3.293285526497595
-42.42741523144087 -3.32363923577239
-42.48744945601167 -3.343098678203241
-42.58327576068974 -3.371883955261651
-42.65765122325007 -3.425436742807093
-42.70690552224169 -3.45724045858928
-42.76775762321353 -3.488257972605657
-42.84019668000819 -3.518484406346588
-42.88663506054179 -3.515393979054604
-42.95720300722459 -3.52238314891648
-43.02774459856532 -3.529364856489916
-43.19102303169278 -3.530154651656376
-43.27215641844882 -3.524738499444983
-43.2953311410467 -3.523189885237323
-43.39326190615521 -3.435020081698291
-43.47071624189425 -3.383200957223799
-43.56680457443101 -3.271812441754298
-43.57748027795542 -3.25943467478806
-43.67251559434981 -3.287628168853462
-43.73198534580348 -3.306631096076782
-43.79055563056268 -3.314030864475817
-43.91743845071937 -3.304783120848923
-44.0185807375874 -3.262411315569395
-44.07186845872472 -3.200348659043214
-44.07988881006214 -3.153188563967744
-44.08790905210628 -3.106020299991954
-44.0941700300006 -3.03566354950839
-44.11285448691349 -2.976063143253644
-44.17766009575626 -2.912982119751733
-44.22379831789881 -2.90959078839046
-44.29659512347346 -2.951268199955484
-44.36933312419446 -2.992775045326125
-44.4074383169467 -3.036656309486088
-44.44641090256236 -3.092107457599016
-44.49603075915432 -3.135134159474672
-44.55453911095674 -3.142529159808055
-44.58910974486994 -3.139957638260571
-44.65562853175912 -3.100041031514868
-44.71603914983937 -2.978818348820536
-44.71166739725867 -2.92064395160559
-44.7055416888047 -2.839106034211811
-44.70028895428359 -2.769190478006508
-44.68173866822053 -2.676650398004444
-44.67471164597563 -2.58310479858846
-44.68273750384376 -2.535429859047758
-44.70318515203977 -2.498566992453021
-44.72100727235947 -2.426548657772195
-44.76717813456672 -2.422920978507163
-44.8523532233807 -2.475123942821504
-44.89939858910633 -2.483333527164195
-44.99175374781564 -2.476099216201714
-45.10722582696805 -2.466912071343984
-45.19963336158847 -2.459461297008891
-45.24584538215045 -2.455732961360358
-45.31517440555884 -2.450136214338107
-45.36055164397563 -2.434672406064686
-45.42990416761229 -2.429066875696156
-45.48686369403592 -2.412657545816371
-45.55540103201353 -2.395306049977581
-45.52805716780446 -2.338480857741477
-45.45443184234384 -2.285381287219301
-45.35680329921108 -2.222383546370207
-45.32039767823858 -2.20169030490931
-45.25743442168654 -2.135836979311443
-45.23087183027232 -2.090663020389117
-45.22315624903991 -1.984726579054567
-45.24116411548172 -1.912161542861728
-45.23859329256538 -1.876804327330757
-45.32526327930899 -1.786693673725406
-45.39137831898692 -1.733806585741103
-45.45668063255188 -1.669075357379442
-45.47817456945991 -1.643549916170183
-45.52117762126397 -1.592478700757092
-45.59901505820285 -1.538490842264139
-45.66781593598579 -1.520876712318749
-45.73747228848126 -1.515090612088496
-45.7839177234263 -1.511231054753101
-45.83203185962427 -1.531043746582425
-45.94151836695553 -1.593357562802608
-45.99209223640736 -1.64863885305364
-46.04593440517349 -1.751166297305757
-46.06246435465497 -1.821072009083884
-46.06656491652334 -1.880094847294453
-46.06984279592374 -1.927290224574643
-46.06234150673697 -1.987214308927456
-46.03165386494349 -2.049016821453196
-46.02498592440471 -2.120647165677602
-46.01668021085818 -2.168691831815144
-45.99597145985648 -2.20589521437066
-45.97775044679673 -2.278325482285078
-45.9678196305389 -2.30277181127785
-45.92728947408918 -2.388758670073617
-45.93059247083352 -2.435713381174837
-45.9338933863828 -2.482647960512318
-45.96032970521434 -2.527688041883455
-45.96197773674591 -2.551139225846824
-46.03467066425617 -2.592403977966594
-46.07019354367424 -2.601311816471301
-46.13960503263554 -2.595683395988548
-46.25612541818032 -2.598014924245257
-46.30323291419672 -2.605957328817802
-46.35034362078955 -2.61389315766878
-46.42226738751849 -2.643272648809048
-46.49358239575505 -2.660558972520568
-46.50520380978 -2.659533933919005
-46.59421960365128 -2.592697776986781
-46.61429820398772 -2.543709623124503
-46.63597776872207 -2.518171405709881
-46.68782831852389 -2.4190368392457
-46.71960024024904 -2.368903461210863
-46.76304533841718 -2.317692862320071
-46.77391037236725 -2.304883840894087
-46.81817992539551 -2.26539805482477
-46.86011260180274 -2.190548177389684
-46.87951957648074 -2.129522571490979
-46.88883367610895 -2.09309917723174
-46.96046611950455 -2.110359029364878
-47.01109596545209 -2.165099947652115
-47.07417818872677 -2.23056071104678
-47.13647519327105 -2.284222532842624
-47.19953942577223 -2.349649646639241
-47.23768149710718 -2.393604879031063
-47.27581835097657 -2.437550606352326
-47.35054354688139 -2.501886712005917
-47.37545085315796 -2.523328401969137
-47.43923847979428 -2.600437637174274
-47.48904080441189 -2.643298561083282
-47.55204600045076 -2.708611790736854
-47.60334562986567 -2.774936653331724
-47.71738061070373 -2.894219480757569
-47.75733404176168 -2.961151733793894
-47.79646182638872 -3.016418257677994
-47.83575941078996 -3.071523329313536
-47.87517974839734 -3.126521760919262
-47.95158466191069 -3.201571001659997
-48.05242136406487 -3.286126470133604
-48.16512260429147 -3.369632367037351
-48.31497748897524 -3.473256898557155
-48.41604330776901 -3.557909037272236
-48.54092860899861 -3.640402488788812
-48.62876170666002 -3.702818947889784
-48.69130001042099 -3.744085029961324
-48.83939139160741 -3.812861394353841
-48.87745392297233 -3.844631215882556
-48.97737820308508 -3.906056745127376
-49.0035845734557 -3.938900619718388
-49.05438859449834 -3.981281022285412
-49.11872376456915 -4.045918945735521
-49.14575587810278 -4.090421994754118
-49.19982520744898 -4.179421530748432
-49.2408329502869 -4.246012191604368
-49.25562113975535 -4.279756048797247
-49.31200916784313 -4.379945365539066
-49.34068632341167 -4.435863524259671
-49.38325730248789 -4.513959914536438
-49.40088030210386 -4.582577522592966
-49.41757334854709 -4.639588619164677
-49.42224762482029 -4.69765049615225
-49.42879342345114 -4.778931948980069
-49.43440448600744 -4.848597114150637
-49.42518667438292 -4.884459305471986
-49.40768704209824 -4.967769972354572
-49.38925540694969 -5.039444628840863
-49.36895818832718 -5.08788881663115
-49.36067886772054 -5.135304781503209
-49.36161301932606 -5.146905023806291
-49.32103300751288 -5.243708902567836
-49.30261485772426 -5.315269552501173
-49.28419988035219 -5.386801999936064
-49.25285352889506 -5.447702949837504
-49.23258199925926 -5.496007541083963
-49.19862049324021 -5.522099883550554
-49.09978585521591 -5.483557839551039
-49.0138399538082 -5.455632088952487
-48.92888275090075 -5.439284014172323
-48.86771401149852 -5.420996943612557
-48.79380657992578 -5.392117821742788
-48.743645585644 -5.361307085599036
-48.69442622863191 -5.342064827692982
-48.59971871214264 -5.349815997538505
-48.55239496936854 -5.353683510947927
-48.50692046731239 -5.380646473658429
-48.43965482486926 -5.432605467440227
-48.41602397584745 -5.434522831806361
-48.37060310263265 -5.461436652351405
-48.32519971548381 -5.488333789094097
-48.29616996583189 -5.57194050885105
-48.27621345738053 -5.619967482977256
-48.26935375619493 -5.678563875334339
-48.26451957377926 -5.760226392462046
-48.26849860238395 -5.806360664930081
-48.27247779479486 -5.852499855212797
-48.28143602346223 -5.956332551267986
-48.30220718448859 -6.059269619414796
-48.31700892957394 -6.092976656924436
-48.33775557142804 -6.195957075901561
-48.34663739641027 -6.299869225955564
-48.36736410450082 -6.402896935849312
-48.40193073420315 -6.528160657963402
-48.42269323549176 -6.631252832496462
-48.45532893564752 -6.733486293296141
-48.47513087038669 -6.825075102071616
-48.49892304544351 -6.962933019483512
-48.53198701124103 -7.065399154972704
-48.54432531232553 -7.193187861908744
-48.54479504248868 -7.321947214593871
-48.56166200142715 -7.496527747782533
-48.55023685200243 -7.626368208534745
-48.55284634619018 -7.778717224708752
-48.55091499736621 -7.884475217802526
-48.5445483572771 -7.943622842460038
-48.54898075628667 -7.990284439512019
-48.50909057640246 -8.075282220391074
-48.47965898183615 -8.161703773676667