-58.39143533448686 -16.25333077001715
-58.40567447431113 -16.30033018882551
-58.42920627357028 -16.33671616746843
-58.45357365874326 -16.38269750444227
-58.47795077832109 -16.42867276984009
-58.51246363943372 -16.47363885304281
-58.52756527034721 -16.53019785644202
-58.55197259605874 -16.57615306390834
-58.5654260789736 -16.61351249938082
-58.56957866738773 -16.66145124140293
-58.5737330390131 -16.7093767357212
-58.58968874224365 -16.7754591495973
-58.59301428291853 -16.81377718058797
-58.58786432033474 -16.87222651547974
-58.59130129680721 -16.92043620176467
-58.58376409462961 -16.95007703417668
-58.55940334805823 -17.01987232100177
-58.52401212101348 -17.08106428700296
-58.48775013623192 -17.13267440078641
-58.40248453485393 -17.20815387721615
-58.36363733428485 -17.2310720358041
-58.32492213358559 -17.253921565554
-58.30643429453787 -17.27486411287138
-58.24925688056201 -17.31860562199292
-58.19294505369803 -17.3718216638612
-58.16351006719791 -17.38413365818769
-58.09547934409832 -17.41914816114977
-58.0467755142589 -17.44277178307609
-58.00730679053133 -17.45594918780001
-57.95691811108101 -17.46052054978538
-57.92669340155862 -17.46325660606149
-57.86626362602978 -17.46871304135663
-57.81592526864629 -17.4732440111111
-57.76814035448338 -17.50625724378738
-57.74217407299752 -17.55643943934949
-57.72289321456567 -17.56772752387106
-57.71786750164804 -17.6255916205365
-57.70207706289747 -17.67478950365771
-57.68546018597599 -17.71447824326878
-57.65966581331614 -17.7645133144246
-57.63643746346844 -17.84296883288614
-57.62065793484896 -17.89209761830659
-57.59397028345968 -17.93260547027249
-57.57817918439094 -17.98170853918594
-57.56152509501528 -18.0213268385155
-57.55405454225641 -18.0506036056734
-57.52906160502061 -18.11000343065783
-57.50236580368573 -18.15044229738315
-57.48660189821805 -18.19947646040977
-57.49091522845451 -18.24680228716162
-57.51625464750588 -18.30188357837436
-57.53078482961389 -18.34834172964566
-57.54442647304891 -18.38534115781098
-57.54895673622993 -18.43265133661566
-57.56538020441268 -18.49804417288171
-57.57908702996609 -18.53505300123119
-57.59462497474259 -18.59099551944805
-57.6083493677972 -18.62801326356276
-57.61108850251981 -18.65641165353441
-57.62665250676138 -18.71236950974253
-57.65323352290899 -18.77695963468474
-57.6660713021672 -18.80452305258381
-57.68074956042442 -18.85102872020338
-57.70645315683132 -18.90616761516681
-57.73234753981321 -18.96133705397213
-57.73616176382064 -18.99924847851592
-57.75104923338047 -19.0458054487066
-57.76690126489528 -19.10185354326258
-57.78085952106877 -19.13894829960464
-57.80593535983855 -19.18470067142901
-57.81800254944493 -19.2028378679966
-57.8339088665279 -19.25892606473549
-57.87016289932344 -19.31336329714197
-57.87208722456834 -19.33234491021955
-57.88610909455841 -19.36947994337146
-57.91418405041206 -19.44377014370719
-57.93843329507087 -19.48009830147153
-57.9627000195642 -19.51643340078475
-57.96854121993518 -19.57343556706098
-58.02344467561525 -19.60730149712574
-58.02736008340172 -19.64531891614863
-58.05169680506244 -19.68168496986004
-58.03531502591772 -19.72141204515595
-57.99650108129655 -19.74375462238902
-57.94028756862328 -19.79628404913378
-57.90346603433182 -19.83763507712247
-57.8850499051044 -19.85830611520719
-57.85020824573877 -19.91868603673068
-57.84399391665387 -19.95759202155299
-57.84799350364522 -19.99569680926252
-57.86322153475639 -20.04253326038738
-57.89691326276741 -20.06870830394756
-57.94086274370244 -20.09407936510288
-57.9756198002105 -20.12979766212506
-58.01862049301506 -20.14563467306681
-58.0411488260709 -20.16309254127389
-58.0554791891717 -20.20044929910968
-58.04007301854192 -20.24978863244218
-58.03491448203354 -20.29832508913671
-58.00820898823803 -20.33892828470269
-57.9927699246898 -20.38827483149672
-57.96617837652148 -20.42895743861684
-57.94377297677109 -20.50794788839552
-57.93769586765446 -20.54705538912212
-57.91106164067054 -20.58775233759955
-57.89678033468852 -20.64682843996051
-57.89887085428593 -20.66599976876013
-57.87428605899254 -20.72588058481237
-57.8589248592352 -20.77539720090788
-57.85488843587006 -20.83373978943883
-57.84667622575243 -20.85370961456816
-57.84471741605115 -20.93128098903321
-57.83754150448619 -20.96086370659601
-57.82422017746394 -21.02964769234667
-57.8283928243731 -21.06808621816846
-57.81412699217319 -21.12739843889747
-57.81134092539169 -21.1956997579161
-57.80531866821279 -21.23507320435874
-57.81178491823758 -21.29301453188598
-57.81394155177517 -21.31233544396037
-57.81825946664096 -21.35098758026086
-57.81330840910191 -21.40007914694428
-57.81762925864658 -21.43876142828402
-57.82411899492765 -21.49681076397301
-57.83170052381424 -21.56457427597325
-57.84038414256396 -21.64207458559507
-57.85512451797366 -21.68010192561278
-57.86166698238335 -21.73829211003823
-57.86603267682165 -21.77710293472142
-57.89468559338344 -21.8437689106124
-57.91191363013817 -21.90156536905449
-57.9303100690248 -21.96917286497883
-57.93601797596775 -22.01803118942808
-57.94173242134748 -22.06691720825701
-57.90225069405131 -22.08944694568639
-57.85005363534927 -22.09314041994847
-57.77812905625927 -22.10805972841694
-57.70621924610889 -22.12294162351261
-57.68647013616672 -22.1341713476639
-57.63543557598638 -22.14757186120608
-57.59483744755286 -22.1602435383864
-57.54272428039347 -22.16384331609858
-57.50322084433761 -22.18626510061366
-57.45220493358032 -22.19960777408621
-57.42202908243343 -22.21151535930831
-57.35023568962949 -22.22631069459268
-57.30865038745353 -22.229226623175
-57.26707289572288 -22.23213126452856
-57.19433482255589 -22.23718720743916
-57.14239452018603 -22.24077751929372
-57.09046718600068 -22.24435013462302
-57.04685342572173 -22.2276106391413
-57.04269145286393 -22.18845495647874
-57.08933379397866 -22.13596838628512
-57.13592698018503 -22.08348499682925
-57.17316650641591 -22.04150071712177
-57.19179805780051 -22.02054677056317
-57.20731723241945 -21.97040572942428
-57.20313412031869 -21.9314341209661
-57.19895446303515 -21.89248001532881
-57.23830291902897 -21.87018278631547
-57.27974991599615 -21.8673449016568
-57.34406587710055 -21.88254491161723
-57.40127504748207 -21.92768361515301
-57.43564436183246 -21.95477771561996
-57.48758281395897 -21.95117824143317
-57.51549559430601 -21.919756228403
-57.49860705844333 -21.86200403778808
-57.4839047851499 -21.82376793557559
-57.43815400572078 -21.78776783928324
-57.39047960405906 -21.7325298053043
-57.35631877433451 -21.70564207182174
-57.32116215915359 -21.66908436767554
-57.30569726770209 -21.62143514930953
-57.27991995138568 -21.5745279345531
-57.28208803362062 -21.49650460535544
-57.29036982599269 -21.47646510006887
-57.28632132956239 -21.43787661290002
-57.28229368635518 -21.39932188095081
-57.26696839243203 -21.35188430569904
-57.25366601066644 -21.32372701193436
-57.20752074448735 -21.2785360230107
-57.20353471730243 -21.2400394523986
-57.18927812145728 -21.20229357803438
-57.19557149855256 -21.16308388442685
-57.20086543835517 -21.11427049702128
-57.23891042437437 -21.08244042628187
-57.26664471557312 -21.05131246180013
-57.32411685971175 -21.00829988871879
-57.32309320041441 -20.9986753193826
-57.36104350024757 -20.96678334935156
-57.37332385278873 -20.8883162619147
-57.38867063911235 -20.83872748137967
-57.40220525171684 -20.77018411012134
-57.41148493252295 -20.75987869880655
-57.4393181385305 -20.72895779620802
-57.47641474232619 -20.68771925037132
-57.44158129690671 -20.65163953869577
-57.39652229424639 -20.61630958983648
-57.36276185586734 -20.58982057164901
-57.31878092605378 -20.56407201468014
-57.2738602129911 -20.52877286986667
-57.21875730773547 -20.4942170876201
-57.17589118443033 -20.47803598032802
-57.15059362476585 -20.43176768847649
-57.14768844251391 -20.40314217460941
-57.14294404782344 -20.35552534901949
-57.10022150856 -20.33941233341473
-57.05659592312863 -20.31378607592142
-56.99464932098596 -20.3087763094482
-56.95314664259551 -20.30233223204176
-56.9303290097523 -20.27554809673815
-56.9470117041466 -20.23607496450672
-56.98580808016165 -20.21407040869485
-57.04493953354962 -20.19055396437298
-57.06257818499335 -20.16060761296205
-57.10051132902451 -20.1291179265797
-57.17904544184252 -20.09451556303367
-57.19935207845052 -20.09296308243681
-57.23907310591623 -20.08037484975663
-57.27880431085184 -20.06777997166186
-57.31866360955872 -20.05525193982469
-57.31400023417294 -20.00777473876703
-57.27992881883901 -19.97222552763194
-57.25602685021214 -19.9358927392271
-57.21185462910661 -19.90113091615546
-57.16771516842653 -19.86636862456213
-57.12449810043043 -19.8410770518301
-57.05927841794592 -19.79839877621816
-57.00865363505899 -19.80228056759716
-56.96816370229745 -19.80537448541547
-56.88931200550782 -19.83069978290086
-56.83898848374327 -19.83471389189174
-56.76932440422019 -19.84972249999165
-56.73904101925868 -19.85204708351665
-56.71143276786141 -19.88283004497233
-56.72420509905087 -19.91052534220094
-56.72939078728255 -19.96733098048425
-56.72448106484119 -20.02491579262983
-56.70690689504809 -20.05489916058564
-56.67087873961373 -20.10539473346769
-56.61038419363392 -20.11013032786482
-56.55997097272311 -20.11406090009784
-56.53227138383214 -20.14480957099228
-56.53652130031248 -20.19213876484652
-56.59208159519639 -20.24501160888866
-56.61311967562781 -20.25290433036947
-56.64682511029303 -20.28840390682156
-56.68054728841426 -20.3238979616076
-56.72438399822163 -20.3585936998351
-56.68750088445532 -20.39970357922691
-56.63608771168239 -20.39413543347635
-56.5821389859378 -20.36017564202269
-56.52994207332232 -20.34516078402427
-56.4996483945273 -20.34750443379041
-56.43990584685493 -20.36164209184313
-56.40477703892104 -20.42182007906497
-56.36799675114788 -20.46316416174194
-56.37070945983412 -20.49183979709552
-56.35491010821485 -20.5410623742316
-56.31877034511393 -20.5917129229504
-56.2909874207362 -20.62254685184877
-56.25793675578753 -20.59614336372052
-56.26282128852652 -20.53819261588271
-56.26945120490023 -20.49932346766755
-56.28532535609121 -20.45019356382556
-56.29368608410066 -20.43038371862565
-56.30020067418751 -20.39139841393258
-56.3263059089369 -20.34175208053
-56.35154331176074 -20.28261846021501
-56.36831285088647 -20.24313982659749
-56.36225838580223 -20.17666954068853
-56.3663126659669 -20.10947092879396
-56.3847846165169 -20.08899152553236
-56.42345182473162 -20.06700821081114
-56.42084709884259 -20.03853639947054
-56.38622819339389 -19.99334637700323
-56.36259121408365 -19.95690023424101
-56.29777866154699 -19.91397008717162
-56.25574341257397 -19.89798984165568
-56.21480438000054 -19.89173429920696
-56.17540937399161 -19.90426685074066
-56.12509535247235 -19.90805673983878
-56.08738247263481 -19.93955098975946
-56.07147592156549 -19.98852230319422
-56.04801103369715 -20.06674688073038
-56.03962109976718 -20.08649455586085
-56.03291256002093 -20.12524449822493
-56.01611496567971 -20.16475081241116
-56.0093937205241 -20.20351420997086
-56.01191794340772 -20.23203053284482
-56.01612727741681 -20.27956731075078
-55.98920272450468 -20.31984695024514
-55.97152228001664 -20.34987194260836
-55.95550865930982 -20.39892608332815
-55.93948063386313 -20.44798933290522
-55.90071147578969 -20.46998893496324
-55.85015853439058 -20.47368253407736
-55.80806596130253 -20.45759308468014
-55.7651681124192 -20.43198111329761
-55.72147612528269 -20.39685125051475
-55.68791456431109 -20.36099157239356
-55.64428256675665 -20.32586124467451
-55.62085452485049 -20.28925756039154
-55.56556288039091 -20.23576760389338
-55.5429828726216 -20.20866862367854
-55.51961560489491 -20.17206631105839
-55.47611685559073 -20.13689604393228
-55.44272315884274 -20.10101760257902
-55.40777748140637 -20.04614762822309
-55.38607564241259 -20.02856934298538
-55.36202965835047 -19.98250828926069
-55.32717343137737 -19.92767594688421
-55.31556390443646 -19.90940254442435
-55.30006917882776 -19.8437010548843
-55.27843443234202 -19.82614195271661
-55.25371628419908 -19.77066017289614
-55.22902604751249 -19.71519909104303
-55.20438788274394 -19.65990905140047
-55.19131081433414 -19.62279362796876
-55.17824185063044 -19.58568259669091
-55.16594104086087 -19.55802652480297
-55.14059849511605 -19.4932733819848
-55.12755809014287 -19.45617802715989
-55.1037674741613 -19.41033782795644
-55.06623568766571 -19.31798246100886
-55.04324678199157 -19.2816044259824
-55.01877539875957 -19.22635096475681
-55.00430805338366 -19.17041381981506
-54.98136674888917 -19.13405408033449
-54.96841410192791 -19.09700601791181
-54.95695436309969 -19.07883070944838
-54.94179074584125 -19.01349325523073
-54.94030799942276 -18.9946299455818
-54.92440891177087 -18.91993260942028
-54.91000276818396 -18.86408668450351
-54.89930489919777 -18.85535705971547
-54.89560550319781 -18.80823869816921
-54.8812181441124 -18.75238837049231
-54.86683981144302 -18.69653548770172
-54.86536358509571 -18.67768583584949
-54.83884216580525 -18.59425009948802
-54.82668634054562 -18.56666884502432
-54.80164809681667 -18.50206997522816
-54.78803405419162 -18.45562262600658
-54.78583367997852 -18.42733634364853
-54.77149553977014 -18.37145060335062
-54.7678411381281 -18.32430595557776
-54.76346164085551 -18.2677348521286
-54.75980985844432 -18.22058696521411
-54.76608179321996 -18.17274211689629
-54.77381087486694 -18.14375409670663
-54.77088388508592 -18.10602405111311
-54.78633270244782 -18.04804141938577
-54.78340488066473 -18.01030634167423
-54.78047800322683 -17.97256992995639
-54.79664552693829 -17.92401199795164
-54.81353769656028 -17.88488532097289
-54.8197827274231 -17.83701448040421
-54.82749041051435 -17.80801271359261
-54.861964401485 -17.73914947720995
-54.86966026515916 -17.71012931350963
-54.87661843820094 -17.67167077609094
-54.88210532144933 -17.6143353706122
-54.90736662538079 -17.55552605682025
-54.90441757122751 -17.51771146547437
-54.91209487490715 -17.48862465498483
-54.91755721642845 -17.4311586956284
-54.91608150332852 -17.41224038436124
-54.92154242323609 -17.35475483680634
-54.93762276794211 -17.30599447882753
-54.93540835143669 -17.27760109678815
-54.93098163346254 -17.22080491403321
-54.93864908683854 -17.19167628790622
-54.94262576284894 -17.11519234671291
-54.94041256021706 -17.08677713448181
-54.94733879807298 -17.04815692610306
-54.95131145955021 -16.97162613608283
-54.95528163774988 -16.89507153902401
-54.95232955945834 -16.85711360692143
-54.95924570778376 -16.81837165038242
-54.95629266886432 -16.78035551017754
-54.97307506030739 -16.74085143665119
-55.01872138427613 -16.6896045823861
-55.05523531924126 -16.64858250075873
-55.1100028374028 -16.58700975971773
-55.14651136561037 -16.54593451074407
-55.16476511660019 -16.52538893097299
-55.21336650068374 -16.51213941791698
-55.26048578703087 -16.4797927817152
-55.29847882434413 -16.45771120683883
-55.32585508786664 -16.42684830576739
-55.37297228555032 -16.39444905525152
-55.41934183297826 -16.35249472437312
-55.44596431164901 -16.31205078564902
-55.46346166933208 -16.2819001228551
-55.4498552409154 -16.23492600037204
-55.42638923049979 -16.18866193704838
-55.41278846875872 -16.14166022989402
-55.45987638112996 -16.10921956178714
-55.50919387225555 -16.10549802377081
-55.59798639141093 -16.09867157616362
-55.65721200800032 -16.09399182120846
-55.69594065097657 -16.08133776600873
-55.70505217831911 -16.07102815971224
-55.65189932670295 -16.02730931003229
-55.61850310640779 -15.98201479860944
-55.61774516382698 -15.97248653370885
-55.65493811385636 -15.94076779291609
-55.69288703154862 -15.91856733180383
-55.77106781580601 -15.90273350898041
-55.79080513791789 -15.90115281446693
-55.8097790122107 -15.89003732285339
-55.78622708390812 -15.84395053278445
-55.74371563494745 -15.80897316960615
-55.68149314265409 -15.77556270544002
-55.62839712245622 -15.73181455563839
-55.58593631857135 -15.69680621472037
-55.55409994222572 -15.67054473581033
-55.55259056067969 -15.65146777151494
-55.56776950245391 -15.59266102785481
-55.59430812723478 -15.5521363933585
-55.64061737863941 -15.50966936874858
-55.66947903998517 -15.4974784924782
-55.70896435784031 -15.49402172063486
-55.75908356427862 -15.49929815109399
-55.81071783398435 -15.52378166465285
-55.88139246735584 -15.53690685733992
-55.94296383664811 -15.56049837781897
-55.96349417884382 -15.56836010592676
-56.00531583490388 -15.59368736209489
-56.04715162111745 -15.61900963932237
-56.08975404261798 -15.65393276108835
-56.13387855148589 -15.70805793009228
-56.20623497315791 -15.74032907942206
-56.24889424263049 -15.77522520874928
-56.29101729025899 -15.80005828741945
-56.28567907536799 -15.85844994713172
-56.26890652195553 -15.89851242694241
-56.2335030755499 -15.96016641861359
-56.2365230146825 -15.99851465814965
-56.24870127686486 -16.02640004196647
-56.28948521741204 -16.03175892092327
-56.35126207314791 -16.05533138643356
-56.40238051795114 -16.07017822189642
-56.48481813375549 -16.1015728043552
-56.53674920976236 -16.12596976647035
-56.57876797750788 -16.15122492311448
-56.59023461625815 -16.16950417708285
-56.61394116660173 -16.21562861476716
-56.61855377192486 -16.27304167359588
-56.63002673004757 -16.29130927313197
-56.66291319973495 -16.32697303600527
-56.71414861791597 -16.34176744406714
-56.7539145965917 -16.33829200225516
-56.82275370392576 -16.3226187885447
-56.86707108047301 -16.25124280798123
-56.89227040033082 -16.19114583282207
-56.95958798632149 -16.15621841230125
-56.99939570175268 -16.15266659752419
-57.05756756055721 -16.12815320841013
-57.12337281356736 -16.0739499659541
-57.13021306506693 -16.03468830683115
-57.12709486750804 -15.99631526025117
-57.12398247425714 -15.95792623765693
-57.12087040591446 -15.91952768070575
-57.11620304787433 -15.86191260052356
-57.1560207454725 -15.85829646741321
-57.21360560959798 -15.94979627831225
-57.24896335139767 -16.01426096381574
-57.27202136633427 -16.05082813956529
-57.29665139181162 -16.10657242054282
-57.31972112409251 -16.14312241854915
-57.34358026141969 -16.18925183506585
-57.34671659104201 -16.22759424718934
-57.3921038877859 -16.29105749991616
-57.42831867423917 -16.3649791930561
-57.45220780587921 -16.41105188223128
-57.46297494015475 -16.41972250990376
-57.48844765589525 -16.48492363899927
-57.52076282298277 -16.51092419600454
-57.55545210667108 -16.56562179086898
-57.59698627319876 -16.58113754789254
-57.67463898642744 -16.54510106022464
-57.6915443681871 -16.5049252354856
-57.68597926357426 -16.43791445923489
-57.68279987414665 -16.3996102401479
-57.66799297514271 -16.34309380946636
-57.63322954196364 -16.2883814684481
-57.61850570950516 -16.23177046281135
-57.60299617752941 -16.16554629049176
-57.57908738905456 -16.11940946412879
-57.55439667434614 -16.06366195745183
-57.51894823755623 -15.99921464671518
-57.51737397103196 -15.98000885628911
-57.4819417548213 -15.9155324857195
-57.45963691418226 -15.88854996780759
-57.45806531212329 -15.86933299493921
-57.42501124815859 -15.83365385365986
-57.39275070476792 -15.80757901265081
-57.36128262562914 -15.7911122715726
-57.32747824373871 -15.74579332658754
-57.29446944710322 -15.71007505620501
-57.2515125828662 -15.67526535501319
-57.23921542099664 -15.64732175916405
-57.21618634837289 -15.61066806588382
-57.18243049227627 -15.56529885769727
-57.15785723056983 -15.50937662822836
-57.14635130983763 -15.49103783503366
-57.11346678981866 -15.45516396596875
-57.10059271129318 -15.41727583145918
-57.07703776011888 -15.37058932328344
-57.04426426360238 -15.33451789170342
-57.03212297248234 -15.30630152267652
-57.00930243537286 -15.2692839517499
-56.98575227691422 -15.22253061271685
-56.96220364954839 -15.17575747048619
-56.92797960445591 -15.12015794891362
-56.91584136565443 -15.09188352774769
-56.90150784689095 -15.03438587843595
-56.88644321916253 -14.96710877184017
-56.87284145362515 -14.91929170164102
-56.85777607692112 -14.85193910102625
-56.84563837799914 -14.8235929340652
-56.8128851718343 -14.78734182678813
-56.7808690618314 -14.76084534039163
-56.74812443893732 -14.7245728162453
-56.70544752993764 -14.68921987597594
-56.67271257092829 -14.65292293355425
-56.62931611696038 -14.60776773950203
-56.59659059437178 -14.57144312807513
-56.59292624892068 -14.52252713507512
-56.58852917793914 -14.46379524727928
-56.64738388392855 -14.44840576117488
-56.71689030031402 -14.44194919901159
-56.74668595768866 -14.43917476341802
-56.79783001904487 -14.45410920726347
-56.82837536785119 -14.46110869778794
-56.88027629928714 -14.48580939500887
-56.94212891664301 -14.50956643151918
-56.96348899044326 -14.52726169964517
-57.03530820031119 -14.55006329823056
-57.07656891079401 -14.5658776522482
-57.1292613496575 -14.60030002705668
-57.16979993429946 -14.60632266756012
-57.24168149359797 -14.62906691889461
-57.25163551821149 -14.62812546940414
-57.31432224316287 -14.66156358845823
-57.36558839815618 -14.67638561280995
-57.41686542148846 -14.69119816113503
-57.45892757207429 -14.71671947851947
-57.47959217364986 -14.72459172025346
-57.53938326447943 -14.71888910609006
-57.57925185947705 -14.71507768224722
-57.62762155318609 -14.69075396850255
-57.67763200736047 -14.6857343832297
-57.73940651095037 -14.69886345441934
-57.79116027468542 -14.713053341614
-57.82281870986439 -14.72938128179345
-57.86603607429903 -14.76417637284603
-57.9006913313116 -14.81957108474684
-57.91447625584078 -14.86732275546628
-57.9275191452434 -14.9052984011129
-57.96219059836318 -14.96064513604001
-57.96442220927942 -14.9899067014847
-57.98679894868703 -15.01703574148526
-58.01066693671553 -15.0636574011881
-58.02371884318685 -15.10158149966377
-58.02737522717992 -15.15036788277091
-58.02956677711241 -15.17963031121808
-58.02242509992468 -15.21967294535067
-58.02680789286658 -15.27814392297139
-58.019667028068 -15.31813953395765
-58.02185884017165 -15.34734800924721
-58.02551070343127 -15.39600884847747
-58.03849490656197 -15.43389031773839
-58.06315689787632 -15.49001759506556
-58.10740980375758 -15.53417208992342
-58.16416517223152 -15.60623606399576
-58.1975933645305 -15.64175310895606
-58.23345312398546 -15.70619143423974
-58.24836800414353 -15.76300897824135
-58.2600591455772 -15.78126759867824
-58.2665146815277 -15.85834617334848
-58.2814400706241 -15.91512148861062
-58.29798609372385 -15.99113299244056
-58.30202636395434 -16.0392531374821
-58.30445057172309 -16.06811869693841
-58.3201977630529 -16.13444995200037
-58.33433230888987 -16.18152973506962
-58.35017718769731 -16.24775966868154
-58.39143533448686 -16.25333077001715