-46.77672935629202 -11.60070819335821
-46.79009928243971 -11.64081173717814
-46.83524069468813 -11.6775538428656
-46.89239285286278 -11.73377669341816
-46.94957350627712 -11.7899931692836
-46.98557363244802 -11.84842401665646
-47.00888035289729 -11.87707952717422
-47.03359241239395 -11.92630678439437
-47.04701964278327 -11.96632475809879
-47.04988166849147 -12.00739787640163
-47.04499981975423 -12.09059817642164
-47.05000736568051 -12.16239321249435
-47.04369438817676 -12.22498363485259
-47.04798656754198 -12.28645506427352
-47.05227871240687 -12.34789655366332
-47.03321875202666 -12.38075410825534
-47.03607968937848 -12.42168260257704
-47.00857039253247 -12.48624888375187
-46.9803445159753 -12.54054873577584
-46.94287738656869 -12.61634206526816
-46.91392706871918 -12.66035285612927
-46.89578570094809 -12.70313193769442
-46.87612862101616 -12.72556046510973
-46.83682524864305 -12.77038881390404
-46.81115154710042 -12.85475547931938
-46.784723522365 -12.92889997210843
-46.78775677596624 -12.96947991791509
-46.85075380165296 -13.29434580269059
-46.87590506542976 -13.35535540104608
-46.86719456126474 -13.38814091061197
-46.84982147568933 -13.45360574801291
-46.86724137515301 -13.55727580536618
-46.90136303595003 -13.58505935915004
-46.93683333814997 -13.63379418855925
-46.97231005110229 -13.68251241586594
-46.97766749054403 -13.76624680936584
-46.98034562258523 -13.80808229460859
-47.0044404560671 -13.84748307182605
-47.05129991698468 -13.90535610880129
-47.09750251972172 -13.95276240049185
-47.13101147555312 -13.97001922823494
-47.17527112067057 -13.98605018601467
-47.2289570444152 -13.97997352819072
-47.30483641094222 -13.98189048132704
-47.34850775401237 -13.98745545116601
-47.35182666840941 -14.03969549269121
-47.36754776157396 -14.11123376294728
-47.38342189074124 -14.18257597323934
-47.39929685768549 -14.25387829802302
-47.41517382950782 -14.32513974025321
-47.42958642087089 -14.37567480990882
-47.45471646625084 -14.42503748707027
-47.47038971147211 -14.50737006966116
-47.4898091995919 -14.65204975743827
-47.4904350507363 -14.66245072551871
-47.5155002988983 -14.7226380872088
-47.51877061416127 -14.77445824665932
-47.55047339751015 -14.90538790083247
-47.5544841678075 -14.95654285904547
-47.55689069633389 -14.9872278935501
-47.5510598474777 -15.04964489919098
-47.54442693941754 -15.10181379739468
-47.52022094193719 -15.20735347552565
-47.51300099173849 -15.25985598865395
-47.48497927320876 -15.32484770828469
-47.45697072346243 -15.38976634628837
-47.44905317285473 -15.43188290441127
-47.45194462295835 -15.47281658174132
-47.45541891907151 -15.51335888895333
-47.46962831671584 -15.5527919726052
-47.53115838573098 -15.63848120529254
-47.56776010585682 -15.68584328519777
-47.58193015507504 -15.72531496909731
-47.5762552719632 -15.78728368237146
-47.57962142081401 -15.82786357599432
-47.57310337777259 -15.87964906396238
-47.5674261450059 -15.94155126766568
-47.56174767310122 -16.00342542115483
-47.53461477694956 -16.0673947003986
-47.52557079206277 -16.0887076785843
-47.50832217471651 -16.14144023735863
-47.49191216670118 -16.20426304942618
-47.4845449386139 -16.24577617341552
-47.48874065627117 -16.29634124801738
-47.49209864467477 -16.33678256426869
-47.48808750423823 -16.41867543103104
-47.49144595075068 -16.45908585625108
-47.46430436049012 -16.52277569307031
-47.45707693079899 -16.56412831878717
-47.39866468245392 -16.64087253197255
-47.33938504830208 -16.7074586410109
-47.28911934188919 -16.75282441277257
-47.26125233951517 -16.80616454717845
-47.25576877895124 -16.86749810494794
-47.25060691729459 -16.92870886181078
-47.25906200375042 -17.01898128897772
-47.27452192506917 -17.06813141052707
-47.26334753837084 -17.18043556995339
-47.24746244339377 -17.24257085104562
-47.21191896417038 -17.32668953091031
-47.19508094909875 -17.37874788932976
-47.18994268525859 -17.43983900541866
-47.20722808504475 -17.50901348290426
-47.2146571108546 -17.58917189705593
-47.22160653402155 -17.65924402611102
-47.22957188311127 -17.73933273449332
-47.21304201285253 -17.79128395717856
-47.17896715220001 -17.88514808256024
-47.15563053961687 -17.97804432829446
-47.14105559358687 -18.04997227254151
-47.12944916157471 -18.15191850421101
-47.14817844834678 -18.23108576574598
-47.14740507859613 -18.33212008302159
-47.12107557001439 -18.39492021588013
-47.11430485967603 -18.43587346846126
-47.08901636040332 -18.50866412318356
-47.04897309255335 -18.54229172444271
-46.97847899769284 -18.48761534314953
-46.95104078779525 -18.42936984699324
-46.89240940338344 -18.38382783810263
-46.85627834706326 -18.3465060879273
-46.79580022827369 -18.28098424615887
-46.77343453416537 -18.27277624021835
-46.75585500434114 -18.31454291232457
-46.75489298244181 -18.4153976176561
-46.75392976800099 -18.51625653084763
-46.76861006851807 -18.66624530820145
-46.78526292983857 -18.72538187416334
-46.8097071032427 -18.75364455154346
-46.91140163711456 -18.79579427026028
-46.90861908226753 -18.87673811135487
-46.87155513030639 -18.94027427537576
-46.84324920986221 -18.98290584323174
-46.83248942354708 -18.98377051828082
-46.76026806032272 -19.01984406378384
-46.7495151544286 -19.02070252672838
-46.70651282073556 -19.024129115265
-46.62055056228658 -19.03094889065052
-46.57759087351855 -19.03434182322577
-46.53564641395147 -19.04772874397868
-46.49670414742725 -19.09111481392678
-46.47822677949463 -19.12280604949718
-46.45974368139975 -19.15449230419221
-46.3993357663434 -19.19951000222465
-46.32751683583735 -19.23542072068414
-46.30909531041223 -19.26710601614265
-46.29360419205523 -19.32879758984431
-46.28683296483188 -19.36964814718558
-46.29368953798291 -19.43968467192113
-46.28593300359977 -19.47053602346005
-46.24033388664908 -19.55476938256651
-46.22296057166258 -19.59651348046453
-46.18520568967475 -19.64994431254731
-46.15799503378935 -19.70247658363029
-46.13006086343136 -19.74513916878615
-46.11280265809676 -19.78698092747846
-46.07516384866666 -19.84052069431978
-46.07619253070253 -19.8505739667418
-46.05025067408253 -19.91335761248283
-46.04262401832992 -19.94434693133831
-46.03601855134569 -19.98540211670612
-46.04526102007797 -20.07598348153397
-46.05040353591119 -20.12633012363348
-46.06628363977382 -20.17588282955993
-46.08424628018703 -20.24561079368492
-46.10119852370317 -20.30528911977508
-46.13656249565862 -20.333109452838
-46.20945913236179 -20.40894111753828
-46.23413773131999 -20.43759012547924
-46.2696040358569 -20.46542668215447
-46.32664885524346 -20.49162561007676
-46.30933040231767 -20.53366827107138
-46.2262495174807 -20.57050041981042
-46.1744433282934 -20.59475996416973
-46.12054433927036 -20.59879493101759
-46.0763967124354 -20.59190886920403
-46.02149086942719 -20.58581256380847
-45.98917434777005 -20.58820693134865
-45.89996097453192 -20.56427014988349
-45.85183931981711 -20.51696402292055
-45.80377217831236 -20.46966954630376
-45.75776498009467 -20.44255647505351
-45.7127850392909 -20.42552037053067
-45.64634880488815 -20.41003212351292
-45.62968773020165 -20.35034771172129
-45.65593864927808 -20.28755937517523
-45.67242766673316 -20.23563159583237
-45.66846191371488 -20.19535529677185
-45.64505304789919 -20.17679212041016
-45.6099611184445 -20.14894962606017
-45.58559848689848 -20.12032787118432
-45.54761802005168 -20.06232071748755
-45.50968715237134 -20.00433774064837
-45.50774105372916 -19.98423527217438
-45.4359033637748 -19.90853339617745
-45.37581950578577 -19.84213034285957
-45.37390328343867 -19.8220553271382
-45.32553458431599 -19.76495108408902
-45.27036960185945 -19.7487555701262
-45.23370352145471 -19.70093091532251
-45.17598532300386 -19.65480591704688
-45.16443430313598 -19.64556947987771
-45.07570819218187 -19.61166084878444
-45.04113599405726 -19.58396514774035
-44.98625809978346 -19.56779879242113
-44.90942831096327 -19.54325925786105
-44.86529784380912 -19.52637281679946
-44.79026753758939 -19.52174463860792
-44.74702817318994 -19.5148042340294
-44.69406864660926 -19.5185882734394
-44.60934996332134 -19.52460938991524
-44.5466705263013 -19.53907453041306
-44.52549667726626 -19.54056538344621
-44.44081201579267 -19.54650265048118
-44.39847774988057 -19.54945588781259
-44.35614854733331 -19.55239861551577
-44.32440497714456 -19.5545988821194
-44.26178826803253 -19.56900706522405
-44.20001452871284 -19.5934048329153
-44.1796921779028 -19.60485657950148
-44.07561252628774 -19.63215944712772
-44.01218930619635 -19.63654329911851
-43.96910869385503 -19.62948088036333
-43.91467179342033 -19.61316126542475
-43.90330913105926 -19.60391315217192
-43.83754530327372 -19.57832721250257
-43.75890361429358 -19.52353371894924
-43.73154113057516 -19.44525916591483
-43.71865210062887 -19.41608931946641
-43.70187695246445 -19.33711922245099
-43.70032108131296 -19.31720022332658
-43.72569871801112 -19.23538352946905
-43.73389221790485 -19.20479451862508
-43.75104753143194 -19.15357617533782
-43.78923706309217 -19.10091666097243
-43.80636071051067 -19.04970245137264
-43.84292637030767 -18.97713213814597
-43.88834715552766 -18.8838885441292
-43.92399974996258 -18.80134605459803
-43.94991121281346 -18.72950291385991
-43.96770251146408 -18.68824649616093
-43.97739385520874 -18.6775645095514
-44.00338866070793 -18.60583746788033
-44.1043901345062 -18.28876967675747
-44.10012334442409 -18.23740868511234
-44.09162956063891 -18.13485686627437
-44.07593168354189 -18.07398414944278
-44.07421552350814 -18.05341419506428
-44.05660949000095 -17.97126834399611
-44.01090731777448 -17.93290435221838
-43.96265473086249 -17.86352068274855
-43.93640804360647 -17.80301720717421
-43.9355468735064 -17.79268618369823
-43.90335635245969 -17.66003744529186
-43.87637655858659 -17.58941377264408
-43.84962838031978 -17.51954891171796
-43.82295093408219 -17.4498511425154
-43.8108419269366 -17.43026108240071
-43.7648661542559 -17.38240087975309
-43.69558352571956 -17.30555206412771
-43.64971890026464 -17.25771843938249
-43.62324654537502 -17.1881538150313
-43.60884199721745 -17.13817775825821
-43.60333024963579 -17.067231552335
-43.58895094376986 -17.01730209105604
-43.58345761291942 -16.94642510699207
-43.56753873214613 -16.87630531861665
-43.55170895733039 -16.80653079730978
-43.53744204659964 -16.75694155762649
-43.52165486445369 -16.68726248509822
-43.51706551457483 -16.62696641065589
-43.48784804707329 -16.51785215053731
-43.47059891133168 -16.42818553354386
-43.45337429332265 -16.33856218929912
-43.42654369345804 -16.25969906470387
-43.39899559098139 -16.17084886276844
-43.35077042383544 -16.08353738723622
-43.31519979858329 -16.02557383477854
-43.30038475344044 -15.9662551697733
-43.27522479349592 -15.90763551037763
-43.25082396885021 -15.85902427209984
-43.21609874691117 -15.81114440005876
-43.19101652750751 -15.75264910568179
-43.16595409557699 -15.69416189460748
-43.15270171779968 -15.65494509239247
-43.12621770832911 -15.57652362844708
-43.1233142586622 -15.53663004521753
-43.11751252038902 -15.45686330873325
-43.11316744278405 -15.39707548781436
-43.10737941076235 -15.31737002571858
-43.11118438855635 -15.22702857784882
-43.13559332554691 -15.13532225437457
-43.12329667373719 -14.96606282101216
-43.11968433393827 -14.91629274659799
-43.10578614801952 -14.86722065156081
-43.10290212891549 -14.82741407236851
-43.07945290245603 -14.78899430432006
-43.00532788211113 -14.76397169482153
-42.94293223422691 -14.75814446875772
-42.86813898583009 -14.72316854841282
-42.87629365530419 -14.69265274791298
-42.92412422611041 -14.63951602556523
-42.99247562823959 -14.58500341915069
-43.03070329511854 -14.54247993529237
-43.07846909320484 -14.48931477846862
-43.08801938217783 -14.47868048092077
-43.17321480622579 -14.3730085874258
-43.20039183246912 -14.32120764043373
-43.24590004006043 -14.23817946334449
-43.30308307890277 -14.17432036336373
-43.34925385621453 -14.10121272198145
-43.37708693211092 -14.05933178001371
-43.42321069528925 -13.9862100945967
-43.44955025319484 -13.92444337609588
-43.46713258356502 -13.88324543990479
-43.49131293747107 -13.79160255335675
-43.51474856727736 -13.68999323068961
-43.53889972727668 -13.59830699337533
-43.53378417467702 -13.52867712378819
-43.49429187869085 -13.55147169812469
-43.4036156297552 -13.57786067222898
-43.30934190098778 -13.55448940593969
-43.2867161455338 -13.52609041301226
-43.24076521331261 -13.45934647341316
-43.20578348526058 -13.40182990442725
-43.17961636342307 -13.32366898467643
-43.17390601172954 -13.24401373175375
-43.16962476233735 -13.18425861676267
-43.17627210855896 -13.13373364603531
-43.17341841130509 -13.0938833249857
-43.16914053219357 -13.03409117161358
-43.17507373587016 -12.97356239098172
-43.19121507007241 -12.91229489170797
-43.22562874215721 -12.81963350233614
-43.24176070576389 -12.75831960616512
-43.26738151289273 -12.68627665362311
-43.30323729247817 -12.61330083071634
-43.32820267090934 -12.5308620416346
-43.36409011189224 -12.45765194428646
-43.40064525327712 -12.39462996246631
-43.42697194087175 -12.33238462363847
-43.45258065160372 -12.26009583223694
-43.47818458501526 -12.18777779601622
-43.50592840464262 -12.14551603075551
-43.52203851714592 -12.08390339117464
-43.54834537482519 -12.02155017596813
-43.56588109474811 -11.97996935254044
-43.58272299384971 -11.92824938353554
-43.61719077663876 -11.83453356201979
-43.65237861231526 -11.75079151035157
-43.67736114350391 -11.66774865416392
-43.69354713573114 -11.60561700866709
-43.72663056880881 -11.49136285039911
-43.74282101250397 -11.42913423479788
-43.77873651464481 -11.35519538556929
-43.81536417056207 -11.29133057942955
-43.87243008980185 -11.2258684742537
-43.93901320310976 -11.14945143064158
-43.98728919757669 -11.10496313053695
-44.0348647598563 -11.05030457603795
-44.10289610911067 -10.99401951204897
-44.1607150787116 -10.93848565160493
-44.20902266873215 -10.89386838765092
-44.25804391586677 -10.85938425064277
-44.32967575423733 -10.85369986336366
-44.33991318820493 -10.85287724032352
-44.41158812824732 -10.84710966552189
-44.45396835667153 -10.86412815755132
-44.50659628073753 -10.88031330656601
-44.53945155832565 -10.90830745290473
-44.54369668010294 -10.96924627102573
-44.55818657239642 -11.02933277173355
-44.56030888001082 -11.05978015593574
-44.66101676108307 -11.17407909669483
-44.73700603339504 -11.22912421601458
-44.79179988533301 -11.27566255793373
-44.84801878749465 -11.34244328296212
-44.90288986514495 -11.38884894394
-44.93587138458535 -11.41660869611803
-45.02764691892951 -11.3987636747658
-45.08795514212344 -11.37327150307375
-45.10782026985712 -11.36139857108289
-45.1475565552126 -11.3376423495242
-45.16162897681624 -11.24480913473974
-45.15817488732074 -11.19395921205396
-45.25023402234135 -11.17571204391139
-45.36228761617973 -11.14543440672152
-45.44276647426265 -11.10762782495736
-45.4510209276802 -11.0761502101127
-45.42762207870709 -11.03720186664968
-45.39321558053565 -10.98895797900909
-45.3471153058 -10.92120919082943
-45.32383283652468 -10.88206175473704
-45.31088675521961 -10.8419571313071
-45.27735161079907 -10.80359699876046
-45.26373685718881 -10.75320437955809
-45.26107944317641 -10.71216614168162
-45.30159772150436 -10.69837118612587
-45.34345034144228 -10.70509668072417
-45.38596974256702 -10.72208068943044
-45.46903950859011 -10.72524379005777
-45.53292962245866 -10.75057150855409
-45.5852776363856 -10.75616312407947
-45.6390157358033 -10.78219239371204
-45.70310644023974 -10.8072853631205
-45.78828298456917 -10.83004474374819
-45.83054808272257 -10.83631042914345
-45.92621607362682 -10.85806025486568
-45.96921783144072 -10.87453760178934
-46.05458097453469 -10.89725634481693
-46.11793258121984 -10.90134213084222
-46.18331070499794 -10.93618330745209
-46.19376879039712 -10.93515388834599
-46.25004457988356 -10.99152462797674
-46.29455159911349 -11.02841359836886
-46.35086349988339 -11.08476526674748
-46.36331554141161 -11.11447434704286
-46.40984112621864 -11.18205825576769
-46.42299216892526 -11.22195087970482
-46.45725815703843 -11.2596580608632
-46.49325722006152 -11.31748416813795
-46.51502753187857 -11.32556330452584
-46.56157215038832 -11.38235547056348
-46.59537761907831 -11.40971618077033
-46.64047404142614 -11.44620017753528
-46.69613069181449 -11.48165230554749
-46.74128199743155 -11.51814432063315
-46.77672935629202 -11.60070819335821