-60.65011445471803 -6.558747637991074
-60.60052626941614 -6.645896527762949
-60.44167122081444 -6.515648080647731
-60.36714006951218 -6.352378268466216
-60.15663761943649 -6.281649614989587
-59.97813967601967 -6.236922756072992
-59.85481304485581 -6.160907567547857
-59.66618179893495 -6.005496213201207
-59.53007820952188 -5.791458167377578
-59.45952209452295 -5.656973746095246
-59.36649803684189 -5.579848667439657
-59.24766042535039 -5.532201854136249
-59.12461544906168 -5.429672264277616
-58.83617912463725 -5.366458419962108
-58.69998762458614 -5.430900875795114
-58.62421560902894 -5.546282455613451
-58.51405125171166 -5.581285769442027
-58.28338389440048 -5.514223640424419
-58.21896141936658 -5.408448934700449
-58.2603356346098 -5.212930494312766
-58.10779921791936 -5.05816374536303
-57.9295665981962 -4.932757926217238
-57.75362868460501 -4.834773600963714
-57.57790284424125 -4.736833824319075
-57.43026242380967 -4.637032281419175
-57.28278391892772 -4.537281332242572
-57.05202864169054 -4.443315748713635
-56.8216393385856 -4.349403025152086
-56.70658565960506 -4.302468081513991
-56.59162261333923 -4.255548593586665
-56.53417706705966 -4.232094743163032
-56.41935616032564 -4.185198843570793
-56.19640843291494 -4.173194696607391
-56.00050402103489 -4.132135531111834
-55.83405036391545 -4.116361408001058
-55.66570741275869 -4.073336223091352
-55.44459321439486 -4.061296202061598
-55.25096461914066 -4.047314900200564
-55.05358706204635 -3.978884892711273
-54.83089285726933 -3.939513654463152
-54.69035617076975 -3.894493617573192
-54.40948800856387 -3.804434326534988
-54.21454367126466 -3.763120067116252
-53.96142723490829 -3.671169666236942
-53.54137514016415 -3.536023671124907
-53.20764944124799 -3.449408533496105
-52.76347771509802 -3.342637974747708
-52.45884178211141 -3.280967925964521
-52.31921363815147 -3.235619839498852
-52.17958327663614 -3.190248995989319
-52.00917403864613 -3.092327387827814
-51.95118813144831 -3.041577453124785
-50.74854323246337 -3.123126738334507
-49.85567397532954 -3.238142918026361
-50.08790327025803 -2.804843748815668
-50.21436335007006 -2.505852033702057
-50.40804129022543 -2.178286295284953
-50.51986469565455 -1.984263433407438
-50.68038402535457 -1.821045584661194
-50.90077636067353 -1.536264799785914
-50.99278516896535 -1.085319650710795
-51.05978847646578 -0.9039804957865435
-51.05228286275786 -0.6581705133523733
-51.103593977863 -0.5717405581533758
-51.1363847304189 -0.545553888006022
-51.17188982571664 -0.5544053675786179
-51.20649323974424 -0.5515761288466171
-51.29877903916839 -0.5440310412116991
-51.28544693409616 -0.5216092330015922
-51.28942004373635 -0.5090874449423516
-51.44554628105283 -0.3889620664308041
-51.9032326300796 -0.2765419382342141
-52.1230212007853 -0.2896774820614886
-52.23199502701112 -0.2825513139454757
-52.69868290806415 -0.3070166709117053
-52.80941861202152 -0.3272617760935675
-52.9509791086368 -0.4004610859738095
-53.17595460634679 -0.4956433920073209
-53.34462554386935 -0.5669978140049469
-53.37542143427628 -0.6199142587017127
-53.54602840650144 -0.7178260980869838
-53.66046206679865 -0.7919346532051921
-53.86212127349778 -0.9421493279559071
-53.95111669262199 -1.045583323515751
-54.21279871872682 -1.273891247731355
-54.43836998739718 -1.367530147042873
-54.54764117611199 -1.359690252352461
-54.87386844752844 -1.308782199346105
-55.49276984577245 -1.099119441165246
-55.81981514870867 -1.047865632604785
-55.98429600382858 -1.035905864031454
-56.34164261045085 -1.009340391539508
-56.61871466261891 -0.9874742200374076
-57.20559464555841 -0.9962821223479873
-57.28909385310146 -0.9896867858050961
-57.59909838325061 -1.020437909771562
-57.8572420397262 -1.110620779688775
-58.03006183294755 -1.17997606041195
-58.23095443571502 -1.247190594127396
-58.40403317084013 -1.316634163967332
-58.69450007940345 -1.459988610553193
-58.89940340483462 -1.582435318961062
-59.07484923095143 -1.679497793404838
-59.28683669319972 -1.856144073462899
-59.40113793895038 -1.846922306197741
-59.83079680473788 -1.812190936282648
-59.94738927745249 -1.830525523343441
-60.15383376307871 -1.897216197433069
-60.30296427156402 -1.968620401433119
-60.47936758491884 -2.010090632710886
-60.53706868416133 -2.005460978202626
-60.65255058658202 -1.996189334915945
-60.78148770024069 -1.73501063722033
-61.00960684747248 -1.660608475947706
-61.39716874863311 -1.796546121424077
-61.63844027786573 -1.916706066558173
-61.84234407463622 -1.900194964588814
-62.01884472338904 -1.857468526343507
-62.10145169143378 -1.738420620992588
-62.0645318880246 -1.629451000653072
-61.90645073853464 -1.502922009401984
-61.78223089617345 -1.40127882042069
-61.57144419114624 -1.306792364024032
-61.50807186171799 -1.228103234911772
-61.41046556272037 -1.068342496320657
-61.34024423162466 -0.8783237984801894
-61.33161388649133 -0.7390620386781316
-61.31952558975849 -0.5440445068990238
-61.28003692040052 -0.3793880157245473
-61.27482933154142 -0.2957917361046418
-61.23534005713806 -0.1311280848953895
-61.19932605216838 -0.02221029920043213
-60.87430524009825 0.06150750776452954
-60.69776810681065 0.1021043238488934
-60.46108576087373 0.1935961002656248
-60.42848266898621 0.2752372879362366
-60.51055203969926 0.3955541090387261
-60.47428681775524 0.561693599715287
-60.38000967207126 0.7225795773745892
-60.31100959231932 0.9707367137353224
-60.33510111484218 1.086253118402918
-60.44753829274959 1.181869880339596
-60.64494999876954 1.342408481591877
-60.75773155346206 1.43830281647669
-61.04218595425749 1.636050555677575
-61.21520272164502 1.709559845042666
-61.36388654669506 1.666755133052611
-61.48223078675143 1.649518997601225
-61.69211305456172 1.555363936754037
-61.84118329090394 1.51239895843109
-61.99420996266815 1.442486851942434
-62.1448335214031 1.458247265301177
-62.32818064215203 1.420227909255731
-62.38974252310243 1.398040984029197
-62.48712861699008 1.23656384018528
-62.49375776688117 1.065791408021662
-62.59220700621336 0.8758770610178951
-62.74794372179208 0.7772902207953959
-62.92884725148796 0.8239559647998893
-63.04721400005892 0.9216538507518897
-63.28669097368615 1.060409610543818
-63.52902952310099 1.142347853950304
-63.74444284726835 1.135403446519729
-63.84047106385966 1.030046877091631
-64.07412371901037 0.5072601534450848
-64.17406681766643 0.2873785540931319
-64.27206068006167 0.1247010845289833
-64.62282452838774 -0.2792421191162022
-63.30862930463377 -1.637109479059506
-62.40450417126783 -2.844069892712045
-62.13590730572542 -4.462144661063756
-61.66083275611469 -5.445888234143437
-60.65011445471803 -6.558747637991074