-49.61563474284564 -3.364632095401624
-49.58862927062643 -3.366211208876391
-49.53616912900108 -3.396258719890239
-49.48603249242574 -3.466630420255446
-49.47562064873164 -3.521189950923465
-49.38423065497164 -3.580434019338705
-49.31830644944773 -3.611213030392086
-49.26588367237346 -3.641201762911879
-49.18500977069817 -3.645852427868799
-49.11767678342986 -3.649710981896135
-49.03534819820214 -3.627462901975539
-49.00765136015457 -3.615566769700096
-48.95073050640285 -3.564899398936514
-48.93420639952927 -3.511921567388234
-48.91615311477213 -3.432066051763253
-48.87194280717577 -3.367182463134486
-48.80005119537459 -3.290393598568902
-48.75738066431758 -3.252379147848813
-48.72969976813639 -3.240472524591529
-48.67357771690858 -3.203216175969998
-48.63167938192306 -3.178631866680475
-48.54788729969656 -3.129458375991036
-48.49177828827274 -3.092191838541667
-48.40875962333164 -3.056449277925792
-48.3242310821943 -2.993817152890572
-48.25316657710047 -2.930417386115725
-48.21053109914833 -2.892375158875033
-48.15444737161455 -2.855093062175011
-48.09760735837424 -2.804351557235455
-48.06612737959635 -2.725063505771344
-48.06307393250584 -2.671174056962493
-48.06002079068349 -2.61727279807774
-48.05467671156895 -2.522917484404994
-48.03892955012785 -2.483233012003601
-48.00666896935767 -2.390358617285278
-47.9632393945472 -2.338693946753165
-47.90634830171401 -2.287784415644088
-47.8344623110354 -2.210637971201538
-47.81870232757929 -2.170909050080759
-47.76020235477424 -2.092782612256437
-47.74287848810478 -2.025957895731812
-47.73825789141419 -1.944883191794076
-47.74942574891893 -1.903621800243473
-47.74557600508597 -1.836031185923482
-47.75674609903814 -1.794755718970435
-47.82914444342372 -1.641640882041386
-47.89187855481686 -1.556625603844706
-48.00624268185304 -1.428057685054076
-48.05630320981113 -1.357235451808832
-48.12137922774515 -1.312691829060173
-48.21265920489814 -1.25298854421562
-48.29048586170726 -1.194020527278757
-48.32788821106777 -1.137309491138104
-48.36757694296364 -1.121419180327535
-48.47165814666563 -1.047439822547041
-48.5495764770103 -0.9881705086102153
-48.58705841579987 -0.9311550039189367
-48.58555884527404 -0.9038636443298966
-48.58256159613446 -0.8492650854105522
-48.55105678550496 -0.7689693641661175
-48.51953847269237 -0.6886301764380777
-48.50151442363094 -0.6074017503007493
-48.48423512983752 -0.5398161894606089
-48.43916544250263 -0.4601702422891582
-48.42035077516576 -0.3651988781873334
-48.41731733053123 -0.3104542725396798
-48.48339636735839 -0.2790142676880284
-48.53597242008693 -0.2483771264980725
-48.61560037238303 -0.2162479136704506
-48.66894604861956 -0.1993890228768323
-48.73658200879903 -0.1953249475693517
-48.84485326884455 -0.1885654287249192
-48.89900225716017 -0.1851848500651189
-48.99374790706676 -0.1794556976253051
-49.04789310028252 -0.1761924239186015
-49.12838962416694 -0.1575869932518727
-49.24593401078258 -0.06782516562244591
-49.29839209736468 -0.03818999689794436
-49.32514244378331 -0.02138388237214489
-49.39157496133893 0.01058038477400327
-49.47086368379869 0.05706126654795738
-49.52232854477457 0.1155749432603545
-49.57272689081857 0.186648874404946
-49.6104847479148 0.2598133344612555
-49.67642483436972 0.3058001063765068
-49.70294913173721 0.3214348805361629
-49.83904037277177 0.3304349845065439
-49.97584457323412 0.3255287102266217
-50.09923080139219 0.3200811385478473
-50.19535605099171 0.3127101715265465
-50.30457800924986 0.32023960990079
-50.38780390475753 0.2981478706115037
-50.48403226679206 0.2907796792537278
-50.52691526045453 0.2519936939730955
-50.60950564986028 0.2436857475627866
-50.66486222879017 0.2336601677519995
-50.75017792389511 0.1702729130929169
-50.8074641730091 0.1187883075129081
-50.86474297433594 0.06731015352377977
-50.93696454750341 -0.01083037555642844
-50.93888196485924 -0.05220574330331996
-50.94462586667639 -0.176266535800026
-50.9488532577046 -0.2583711900084488
-50.95285944100049 -0.340740809761957
-50.95819749366267 -0.4505078048674372
-50.93546180422667 -0.5484349000783789
-50.93679727860937 -0.5758477181691064
-50.93111168590685 -0.741191689260306
-50.922761037308 -0.8516405787961482
-50.91174635726834 -0.907308606885613
-50.91575256115458 -0.9893479950296473
-50.90607851175128 -1.072287550299641
-50.90873796745024 -1.126939258586312
-50.88712389141838 -1.251954795176553
-50.87616395597936 -1.307418515969732
-50.83938419920573 -1.391822160956089
-50.80350275159289 -1.489599452460165
-50.77912553931153 -1.545689842657309
-50.77985459685063 -1.559254692724638
-50.75621375556163 -1.62888224285335
-50.67877409086564 -1.715640360679066
-50.64007559746552 -1.758991224071258
-50.60222689622421 -1.815776361721152
-50.55090071036767 -1.873318538719345
-50.52524316277775 -1.902081588416185
-50.48676295696387 -1.945215250417879
-50.44902141874768 -2.00187395391289
-50.41201804564223 -2.072046628000761
-50.41347684118261 -2.099110688577273
-50.39003022989802 -2.168418669993545
-50.37940452335658 -2.223351227595254
-50.34315474214919 -2.306964154003867
-50.31753464721756 -2.335651761061296
-50.27984096750158 -2.392186627188769
-50.23008659318971 -2.476540650288766
-50.18034960392393 -2.560851889514971
-50.13063047853056 -2.645119908602868
-50.09225270233318 -2.688050972533119
-50.06813984232117 -2.743647169476009
-50.03051172967717 -2.800036221977623
-50.00887854723262 -2.89589884559642
-49.98417594693128 -2.937889225326539
-49.94751122517872 -3.007594729453797
-49.88459686081026 -3.092345431571323
-49.80895290310987 -3.191321170884632
-49.78425688942344 -3.233273433005666
-49.61563474284564 -3.364632095401624