-40.3813409628531 -7.811922142354581
-40.37643053832111 -7.820100150241187
-40.37092567867708 -7.836761884672534
-40.36512292657409 -7.857665522654568
-40.34726395407219 -7.864921328978343
-40.33119375425222 -7.846726785995092
-40.31512875543523 -7.828535373257102
-40.30739582414442 -7.815200356971809
-40.30397723020828 -7.802172994274813
-40.29624671547618 -7.788840489295824
-40.28881553734433 -7.77126983967972
-40.26815539053118 -7.75702382900682
-40.25552324657586 -7.751868247435263
-40.23487274218605 -7.737625625225494
-40.20096767839256 -7.726704490313767
-40.17567598521724 -7.716395646677567
-40.15497925528545 -7.702158082732984
-40.12998659503312 -7.687619166959603
-40.10873513264759 -7.681857744559342
-40.10470763199602 -7.677318186745889
-40.08027287208271 -7.654321155698726
-40.05156750004014 -7.631029682326208
-40.03007577015885 -7.62950649689003
-40.02119990608186 -7.633127206163738
-40.01979777284044 -7.654281111406252
-40.01410130827539 -7.675133799643954
-39.99097035302897 -7.698998327921498
-39.9735160525019 -7.702004561169333
-39.94206945748132 -7.72102025293818
-39.92461719329104 -7.724023302657981
-39.89027811324873 -7.721560914257996
-39.87339359561574 -7.716097029936322
-39.86565569633882 -7.702786915698295
-39.86677990622044 -7.685864525734904
-39.87620159912049 -7.673789153515528
-39.89961003997107 -7.645718161147528
-39.91331641823158 -7.633951064885309
-39.91872244111018 -7.617345379769913
-39.91928051615444 -7.608890857311551
-39.92123328763454 -7.579307046980616
-39.9186407715103 -7.553652063889438
-39.91034390574428 -7.548820166958024
-39.89460618986674 -7.526488512916602
-39.89088600958755 -7.517740129950071
-39.87458933564074 -7.503862241292822
-39.87172586024578 -7.482455304367676
-39.87286418871682 -7.465575569184319
-39.86114819490908 -7.447793783490329
-39.83630262614759 -7.43333000410782
-39.81489108939339 -7.431821697143969
-39.80204655688593 -7.430916375101971
-39.75726561054638 -7.457402077994797
-39.72989584986222 -7.480878149815561
-39.69942966851452 -7.487173963666179
-39.68576147021515 -7.498907494885909
-39.65985664114487 -7.501287768698157
-39.64191596933855 -7.512713938013675
-39.58982222810322 -7.521683484561332
-39.57672461730363 -7.524979413033479
-39.54994847980797 -7.540005135864643
-39.52743860173071 -7.555337995091335
-39.51317277040285 -7.575507101791977
-39.49492522052052 -7.591150558845983
-39.47696727780259 -7.602574378947486
-39.42367293339734 -7.628402266084639
-39.39260544714198 -7.643114057931033
-39.38009544960714 -7.637960415424528
-39.3546037390637 -7.636092134393328
-39.32972879260525 -7.625777370677896
-39.30030537618286 -7.619368163028199
-39.27057447931704 -7.617177517043461
-39.24504219370012 -7.615300433138347
-39.21946127196619 -7.613425624776886
-39.19388181845562 -7.611549286543868
-39.17682957673995 -7.610297542051368
-39.15551523336772 -7.608732160808849
-39.13814651779237 -7.611702777362539
-39.10404679003428 -7.609194664401742
-39.08699786416378 -7.607939633518055
-39.07421169651867 -7.606997980401058
-39.04864010964949 -7.605113523963375
-39.02733186581582 -7.603542072753342
-39.02338876737734 -7.599004623587298
-39.00208488299519 -7.597431463450858
-38.98504206246442 -7.596172231751635
-38.96373898937573 -7.594597145549598
-38.92965505844157 -7.592075063654697
-38.91687413163237 -7.591128640413768
-38.89589174018801 -7.585327419644556
-38.87491034363973 -7.579525270897199
-38.83752740237921 -7.564013823754192
-38.81292735449 -7.549448698632116
-38.80536819711447 -7.536145954144282
-38.7765123043218 -7.521263595112989
-38.7725730561047 -7.516723825724377
-38.74372101095466 -7.501840054739501
-38.73520428165358 -7.501207855387175
-38.71061456368896 -7.486638975632128
-38.69358349645349 -7.485373767268908
-38.66899653617866 -7.470800942083113
-38.64046066027416 -7.451663221978872
-38.62864098415869 -7.438027694996039
-38.61650064781843 -7.428615249166022
-38.6016981370833 -7.397752135297409
-38.59541695382747 -7.367527513955588
-38.59339761418648 -7.337621958185965
-38.59403783068179 -7.329168842445241
-38.60511965356625 -7.295998944379075
-38.61556079824566 -7.271280770147907
-38.63814019240193 -7.255984486765182
-38.65091849243731 -7.256952235559641
-38.66795565976258 -7.258241839588393
-38.69808207523586 -7.256240675543496
-38.75865524362362 -7.24799559282407
-38.84446380552936 -7.245866139126716
-38.87917291448132 -7.239935809929822
-38.97779303150271 -7.238680135649338
-38.99547789767622 -7.231468076909694
-39.00858208368483 -7.228174080574847
-39.02690624921062 -7.212504061199119
-39.04520651360392 -7.196870963406346
-39.05435609809046 -7.189054517504473
-39.08212165497115 -7.1613734661239
-39.10402577455403 -7.154528059190276
-39.11678146244879 -7.155498505505759
-39.14589775451232 -7.1662224315045
-39.17043564798272 -7.180848812892609
-39.19593021707612 -7.182781865779996
-39.22206135625201 -7.176255198342633
-39.23969020443765 -7.169087494904933
-39.26154754348906 -7.162256573280188
-39.28339975498706 -7.155426130223303
-39.30557232529758 -7.1443635208602
-39.33230368056247 -7.129396444411099
-39.36261018839531 -7.123222904110542
-39.38351236075988 -7.129042439893135
-39.42416388429165 -7.157473536322868
-39.4313709464653 -7.175009668570632
-39.45070716482268 -7.201916356651031
-39.47628997446486 -7.203737750927511
-39.49400954142809 -7.19648771344613
-39.5291270636529 -7.186214228104911
-39.54225783734935 -7.182889212395944
-39.56098538194328 -7.16292853424898
-39.59745779037471 -7.135694128824809
-39.61913715723289 -7.132964797613801
-39.64474128987414 -7.134782256258164
-39.67461151589515 -7.136904275429753
-39.69696292669265 -7.125699113363825
-39.72887803139201 -7.102366369108987
-39.7338371648597 -7.094176401335605
-39.76380860686177 -7.096245847664131
-39.78059916805785 -7.101671671911437
-39.79773279377312 -7.102853612398858
-39.82343877400045 -7.104625561990423
-39.84915184933017 -7.106396624703923
-39.87487148164342 -7.108166692069116
-39.90522958557745 -7.105984142137829
-39.93199545034255 -7.095009139229606
-39.94555412108478 -7.087394985114931
-39.97524998796925 -7.093701314998146
-40.00066073302583 -7.099713599536125
-40.03498839474423 -7.102073476664065
-40.06896953368776 -7.108686128966033
-40.0947346924377 -7.110451847793893
-40.14559163784007 -7.122481293470742
-40.17892022212789 -7.137587960277858
-40.21617463191267 -7.157249217992414
-40.23265213641311 -7.166932923068685
-40.2573703646214 -7.181457640265867
-40.29600193925948 -7.184127057547099
-40.33464396765761 -7.186793941282715
-40.35216674302648 -7.18372910878784
-40.39117030922956 -7.182141867568443
-40.42193780195154 -7.175709259392844
-40.45294714086898 -7.169205611426801
-40.47900608081212 -7.170900138187792
-40.4920403735705 -7.171747132097854
-40.53480536615935 -7.183081661869261
-40.57324985546273 -7.194137347097409
-40.59430434001362 -7.204065180433929
-40.61105116962709 -7.213702419937
-40.61910813116209 -7.222770864457233
-40.63085445255663 -7.240629725352076
-40.63215140337733 -7.279195830838549
-40.62538974338222 -7.308679970476224
-40.62368250375459 -7.329936556422528
-40.62265813635918 -7.342688446623414
-40.6256623818227 -7.359974830522697
-40.63303685656598 -7.377546912451239
-40.6468338725195 -7.369906993373793
-40.65359887480538 -7.340434142890368
-40.67246197722859 -7.324562017523403
-40.69974534458617 -7.31350251969362
-40.72464596603948 -7.332227653715126
-40.74079583251544 -7.350389030656861
-40.75256804726261 -7.368268027593876
-40.75998812765083 -7.385858610864224
-40.76663685282738 -7.416183897266659
-40.7814564305527 -7.455595461426449
-40.78959758744986 -7.464680415206748
-40.8021147437179 -7.474058452978676
-40.81433334898515 -7.48769086847485
-40.81221957952504 -7.517458707977358
-40.81101148776613 -7.534468891349457
-40.80452138939972 -7.563941421033672
-40.78988513992655 -7.584314584870013
-40.76705721364745 -7.595587515455617
-40.75298146995444 -7.607449041917336
-40.74798684014189 -7.615652012471836
-40.70200744475775 -7.642411501434924
-40.68265519612378 -7.67094615266968
-40.68133086799848 -7.692188126866244
-40.68461932586413 -7.709486410060247
-40.7001227403158 -7.740446296714415
-40.703001478404 -7.761999699912902
-40.70182549294972 -7.779001118913945
-40.69688861610025 -7.787198257619838
-40.67426471313247 -7.798428012275728
-40.65252955768685 -7.796905796074127
-40.62645599402774 -7.795078261616864
-40.61312763430227 -7.79841219767095
-40.59141064764071 -7.796887520123895
-40.56535885898995 -7.795057018841202
-40.54365637460123 -7.793530896417362
-40.52196035919812 -7.792004083091442
-40.51791849263951 -7.787453472685747
-40.50549775934999 -7.778047885563587
-40.51102075216882 -7.761374012538169
-40.52088111606506 -7.745003693862321
-40.53965356528982 -7.724991035643438
-40.55809045073846 -7.70921912222326
-40.58060142815891 -7.69799305012016
-40.60799235910775 -7.678572716600423
-40.60932685649954 -7.657344230430338
-40.6103941680263 -7.640364419308182
-40.59950654064073 -7.605516111045528
-40.59596804153063 -7.592489756166088
-40.58482318981344 -7.561905435684648
-40.57668327132913 -7.552829685121011
-40.55607456976229 -7.534386126714555
-40.54414441582732 -7.51654332181465
-40.5186847887075 -7.506290500780094
-40.49594971144784 -7.521751925489159
-40.4775465473185 -7.537507810973942
-40.46753346094673 -7.55809531481711
-40.45778955379374 -7.574446582794296
-40.44777317913281 -7.595036080785455
-40.44560273980343 -7.628945302976266
-40.44451703709864 -7.645903941613232
-40.44261664574049 -7.675587929045159
-40.44207345622525 -7.684070580503058
-40.43611031416293 -7.709218894298638
-40.43475104178677 -7.730432761216291
-40.42895848201007 -7.751340071816771
-40.4277730381767 -7.768309355654378
-40.40872509249303 -7.79254423843694
-40.3813409628531 -7.811922142354581