-54.59665695667146 -9.478366094304397
-54.57012918047544 -9.467812341051021
-54.51406486743268 -9.409263042427801
-54.47276145615937 -9.374687952267786
-54.43045594377043 -9.327614794584216
-54.41469206838567 -9.291114145867832
-54.41070452220062 -9.241178747298777
-54.3674055251735 -9.181576318608691
-54.35065055614466 -9.132563438736474
-54.34667024836459 -9.082607383086925
-54.35446712301982 -9.019224023290732
-54.376022910888 -8.967399733375647
-54.42409064241151 -8.926207264086886
-54.44562308489192 -8.874394046119971
-54.49265389991126 -8.820727918992132
-54.57689054548543 -8.751802051963125
-54.65032002603917 -8.708783729422352
-54.67578695297482 -8.706925310371265
-54.7648821441118 -8.700410673528396
-54.81677254447682 -8.709153619798258
-54.89389001483655 -8.715947565347847
-54.95721722843295 -8.711175857107937
-55.05850694885731 -8.703522363456466
-55.15672606510061 -8.658456597779239
-55.25691103531141 -8.638302864942689
-55.29383517396851 -8.622952934582111
-55.36765907170185 -8.592249394735468
-55.44043452159468 -8.549083897392171
-55.50258011512036 -8.531793021138435
-55.53843167122722 -8.50398060453383
-55.5858775455858 -8.462746960535917
-55.64481583146992 -8.408026000939328
-55.71733336649277 -8.36475259798984
-55.77721799850084 -8.322443723316344
-55.78982775515134 -8.32147019103599
-55.88644851160357 -8.263747491476192
-55.91059755355453 -8.249314769770654
-55.95888669077961 -8.220446136812919
-56.05646161365573 -8.175144524021791
-56.15397185598393 -8.129788526933057
-56.17913976242499 -8.127813479616997
-56.2388672620656 -8.085403199603604
-56.29848802344017 -8.042807394879102
-56.30998478970146 -8.029281801966297
-56.35809159869682 -8.000151467189735
-56.45537347348964 -7.954351369865657
-56.51710652156742 -7.936641847813468
-56.66465040155282 -7.886590129798628
-56.72639804981523 -7.868839976295591
-56.76196733364709 -7.840678994153197
-56.78391583439125 -7.80105835444968
-56.80374853533535 -7.736408000053361
-56.82463983758245 -7.684248842108605
-56.83402784022404 -7.645647934262909
-56.88839022596151 -7.540331831982669
-56.89989701787985 -7.526775168427873
-56.99406312606955 -7.443316070946168
-57.05264906825964 -7.388001963945587
-57.09761012662723 -7.321201781840907
-57.15724859070907 -7.278373067172598
-57.24094820676249 -7.220894276017631
-57.27651522585279 -7.192673870784531
-57.3476450035635 -7.136217711470393
-57.40726892995743 -7.093330954834328
-57.48989715445041 -7.02319855035076
-57.54851072337269 -6.967442586340585
-57.61864396148611 -6.898001186556663
-57.66681404331321 -6.868442682589338
-57.67625266444826 -6.829478973056767
-57.73184193105858 -6.735441833227929
-57.80214014620599 -6.665408765767236
-57.85250715558421 -6.660779631546685
-57.91652135728114 -6.667612047508288
-57.97950708555179 -6.6618092828409
-58.0530287016509 -6.629568123859718
-58.07511316857998 -6.589331175276394
-58.06990917941861 -6.526129111322048
-58.13086548086738 -6.494991390618248
-58.20860573644591 -6.51326356217214
-58.28739186391425 -6.544187355994091
-58.3672241611936 -6.587746497176676
-58.43031368276065 -6.581881716312792
-58.45038759556083 -6.516277769820504
-58.445222145115 -6.452994117728423
-58.42846469472418 -6.403525396626391
-58.42226241718382 -6.327522286436345
-58.4549711898647 -6.260605801262153
-58.50341868843799 -6.230508458960723
-58.53924672421729 -6.201584636004631
-58.58668513327575 -6.15877026266422
-58.63310631524725 -6.103239046452369
-58.70791290493749 -6.083380689722709
-58.72158371534167 -6.094882569306305
-58.71511563226053 -6.172235757912213
-58.70762079903869 -6.236860932004214
-58.69910000377991 -6.288776171816685
-58.68206154977707 -6.392543274061315
-58.67560357248713 -6.469722336785639
-58.67971854821425 -6.520361464877105
-58.6838342008604 -6.570982280261839
-58.67634873999968 -6.635411326792237
-58.68560580687259 -6.749185358262846
-58.69177521319085 -6.824982423898217
-58.68532044815086 -6.901909184450894
-58.67783913222128 -6.966173795320075
-58.68297881365282 -7.029237741880218
-58.68829712306586 -7.092004952251414
-58.66838914279278 -7.157065997601142
-58.64848144016084 -7.222105112534107
-58.62964022581146 -7.299660358778861
-58.62341404130099 -7.376031316618265
-58.65396782021145 -7.436389622967376
-58.68452476651826 -7.496735095264745
-58.75507351295449 -7.578663841988996
-58.79932766121782 -7.650350859934626
-58.84252333581717 -7.709500319520582
-58.897282788987 -7.754966695910055
-58.92893124518536 -7.827760272442504
-58.94262383154013 -7.839122573729934
-58.937459892527 -7.927854573501948
-58.94065821697914 -7.965378371050926
-58.94492346430137 -8.015400387906471
-58.95451903698152 -8.127909102046813
-58.97141209428454 -8.176749636806301
-59.0135658411511 -8.22329049947157
-59.06837795125479 -8.268660904230863
-59.10856462356605 -8.290110728246225
-59.18575562063081 -8.295536035526649
-59.2884158334163 -8.298565111956535
-59.32760967654916 -8.30750150518659
-59.37952436242125 -8.315248739969535
-59.48124646981524 -8.30573230793464
-59.5968477064003 -8.307491931664973
-59.63828742059689 -8.341416592986864
-59.59060981462972 -8.383696143622263
-59.51641762565694 -8.415829145554381
-59.46661376860393 -8.43306786343927
-59.379900701451 -8.466265466323174
-59.33362787399434 -8.52081065308959
-59.32433300377414 -8.559361085470535
-59.31730962826944 -8.622825078160503
-59.24450718933642 -8.667188319692107
-59.20869334836198 -8.695578202358361
-59.14976721062002 -8.751172185569242
-59.11849459468368 -8.829329909447953
-59.08381922622297 -8.870123130256935
-59.04919732883433 -8.910887187552421
-58.99639366648889 -8.890508523977188
-58.90570060207778 -8.873504031731885
-58.81503793767648 -8.856481567846323
-58.76228718455277 -8.836080079555591
-58.69581030957627 -8.804349368871732
-58.64422095921678 -8.796372342183991
-58.56519483174724 -8.765728392538588
-58.48619644729505 -8.735073565304305
-58.41983339959649 -8.703297964283138
-58.45215547160167 -8.637748123996452
-58.43183975332619 -8.551752462073662
-58.42853807022044 -8.51441922838946
-58.42193531608423 -8.439751241908512
-58.39031201490059 -8.367159845265354
-58.38603957719856 -8.317261987932588
-58.35656175508463 -8.269590930903023
-58.3249517959508 -8.196951009436331
-58.29975107197915 -8.199187230761382
-58.27988764091106 -8.263815125185266
-58.24849198979474 -8.342007165829692
-58.22649555881855 -8.381645916667981
-58.22034042552129 -8.457526296906938
-58.19129578378333 -8.560376238747317
-58.18306961259984 -8.611242812299178
-58.19181712823898 -8.710763417191128
-58.19509841228585 -8.748082431054817
-58.23729440489798 -8.794535244506815
-58.24277137209815 -8.856732246628484
-58.25757293948925 -8.880509223981841
-58.29047425962788 -8.965379027424826
-58.26963436468486 -9.017332122412622
-58.22246586453368 -9.059035839662345
-58.15939969559901 -9.064513710492983
-58.0711230226189 -9.072162895122292
-57.99547186151554 -9.078701138684187
-57.91874838877037 -9.072789930275119
-57.88093635877809 -9.076044874747902
-57.83987743164788 -9.042001802670328
-57.86074322193499 -8.990105951702324
-57.89529083529759 -8.949549424314398
-57.92983562095106 -8.908983884182991
-57.91723546413762 -8.910072884808507
-57.87943739908246 -8.913336796272704
-57.83121087852133 -8.94254697423507
-57.69589501891288 -8.991743810520374
-57.61207813542456 -9.048973683156971
-57.57539759326944 -9.064604118399817
-57.51354427344009 -9.082360165665939
-57.41392920680896 -9.103289195563848
-57.36358640747918 -9.107528747502569
-57.31217651250081 -9.099333288470296
-57.26183591347145 -9.103558923709565
-57.21149599573769 -9.107777425259764
-57.12340311152307 -9.115142989712265
-57.06048184276117 -9.120390882176721
-56.94828322812441 -9.142235373832653
-56.86124099454274 -9.161944862482779
-56.74901497341252 -9.183705056647515
-56.71125393442253 -9.186808764299077
-56.6115987676255 -9.207492064225109
-56.52556396579834 -9.239547052944381
-56.45210605376027 -9.270556509175345
-56.36708097422284 -9.314998674099265
-56.30618882017672 -9.344955071580815
-56.20640119022072 -9.365512130815025
-56.14331134751765 -9.370571110693435
-56.0065109771919 -9.406531254437939
-55.92015276754911 -9.438439750472844
-55.82213650274686 -9.483775835100669
-55.85252434393933 -9.543949961431707
-55.92391159886544 -9.638391255141498
-55.90272944520849 -9.690143722010811
-55.78892506247791 -9.699213170509628
-55.75097909463967 -9.702228849881715
-55.7120091467623 -9.692802651974578
-55.57179761513844 -9.69136871567509
-55.46748798048795 -9.662008125536957
-55.38848804323989 -9.630625932751816
-55.33481093571927 -9.597242348829873
-55.2294667481976 -9.555333065241568
-55.17779208696081 -9.546812424438171
-55.10275095499904 -9.56514738931646
-54.98858581520106 -9.573946670875442
-54.93782842407207 -9.577846667893297
-54.7205077018513 -9.581901130256693
-54.59665695667146 -9.478366094304397