-67.63699293392864 -10.43428730745042
-67.65595007280251 -10.41215991694692
-67.71509619510333 -10.36655519174644
-67.97985617625024 -10.24492433633571
-68.14068519957469 -10.15069755324131
-68.19982087147349 -10.10493307564025
-68.40324640288984 -10.00767697648618
-68.6043195647201 -9.889422407813088
-68.62321738229633 -9.867194364238861
-68.83972649428918 -9.685760571673173
-68.98074494232148 -9.593127579196446
-69.20645936576257 -9.474416310925594
-69.43005600599898 -9.334654229612452
-69.59601732742326 -9.261015832430783
-69.79839491265282 -9.122170119563139
-69.92136172198718 -9.051162852635613
-70.12643975156614 -8.932588672026771
-70.22781996466378 -8.862834616346248
-70.26398656339228 -8.797616937148696
-70.31951525201205 -8.710159309215745
-70.50009943897193 -8.551760864459036
-70.57810275695834 -8.46281821162963
-70.72539002182134 -8.390139652649969
-70.80466896242128 -8.301353811212065
-70.84657650326928 -8.277596328479541
-71.03191735538073 -8.139478535759571
-71.07389410748594 -8.115633956283002
-71.23734231305804 -7.978712309342716
-71.31681892449336 -7.88944418249409
-73.05434492929005 -5.595957267975843
-73.10547593609923 -5.654463844339208
-73.18713461259428 -5.752583977767877
-73.24570881027302 -5.852824345269439
-73.2601720365857 -5.977979387125141
-73.26499712570748 -6.01971085019564
-73.27706336721033 -6.12406545541299
-73.21679621830876 -6.213358942771687
-73.23125796811158 -6.338608033205878
-73.28997785238255 -6.439248497981541
-73.36972647327019 -6.517201965569301
-73.52229654767831 -6.610563326997458
-73.54572973574466 -6.608689505188178
-73.65181097013618 -6.705973179084202
-73.70616789674827 -6.765157009464901
-73.79398865064388 -6.906501529781808
-73.82989459381676 -7.009665872262019
-73.86831768640262 -7.133910783505854
-73.8807077771182 -7.23900254723614
-73.88318692337724 -7.260024758649197
-73.96894154001174 -7.380889943439748
-73.97391781855198 -7.422973163897142
-73.98387762076382 -7.507153799032748
-73.94654414808863 -7.594813805118718
-73.890547878455 -7.726219047039765
-73.82960029683484 -7.815448444252608
-73.82085213266144 -7.943339148823543
-73.77857462699322 -7.988717882913461
-73.72012708322977 -8.09877992795238
-73.65430183080976 -8.145682303566925
-73.55370209987153 -8.300752628837534
-73.48798383742849 -8.347473961584901
-73.42720203470353 -8.436122292343585
-73.34588764205387 -8.526860229840507
-73.26467192092653 -8.617533835595429
-73.16628970310057 -8.751906802514743
-73.08786018848706 -8.883797312685156
-73.07913624311757 -8.990798652991654
-73.09348037403399 -9.096320230774568
-73.11646448656643 -9.265283998039523
-73.15976817719675 -9.350962690311885
-73.06726804917987 -9.417666799892032
-72.97490125299981 -9.42352044062795
-72.77028604186462 -9.45768232651549
-72.59472801135026 -9.532394242469362
-72.52581724294966 -9.536632164444546
-72.42223417800149 -9.627943271096918
-72.38748856123669 -9.715017671783158
-72.31244601949911 -9.846961698488554
-72.23916003992746 -9.979522285462842
-72.17046097229583 -9.983505740921814
-72.12469289891448 -9.986151597837088
-72.03324156595969 -9.99141983329036
-71.73378182160612 -9.98718827253116
-71.64388915731064 -9.992799443718248
-71.37216299653936 -9.988506691860378
-71.27402805015133 -9.930797894821627
-71.22071074290267 -9.870369260033286
-71.16270712616617 -9.768322875958248
-71.03829373010969 -9.670706572462589
-70.9911855005623 -9.65259232820412
-70.78088868924921 -9.581570590701571
-70.73396261886734 -9.563479171828345
-70.5933922290584 -9.509235363376513
-70.55414711621326 -9.553664983564275
-70.65032430005687 -9.610708140813278
-70.61861759364118 -9.717724130139651
-70.60149380558474 -9.760801113557401
-70.59801447444416 -10.92768353997851
-70.51435979660373 -10.97480419596836
-70.4307367893156 -11.02186796814643
-70.32487776467903 -11.07005144053281
-70.21205922395883 -11.05552896064293
-70.09147247481211 -10.97782377094033
-69.99571708055701 -10.91992465409002
-69.86162903498885 -10.90680975037776
-69.74959772822166 -10.89234358623357
-69.59402795887445 -10.88045827090054
-69.41948868726695 -10.89080808995495
-69.29131663613158 -10.91949249427976
-69.16325955740693 -10.94809181008988
-69.05957119947108 -10.99634279464333
-68.9317024326848 -11.02477734100332
-68.84789800957579 -11.05110593889804
-68.78340118900506 -11.05525055039242
-68.7287152430125 -11.14320173951116
-68.61882810574427 -11.12906948096377
-68.50663661274956 -11.09396875053515
-68.43506745701669 -11.03523258095145
-68.31836992708833 -10.9583241579609
-68.24703324915754 -10.89967001717264
-68.15205971366402 -10.82152001717203
-68.01223588551744 -10.72526628869515
-67.88426675688864 -10.73327948437875
-67.79671237786845 -10.71774405898833
-67.72363558770982 -10.63838203565343
-67.65295907057219 -10.57990059448068
-67.55660167396022 -10.48119371608107
-67.63699293392864 -10.43428730745042