-37.9864751099927 -6.819566697159071
-37.99530398878261 -6.815996008726439
-38.00478398086042 -6.803965671608257
-38.03158990789472 -6.789025319848682
-38.05381476460183 -6.777985578303271
-38.07933756246315 -6.779934716634126
-38.09705520297621 -6.772726579752063
-38.11511397716268 -6.761273905280087
-38.13777680150405 -6.74589303339874
-38.13879562242295 -6.733160802523465
-38.14015451885604 -6.716181118236588
-38.15464067873702 -6.695905052605091
-38.18089779079234 -6.689318241748681
-38.2107397955037 -6.691541580438364
-38.23632044854645 -6.693445996816194
-38.2707730434685 -6.691735701400687
-38.26719384704821 -6.682922544497521
-38.25539814620248 -6.669251251284994
-38.23965848533857 -6.65103197064767
-38.24884822978044 -6.643186993114713
-38.2744391529652 -6.645083669958242
-38.30818258388111 -6.651891709695229
-38.34563834710075 -6.667406955814896
-38.35418436358592 -6.668027779696938
-38.3703127078515 -6.681968826784608
-38.3874043402265 -6.683213774194649
-38.43014198023111 -6.686324120524176
-38.43869095498346 -6.686945823361283
-38.46861588835024 -6.689121016868961
-38.48605372949252 -6.686119731683167
-38.50810289671865 -6.67918487019085
-38.50541362063023 -6.657709694881822
-38.50240714290324 -6.640468666343977
-38.48657090838336 -6.622302597545378
-38.47564989434093 -6.595982556193406
-38.47201011446494 -6.587209867067211
-38.4604562593616 -6.569357397362464
-38.43670100195462 -6.542134761897208
-38.40865437259482 -6.514634454690802
-38.40928522654961 -6.506179630472734
-38.42607528839025 -6.51162430518766
-38.48168731572024 -6.515577892952418
-38.53695734589003 -6.523799843292904
-38.55834226180483 -6.525333983705017
-38.57085779341465 -6.530487298966065
-38.58765313285914 -6.535947411638923
-38.61269242709442 -6.546254833199754
-38.63742117786907 -6.56079714901173
-38.6670688333361 -6.5671782310901
-38.68357967561187 -6.576863628775694
-38.70010084332232 -6.586545873146361
-38.72091526455498 -6.596532174552804
-38.7325225993484 -6.614387153950353
-38.74381671297672 -6.636481333449012
-38.73794737923241 -6.65736294362403
-38.72778625540179 -6.67793976109449
-38.7086417277014 -6.702184074208331
-38.68945810210535 -6.726440848333279
-38.67060329025107 -6.746450019863884
-38.66136913506637 -6.754319003015846
-38.64256681443157 -6.77429697431072
-38.62016129783587 -6.78547350527663
-38.61554621241285 -6.789405311748508
-38.572427353032 -6.790538640983412
-38.5378741106967 -6.792290576859201
-38.51221599974574 -6.79042200074977
-38.49905328640431 -6.793727957645914
-38.4855566925517 -6.801273442800266
-38.46351238906826 -6.808193297171252
-38.42823188412835 -6.818455529534865
-38.40218569875013 -6.820857637154794
-38.37580333495686 -6.827500380125931
-38.34584246641361 -6.825347417313499
-38.33266067507607 -6.828665978717
-38.31096080611054 -6.831347660686635
-38.28965225756222 -6.829761971671099
-38.25556111649339 -6.827223074653098
-38.23851653729904 -6.825952735554634
-38.20834954160247 -6.827968095369217
-38.169665630226 -6.829344952937251
-38.14836554370841 -6.827753432113118
-38.10939011358738 -6.833333129122149
-38.07965302070402 -6.831034953877773
-38.04140968044759 -6.828076663759383
-37.99890350521241 -6.824785103100764
-37.9864751099927 -6.819566697159071