-70.741945637936 -8.372653474763347
-70.04480803013021 -8.989296422620202
-69.24015497934437 -9.442751757433854
-68.49305666137762 -9.962165953668105
-68.23198660586036 -10.07913793107219
-67.55958425812135 -10.49266784196647
-67.08425488586656 -10.28383845973401
-67.03541296711899 -10.22103346689083
-66.99442907341226 -10.12318276502133
-66.99267255630296 -10.13396799102375
-66.99114644976697 -10.14739537873681
-66.98472293321869 -10.16654655969822
-66.98028616943491 -10.17755348357041
-66.96956922122836 -10.17843117361457
-66.95839246325824 -10.17402452636371
-66.62417316040092 -9.856799540165522
-66.53463413936578 -9.800868810188069
-66.4511440038994 -9.806538494507603
-66.34683600571958 -9.813593064511752
-66.21981022367896 -9.801516995981247
-66.13454842483428 -9.786614734523013
-66.06836921463007 -9.749955951210204
-66.09642918030809 -9.603692564880051
-66.21743776503377 -9.554309578842954
-66.33653361431688 -9.484383076564955
-66.45955174608442 -9.45533732211158
-66.57867644944916 -9.38526693076604
-66.65809277949501 -9.338513308085238
-66.71666151508629 -9.293190505913406
-66.62143586694972 -9.176221254718339
-66.51145267568101 -9.122144002315819
-66.48868759307651 -9.103152181418023
-66.35614678284259 -9.030118406246668
-66.31072049529909 -8.992165226120893
-66.28028032218899 -8.891525515288004
-66.29522855606759 -8.828838675028738
-66.36658450025416 -8.700562358189464
-66.37373154256382 -8.556350821897677
-66.34331425628054 -8.4559455660567
-66.21906518110912 -8.464824987792483
-66.11558943453662 -8.472189576787509
-66.07811154606431 -8.515903217548951
-66.00523969918491 -8.62385004381394
-65.99409674443248 -8.727226555254571
-66.00544051947608 -8.849508031299672
-66.01679964430829 -8.971864425861735
-65.99996048375645 -9.0141885129659
-65.92122788546817 -9.061069785936397
-65.78813617101109 -8.968159566330597
-65.72445444300642 -8.95229732760952
-65.59162523039765 -8.859424921733403
-65.54861902052927 -8.842056573719251
-65.41969094851278 -8.789947493149313
-65.35800556225898 -8.794427661449065
-65.25884436040943 -8.842586704240398
-65.18383281111302 -8.929962166003095
-65.10337623143022 -8.956201940840389
-64.98181356674587 -8.985335228743802
-64.82094800109566 -9.037670856148283
-64.74227734804096 -9.084161042802146
-64.68763338367678 -9.169918914341654
-64.6928730892628 -9.231022368514147
-64.78565041426003 -9.347563064736301
-64.81679666948496 -9.468479624155679
-64.86505324018256 -9.5472278342372
-64.91335665874354 -9.626012113414838
-65.06486170559438 -9.697670251701425
-65.12857093127657 -9.713787086926709
-65.30465884005845 -9.824881173898753
-65.30648236576042 -9.845334012058247
-65.20887662757892 -9.914305329736839
-65.13189135463671 -9.981814951729376
-65.05486357603334 -10.04931617388269
-64.94780583712415 -10.01528341230101
-64.8202020997481 -9.98265926203063
-64.7527794298816 -9.925210116703493
-64.58269544441728 -9.875433025279497
-64.45941762658694 -9.884551042806086
-64.4183281496733 -9.887580092867363
-64.33438399662632 -9.873085547938528
-64.16832991080229 -9.864575656541211
-64.10499305429423 -9.848533513319316
-64.05887421074944 -9.790259645552693
-64.21122229720352 -9.635558287374145
-64.28477156209441 -9.527623387789081
-64.40096772295078 -9.437078799625931
-64.41632523858181 -9.374448849599482
-64.38727553266926 -9.274123704570091
-64.3582570173273 -9.173845001693577
-64.26788478207268 -9.078131186421995
-64.21682113147725 -8.959117687278804
-64.17087498161646 -8.901138365137912
-64.08409727438267 -8.846170340092277
-64.002380038979 -8.852149146168824
-63.92066946688672 -8.85810937641555
-63.79812458189029 -8.867014926591823
-63.75564012681147 -8.849660590468018
-63.67070865316826 -8.814946455323687
-63.58582308934729 -8.780228523369523
-63.47897654369133 -8.726674349582977
-63.41138317400635 -8.649902311455765
-63.34385347769243 -8.573159172958105
-63.24045813728898 -8.56032895895944
-63.16379373149085 -8.627270861433523
-63.13094250342414 -8.731740706006981
-63.09962723383294 -8.85655830803419
-63.0039746181749 -8.945398294192298
-62.9428084553739 -8.949960076602672
-62.86124991527296 -8.956027261582904
-62.80469999410178 -9.02150757810918
-62.81549652236452 -9.163769263642223
-62.69761306899153 -9.233830546654973
-62.67719318725802 -9.235337229364149
-62.57204901508151 -9.202170331749144
-62.53950810937431 -9.041068201593689
-62.53648028939806 -9.000433319496873
-62.5243802965829 -8.837968908841495
-62.45722111541289 -8.761261435687342
-62.34938347223461 -8.687543771116086
-62.28382909003902 -8.631143099782561
-62.21388163345304 -8.513929244503061
-62.16581625002703 -8.415636013511255
-62.13808987244739 -8.316169323256645
-62.11775910744899 -8.317636955857829
-62.01023648211003 -8.244219875451698
-62.00583651597948 -8.183673321251927
-62.07681403198824 -8.036583110858814
-62.13479211452249 -7.991841081118391
-62.23335869655886 -7.944152820896385
-62.30564829816039 -7.817258705582455
-62.31850338966262 -7.714978446099353
-62.17059237592782 -7.644659485476639
-62.02130217570253 -7.554157557539937
-61.95464364924628 -7.477949821544891
-61.84702031347137 -7.405822068833286
-61.76287927692027 -7.371613720848935
-61.72226107837877 -7.374635763225705
-61.63520235018645 -7.30011815328234
-61.60619545744456 -7.180802457967108
-61.55834688767226 -7.083119597217944
-61.52937767322668 -6.963810488805633
-61.52649101873869 -6.923547613310948
-61.45695286755641 -6.807210495971424
-61.31054542744191 -6.757137060424093
-61.2293164211111 -6.763014577085173
-61.17264858313555 -6.827834505566094
-61.16371443655681 -6.990452129818774
-61.17083496578664 -7.091188271436746
-61.17795950771079 -7.191937569061917
-61.22863148134285 -7.33003252518283
-61.25612554906323 -7.429310335436583
-61.28076878500229 -7.488279674609539
-61.42893885336909 -7.558392177410049
-61.51318898241736 -7.592664392448253
-61.45937588361475 -7.697947248036693
-61.3794053241147 -7.724138970540185
-61.30083426968341 -7.770483106126284
-61.26153318360186 -7.793655184342982
-61.12320678571399 -7.864643132160991
-61.04167568822752 -7.870626213745922
-60.9691588049083 -7.713757220222925
-60.8791399825091 -7.598679302967434
-60.85311132644272 -7.519484389547862
-60.84746618527164 -7.438817497629782
-60.79967972432638 -7.340924534285555
-60.79405952276649 -7.260257097964658
-60.78984591224941 -7.199761686590675
-60.88038304177724 -7.031157015458727
-60.95188472594597 -6.884234833309821
-60.98831283529307 -6.820867859466444
-61.04079920819932 -6.695625853941051
-60.930726125518 -6.582049960786867
-60.8480306344335 -6.567700735146948
-60.74639112978498 -6.574924112185781
-60.60682099659694 -6.625310545236099
-60.4671552537313 -6.675682826197853
-60.50231659622059 -6.592185323525957
-60.61880869765079 -6.5029688864324
-60.71767240956955 -6.45549282662195
-60.79476158351025 -6.389316325340245
-60.8921113868835 -6.321712229736389
-61.02715684591802 -6.21098488162389
-61.10264266296052 -6.124735756434815
-61.15922005254827 -6.060065519829836
-61.30851272777194 -5.867582937552049
-61.38664572746608 -5.821629430111877
-61.38521496718852 -5.801533964411042
-61.47779411509106 -5.673800375853404
-61.55134977696849 -5.567580528632778
-61.64496215465481 -5.459867101436123
-61.70111379295596 -5.395229206662073
-61.77149486912818 -5.248693017637456
-61.82762022664639 -5.18403670684413
-61.89793236986652 -5.037391411116484
-61.96817054772965 -4.890550444364664
-61.98387125316805 -4.828656040496972
-62.03841728270878 -4.743619664419626
-62.0713118529679 -4.639899457071766
-62.08255312846907 -4.517487573209788
-62.11991401716189 -4.474169412809967
-62.17000782482853 -4.328515988215501
-62.18422583936808 -4.246332017379769
-62.2171284720969 -4.142440151072968
-62.22688312032433 -3.999665970816725
-62.23663797845563 -3.8568406145486
-62.24788100535238 -3.734162693838789
-62.25912379542215 -3.611448809946865
-62.24870604025897 -3.470023101076345
-62.26292519307139 -3.387660471236403
-62.27714628127879 -3.305281968300651
-62.30856389064805 -3.180917924691777
-62.3198073939632 -3.058056605489306
-62.37140388891719 -2.932081464021977
-62.42300286597491 -2.80600281226244
-62.51499362118401 -2.675635955643497
-62.57111694036082 -2.609612666704181
-62.64598813576041 -2.521519820516773
-62.69921732925385 -2.414457181207753
-62.77564842546754 -2.346704458583778
-62.88669648791926 -2.193725301955394
-62.94299496364851 -2.127424046866035
-63.03688108706969 -2.016838637040971
-63.14963690826144 -1.884001558444227
-63.26393914699631 -1.771595215705744
-63.3971615452155 -1.636887711863136
-63.4333963358541 -1.571887280219128
-63.52475910400063 -1.419578763398486
-63.56247506613599 -1.375111329295565
-63.73375365070847 -1.195483516039827
-63.78899392355332 -1.108004280918403
-63.90381108953226 -0.9949384426566671
-63.99837824441909 -0.8834031965975155
-64.1308803768887 -0.7271113661623273
-64.20665086145164 -0.6377284580776318
-64.46289929602597 -0.49215124438104
-64.49669648491506 -0.385136121334253
-64.55365147064129 -0.3179564671212311
-64.60924943815778 -0.2299750252992186
-64.75232345995467 -0.217467966869857
-64.85494900181087 -0.2075992498605239
-64.95764121780658 -0.1977232088063372
-64.97133502954455 -0.09184701439082343
-64.92474266768494 -0.01266311101563049
-64.91729688164044 0.1140925717051862
-64.97294090226752 0.2261609881376965
-65.03353274140035 0.2535016019013302
-65.1378185838921 0.2425085320916819
-65.24334400016744 0.2102885167606287
-65.24929854284689 0.1042576856675124
-65.25405892806892 0.01951987052272409
-65.25797391949331 -0.04324681708350431
-65.30728718763106 -0.1640929463456747
-65.43221660694222 -0.1730095035750356
-65.47343042278916 -0.1690477755355163
-65.59846771870055 -0.1779688137942741
-65.70161277944953 -0.1680572657613038
-65.85010136031994 -0.2166461726525602
-65.95337835887113 -0.2067400027748063
-66.26487627743603 -0.1978291356251962
-66.30888135403627 -0.2355516321547877
-66.417596363461 -0.3090182833763172
-66.44349004398181 -0.3903892148883151
-66.5340758835673 -0.5074752025810199
-66.55736518712217 -0.5471531849834795
-66.56252367868994 -0.6304134569642967
-66.61037038316403 -0.730527676287354
-66.67505348269111 -0.7662672809877217
-66.78117243136454 -0.7981068569132075
-66.8873241328532 -0.8299532959337455
-66.98970702329116 -0.7993839913511874
-66.939351781165 -0.6575732251341796
-66.89406034133337 -0.5990150286590725
-66.88642108715442 -0.4739905421387066
-66.9020757152428 -0.3886176394813118
-67.00585988359383 -0.3787290875365373
-67.10591026278605 -0.3062212869386603
-67.16194601517667 -0.1958536128642255
-67.28420247492463 -0.1421127974378726
-67.43236232715161 -0.1699682615120745
-67.69258125013572 -0.2683531606740738
-67.76108523223306 -0.344933826585913
-67.82960517978795 -0.4215299600571525
-67.92181844456906 -0.5376084822379088
-67.99037238619087 -0.6142404188333547
-68.09891552241705 -0.6445175983637551
-68.18384303512546 -0.6353215560000746
-68.37762644359029 -0.6564460286522134
-68.46277102019886 -0.647244200960448
-68.59062168123842 -0.6334257123164889
-68.78389472805699 -0.6336166363787289
-68.9121286954782 -0.6197609441829968
-68.99889845089214 -0.6314900889297551
-69.04171059789722 -0.6268663483533441
-69.15356101477877 -0.6992498540329918
-69.30955340830525 -0.7880559512625657
-69.35599582231517 -0.8464182340354224
-69.91374657782286 -4.152074129365323
-69.89868272333716 -4.236176060368496
-69.98908967344698 -4.289982554151612
-70.13753453302785 -4.255756956565092
-70.39059107963983 -4.149463807678171
-70.54313419609083 -4.114167954570918
-70.69926543135726 -4.120001965947987
-70.76557667510473 -4.113656870152912
-70.87786547846424 -4.123697668990875
-71.02072364447648 -4.234897710420704
-71.11446416160356 -4.288449751330494
-71.2066721627028 -4.321372616887263
-71.25446781193496 -4.358525079047848
-71.37243337204487 -4.430784185532788
-71.53192477604219 -4.457514780508618
-71.66770740487264 -4.465634314214532
-71.7365161717082 -4.480058758388456
-71.82780015618747 -4.492383921674193
-72.03315356102419 -4.514930984922753
-72.16977974318597 -4.523032246611076
-72.3342099126573 -4.591428629262937
-72.4261641322265 -4.603783977915695
-72.62046167278643 -4.753529862824631
-72.66910935403134 -4.791002579268107
-72.74549870260461 -4.88892968756949
-72.79927206217339 -4.988988311329928
-72.83712497985941 -5.174512892830278
-72.84386650827264 -5.257868029872072
-72.87330888744221 -5.3391767209229
-72.9044459732276 -5.441325493564365
-73.03741673988228 -5.613118675102952
-72.13127523816713 -6.806715845728396
-71.2203439126142 -7.984005787703494
-70.741945637936 -8.372653474763347