-51.35333197007066 -15.65735891682538
-51.3282047881038 -15.68368346856768
-51.24982608680803 -15.69931333755291
-51.20012204411727 -15.76459437847118
-51.14863463954411 -15.79186686153122
-51.09598128260254 -15.79379360354262
-51.01701885555351 -15.79665973566762
-50.96268815530598 -15.76057056954735
-50.90895732842539 -15.73713818007061
-50.84099780901195 -15.68885680843491
-50.79936916935607 -15.63964570123581
-50.74574187371655 -15.61620435160538
-50.69105766991397 -15.56746501120028
-50.67522759169665 -15.50470872830424
-50.68620064790233 -15.45371017377159
-50.68411829701753 -15.40324215806435
-50.69514679467352 -15.35231296769002
-50.70512808507117 -15.27615115457194
-50.71510383729287 -15.1999884600565
-50.71197935908413 -15.12429950930816
-50.73607588554884 -15.07289059853203
-50.75806938253597 -14.97101747041867
-50.7695824924909 -14.93269341818976
-50.77847015265349 -14.83129916638279
-50.77689829393539 -14.79345970277111
-50.78577651185848 -14.69207160639485
-50.79464543355785 -14.59068760594077
-50.79150000174915 -14.51502373724744
-50.78730937016049 -14.41414783630608
-50.78416927203234 -14.33849842570959
-50.78260038434173 -14.30067614174733
-50.77946362422279 -14.22503644428908
-50.77580735841329 -14.13679981431643
-50.77528517901513 -14.12419523673081
-50.77119225721483 -14.02334540876615
-50.76722696151558 -13.92245167962834
-50.76525781711607 -13.87199169522837
-50.76378001462208 -13.8341422383762
-50.7483076572613 -13.77156170456745
-50.72032493133374 -13.72210308824372
-50.67934709978415 -13.67314889716468
-50.65138896322056 -13.62368129341622
-50.59797429799266 -13.58781240417267
-50.55710922707429 -13.53878735127107
-50.50280154815595 -13.47761064020784
-50.47397574218732 -13.40281793635105
-50.44612086090066 -13.35326978907032
-50.40435373443683 -13.27893201423842
-50.36308194996803 -13.21720998648
-50.30791904897993 -13.13067983875094
-50.29401517836146 -13.10588422463555
-50.26574167232124 -13.04364814434298
-50.23747916086386 -12.98140166998465
-50.22311628247395 -12.94395403762379
-50.16757012264681 -12.84470593955233
-50.153688746175 -12.81988938351648
-50.1259326965269 -12.77025096678907
-50.09725629602784 -12.69531123433323
-50.05568464003724 -12.62070548554307
-50.02799714910603 -12.57086670692966
-50.00031225812757 -12.5210115134086
-49.98601939660138 -12.48337591287232
-49.97127668550367 -12.43302656953191
-49.92976268918341 -12.35817263110126
-49.90209033082207 -12.30825077225549
-49.83517366085638 -12.24698085487993
-49.76826795946916 -12.18567728794781
-49.72723348823139 -12.12342990946443
-49.69958241429571 -12.0734377467407
-49.67238165807547 -12.0361632951654
-49.64294944719077 -11.93520075450244
-49.64026683079015 -11.85875824364458
-49.63847879024575 -11.80777945977351
-49.63490428785629 -11.7057810702886
-49.63222258919544 -11.62924717790414
-49.64335699295975 -11.57774913849358
-49.62775598775559 -11.50162534199203
-49.61215661882034 -11.42547305222505
-49.58408883150911 -11.36252698626656
-49.55602500965754 -11.29956062290758
-49.5533458592627 -11.22269417280687
-49.56402437232345 -11.15787665529173
-49.60098939366706 -11.10497157371951
-49.6112252297375 -11.02719205793344
-49.621911679961 -10.96225562498944
-49.63393817869901 -10.93598959953905
-49.68428668149183 -10.89540004301309
-49.7346419722678 -10.85478578729851
-49.7952603077924 -10.73615291879397
-49.79437079584346 -10.71030280327205
-49.77877356126769 -10.63319501341353
-49.75113696642849 -10.58239912336142
-49.6847155821536 -10.53300778700064
-49.63166594302354 -10.49606167524062
-49.56613646358917 -10.47252259864782
-49.51263710022546 -10.42258570997458
-49.51173957896508 -10.39666852476101
-49.50949654151245 -10.33185119440637
-49.57279308376287 -10.29058372713649
-49.66285534051101 -10.27429062990277
-49.72706408774986 -10.25896015022167
-49.76541271544503 -10.24456574494519
-49.85460648042522 -10.20230202519707
-49.91838617169938 -10.17394331017243
-49.91661070287695 -10.12201373121337
-49.95364182017886 -10.06861172619588
-49.95098046562884 -9.990642478305709
-49.96214385387928 -9.938150713501738
-49.97110665696105 -9.820345400050938
-49.96936860441489 -9.767768126408853
-49.96806464534014 -9.728313939626545
-49.95250998302737 -9.649842944873848
-49.95033199460882 -9.583984265385999
-49.93563964620405 -9.531753182929947
-49.92050495431354 -9.466295968781079
-49.90449093187237 -9.37437483892637
-49.89021989103841 -9.335231787112516
-49.87506802065891 -9.269623926485307
-49.87375193220319 -9.229939509960484
-49.87199668045871 -9.176987413418246
-49.86980316089913 -9.110720773751897
-49.86760811946084 -9.044402329207683
-49.91729678233243 -8.976080252276692
-49.99599434388454 -8.999692958624147
-50.03663719638729 -9.051289483741227
-50.06387260568031 -9.090053102653918
-50.11832551648438 -9.167526734250414
-50.17104586136479 -9.191991101280323
-50.22418432260807 -9.229674855230408
-50.27815969497236 -9.293783227317354
-50.27985241295375 -9.346656374886884
-50.26858597057292 -9.400003688130502
-50.24479216285056 -9.467018688877383
-50.20762926826489 -9.521295952927346
-50.19638027125085 -9.574531135976304
-50.19893613390524 -9.653568310495219
-50.20021331709616 -9.693058969326593
-50.22780563560083 -9.744681902580243
-50.29337473074054 -9.76846818554001
-50.33389078268966 -9.819533856953546
-50.37399644138596 -9.857307297434078
-50.42795089196395 -9.920348012021304
-50.46939859562738 -9.996853731776813
-50.49659053779412 -10.03483496694431
-50.55096726197249 -10.11075702659023
-50.57902636882086 -10.17466178463083
-50.59327280850382 -10.21308945742021
-50.63471615864692 -10.28932554728576
-50.6360244697209 -10.32821640891829
-50.62568283999973 -10.40656193234694
-50.62655567762722 -10.43246535175649
-50.61623141850137 -10.51067888150671
-50.64343951326556 -10.54836350328215
-50.68362348210451 -10.58537731796632
-50.77522567342421 -10.60704269362929
-50.82708603999033 -10.60462918572875
-50.86555476353145 -10.58987447586701
-50.93083824785712 -10.59977433302659
-51.01083930883863 -10.66080016252939
-51.05149251148291 -10.7106957348972
-51.07917142258642 -10.76118427158666
-51.13323041921366 -10.82336778417974
-51.18557299074539 -10.83385109075406
-51.28728603743006 -10.76430619312287
-51.33794682688487 -10.7230289497402
-51.38819374179904 -10.66877786028554
-51.42546067171999 -10.61511191656726
-51.47615719883067 -10.57373811705117
-51.55328748858079 -10.54402919126118
-51.57928515133765 -10.54276062443306
-51.65602237211704 -10.500043903002
-51.77096146283128 -10.42939732998842
-51.84818080391137 -10.39955145576783
-51.87420659557082 -10.39825063502378
-51.92794797420288 -10.44756728323656
-51.96867613901397 -10.49751547066539
-52.0094058083877 -10.54744290599445
-52.07597822525889 -10.58272485979342
-52.0907493171101 -10.63381471550894
-52.09201303305851 -10.6726868157546
-52.09411821212954 -10.73744399492962
-52.09538151443223 -10.77628152064279
-52.08398128481069 -10.82879114594044
-52.08608699051433 -10.89346133541319
-52.07426794255486 -10.93298627075865
-52.0502142538063 -10.9990674555486
-51.97415502599758 -11.06762291012952
-51.89821656427624 -11.13597091410431
-51.86173227783567 -11.21524740051899
-51.85001199882029 -11.25452096770319
-51.8003973477812 -11.32105253143246
-51.69832688531686 -11.37721056065236
-51.67328672360387 -11.40403691778128
-51.59674974086414 -11.44609285463916
-51.55872271173359 -11.4735020739377
-51.49566352570597 -11.52768087057311
-51.4585850463505 -11.58062155579861
-51.40757924570199 -11.60857647562793
-51.36862372038316 -11.61036435500419
-51.31669058926345 -11.61274012660716
-51.26617245827723 -11.65343053898012
-51.25600218620626 -11.73064310964953
-51.24489491527801 -11.7822936652347
-51.22314914408876 -11.89829788144569
-51.22502399396419 -11.94931081968292
-51.21344865141789 -11.98814006251335
-51.20327756850527 -12.06519206480818
-51.2065572731381 -12.15437267237941
-51.20843177875831 -12.20531368076134
-51.2103069274448 -12.25624038784704
-51.21124435056597 -12.28169867255414
-51.22751327574508 -12.37020465335461
-51.22845101873175 -12.39564671444494
-51.28322411747748 -12.46968010430692
-51.3510102715646 -12.54311302081951
-51.40487925612501 -12.59166880729912
-51.47176278551912 -12.63963403722575
-51.47532743292091 -12.72833681503597
-51.47843773123515 -12.80430651634135
-51.50860492429646 -12.90444585788696
-51.52317654679569 -12.94185183936893
-51.53983548787366 -13.02988177058785
-51.54244162007976 -13.09315710923891
-51.55860692506074 -13.16850132906266
-51.56124470547839 -13.23174485257674
-51.57691431429929 -13.29441469271067
-51.61866507417738 -13.35594606478322
-51.63223279214553 -13.36802432253789
-51.6875880050814 -13.44162539615904
-51.71581265612549 -13.49106687520582
-51.71688219072896 -13.51635540282711
-51.69398877603062 -13.59334710343823
-51.65856561803668 -13.68351887031159
-51.66069525517038 -13.73407027412545
-51.70253150899878 -13.79557058037497
-51.75745355621311 -13.85650136442501
-51.81294647327992 -13.9300573707607
-51.88046465314488 -13.97776681806479
-51.96055217305865 -14.01225828798846
-52.0550025058495 -14.07141062033143
-52.09687635933597 -14.12019113712418
-52.12501605539692 -14.15692820895535
-52.09994218968937 -14.18335306764913
-51.95684914901817 -14.21490459547255
-51.91757989781304 -14.21659910586292
-51.89498637816267 -14.29349943163712
-51.93847082501067 -14.38023186253688
-51.93967263637943 -14.40549599183433
-51.96828910085326 -14.45490539888227
-52.01064104939989 -14.51639171734402
-52.05311420526089 -14.57789258934974
-52.133405623592 -14.59981202043563
-52.22819363403843 -14.64644119894441
-52.3092545081818 -14.68098254080985
-52.36333417767076 -14.70400508860447
-52.36460037745966 -14.72930889973682
-52.36713231822506 -14.77991859842135
-52.37156759929248 -14.86849334533474
-52.37346977062386 -14.90645655573991
-52.37664164691594 -14.96973224884522
-52.40627967960531 -15.03189551536086
-52.41071806506974 -15.12049611236004
-52.41448731453847 -15.19643224907791
-52.36467893364962 -15.26192035030455
-52.31672179944513 -15.3653378520497
-52.30472723559778 -15.39118584372085
-52.25487017964287 -15.45659938148518
-52.19137222158768 -15.50996694310587
-52.19549005018556 -15.58607709746013
-52.19755101593994 -15.6241417741393
-52.20093447393679 -15.68756973135723
-52.17641563625424 -15.72665749488342
-52.1246813517854 -15.75407321830656
-51.99354924272852 -15.78458663137792
-51.83840517162894 -15.85436552399936
-51.80008761169359 -15.88130054291274
-51.79070772010121 -15.95791706049983
-51.78068256421462 -16.02186281176307
-51.75616517972651 -16.06095913914029
-51.70520819145362 -16.10108151682466
-51.65360689106304 -16.12850103187521
-51.61209909147146 -16.09196334558666
-51.60898950724315 -16.02853983950755
-51.60464118582274 -15.93976870290045
-51.5870984013896 -15.85152567870838
-51.58399326535276 -15.78814546068274
-51.54135705150231 -15.72630974317733
-51.49937646884625 -15.67715626984904
-51.45803846467387 -15.6406757916266
-51.35333197007066 -15.65735891682538