-56.58684844643452 -22.14001477682726
-56.54736672381415 -22.12545375642328
-56.46844247549763 -22.09631002621076
-56.39169827410642 -22.10288797426458
-56.33734094799208 -22.16138864882585
-56.30110489589637 -22.20035100976324
-56.22663498854421 -22.24237036810593
-56.03589390971774 -22.25724622861862
-55.82638698611859 -22.27313885325791
-55.77031679710706 -22.29522817393257
-55.697283681098 -22.35430700994367
-55.68237583078282 -22.42689291429518
-55.6898410104909 -22.551029802995
-55.676394736157 -22.64068035792854
-55.66293807929814 -22.73028217095176
-55.62929605962922 -22.80357626707563
-55.61469782074916 -22.87546101644087
-55.56417785526329 -22.98526092226651
-55.54843850869699 -23.03944662272606
-55.55287798991108 -23.10986779418931
-55.53823772926968 -23.18160673207588
-55.54383014510056 -23.26951195998726
-55.52921500372364 -23.34113506666177
-55.53595826955086 -23.44649650829541
-55.54383301544038 -23.5693488021212
-55.54495834058464 -23.58689347700707
-55.55397258362071 -23.72719147898127
-55.55622769290774 -23.76225112056688
-55.46607611190146 -23.85647150687281
-55.35570788252346 -23.93424964884811
-55.20255799394763 -23.94449869093983
-55.06748615794948 -23.93590209184513
-54.91228204387746 -23.91100030996254
-54.87406612112648 -23.91346737060827
-54.68045869237017 -23.87252310182071
-54.54521802168321 -23.84535840488684
-54.50716962939291 -23.84758692061377
-54.4150779740974 -23.90565243205014
-54.36222545565024 -23.97864873437532
-54.25327409054116 -24.07223757012661
-54.22040009015927 -24.16146429782696
-54.20550840813283 -24.23218303534742
-54.21382830720407 -24.37145045478883
-54.22112038008694 -24.49325941954495
-54.22740394907013 -24.5976003340385
-54.26772376368371 -24.63024180763263
-54.3335586182946 -24.76608202120854
-54.39737852553075 -24.86711469789075
-54.52094811963092 -24.99958564820694
-54.58501649873303 -25.10050411830197
-54.63328664954276 -25.2545427037701
-54.66153494738699 -25.39213369785355
-54.61074038982318 -25.49933209703906
-54.59608287984657 -25.56969046482196
-54.46250741775602 -25.59451783515294
-54.40366221139483 -25.58038096567555
-54.24757896103916 -25.55411952651787
-54.0542559420188 -25.5470414777284
-53.95922265207564 -25.56937256151538
-53.8460062045861 -25.60992667152221
-53.82782471289424 -25.62821293219571
-53.75505873239692 -25.70132378542365
-53.70350747121468 -25.80802223279898
-53.68732765119978 -25.86087752557903
-53.65696506892229 -26.00115393698715
-53.65900237609124 -26.03574414484073
-53.64481065594272 -26.12315428363851
-53.63263412778469 -26.24512760851684
-53.63874012282093 -26.34885450995776
-53.63975821883208 -26.36614109308654
-53.64791612301111 -26.5044154568533
-53.6530523567675 -26.59082132934626
-53.67654310285086 -26.65901283396568
-53.68282139931578 -26.76269725171153
-53.7075664321389 -26.84819682650463
-53.75070434460947 -26.91549300322748
-53.79173181817733 -26.94820807818226
-53.85442896009949 -27.01456615614567
-53.95727104207829 -27.09631298707888
-53.99734034083325 -27.1116996838778
-54.07980640901965 -27.17705533257058
-54.22209793274009 -27.25674734195454
-54.3232253652024 -27.3037142563652
-54.4049246456534 -27.35163313131231
-54.46837260985241 -27.41785632520321
-54.57105943273419 -27.48201184072582
-54.65555483731935 -27.56448273609837
-54.79904366862385 -27.64376628592102
-54.9430413823019 -27.72304434851921
-55.04672405333308 -27.78708020901148
-55.16897177202231 -27.83264537402282
-55.23083496314651 -27.86407018501775
-55.39836753790515 -27.97670444689903
-55.49860862995423 -27.98846556243203
-55.62721432110746 -28.10318182680444
-55.74898448804347 -28.13103005711499
-55.90495051969339 -28.31444622995078
-55.96772333378845 -28.3457623097884
-56.06004897648505 -28.48048460613434
-56.10471397459588 -28.530419291632
-56.19585293961568 -28.64775405986573
-56.28410513762409 -28.73027260994098
-56.32926075033532 -28.78033302352485
-56.37448064423145 -28.83040118738199
-56.4651123077491 -28.93055981222108
-56.51052381895413 -28.98064930105113
-56.62346291475872 -29.09715137658548
-56.66734526828886 -29.12975328851592
-56.71478865754483 -29.19737912047772
-56.76763847919575 -29.31758909508305
-56.83914858649223 -29.41911243517507
-56.95149466481799 -29.51821513562932
-57.01817243261824 -29.5672812782553
-57.08504972499667 -29.61640315507774
-57.15796474043636 -29.71842997291051
-57.2679301961699 -29.7826794933664
-57.31279158330047 -29.81543259116986
-57.35978051133503 -29.86587589745313
-57.45417196116188 -29.96692108856387
-57.51780958997064 -29.98078248190022
-57.56941567126571 -30.06673239144694
-57.59633001232659 -30.11858464486074
-57.580002459758 -30.15530728021982
-57.41547186362566 -30.16547001612668
-57.35173842145169 -30.15151390118228
-57.28600544144278 -30.11982628156529
-57.13628871554834 -30.07532368035077
-56.95397565311106 -30.10397516322699
-56.8759630190098 -30.14411613609851
-56.79980826876525 -30.20187700114651
-56.70685908719094 -30.29610762003611
-56.64913177424266 -30.33492857779421
-56.53540917679516 -30.43016689517434
-56.45704018065023 -30.47000887042864
-56.32068567926972 -30.54844145694275
-56.24754319516816 -30.6412229507329
-56.17102802566495 -30.69889308601148
-56.05524722709415 -30.77650055955061
-56.00258658572685 -30.86853185651415
-55.98558614788606 -30.90512053398112
-55.88847638471243 -30.96411460646085
-55.73314528775707 -30.84755306201328
-55.64968127568855 -30.8341756588673
-55.60879240373491 -30.83632660057466
-55.55236016932872 -30.89268606854309
-55.43622477465404 -30.97012217828974
-55.38157308577044 -31.044724699335
-55.33016066292115 -31.15511196506463
-55.31465997737718 -31.20982004295307
-55.17259192833509 -31.23479816252734
-55.13314998286034 -31.25468110929405
-55.0541950723905 -31.29438584421488
-55.01946636041981 -31.36794140739331
-54.90076053736561 -31.42739580768193
-54.6001506159999 -31.53196235345585
-54.51941147373842 -31.55383169246494
-54.44438347110338 -31.64738825663136
-54.39119109512413 -31.75795980049675
-54.3570549148255 -31.84967942252615
-54.23881307471314 -31.92734606935473
-54.09557820566599 -31.95187054075817
-53.99493271178475 -31.99243044185445
-53.89418355632824 -32.03291707309023
-53.87350368805889 -32.03380271397707
-53.86574370386991 -31.92581420501047
-53.86058519266725 -31.85387796938441
-53.85030013662915 -31.71013743729311
-53.84517536983796 -31.63833443513597
-53.83750766617484 -31.53071378846811
-53.8285945813164 -31.40528555723576
-53.82224934842135 -31.31578624740795
-53.81467598262708 -31.20853509312968
-53.8083808628326 -31.11923511342427
-53.77923668227026 -30.99520499822383
-53.77187592280421 -30.88861418431254
-53.76465483140422 -30.78249402748768
-53.77893245312428 -30.69324364540287
-53.79317721910592 -30.6040346864568
-53.8073847717827 -30.51485707771202
-53.84298612251204 -30.44248951906036
-53.89749347644572 -30.35160791635398
-54.01741168853187 -30.32857208295628
-54.17637301373001 -30.28591133754344
-54.37155491983872 -30.18823452514926
-54.4683108724691 -30.13048409214874
-54.58231107080358 -30.03644653556409
-54.63712623855088 -29.96299696930198
-54.67174547300791 -29.89057095485664
-54.62599973798216 -29.82223969807278
-54.56165217706785 -29.77250716276218
-54.43322339954237 -29.67299710548553
-54.39049500693057 -29.63982003446739
-54.3064759324279 -29.59101460664323
-54.20131988437431 -29.52560902389771
-54.07530311426201 -29.44383319788435
-54.03537671306258 -29.44568579217441
-53.95552675517733 -29.44935604440046
-53.81813933701307 -29.49061488499797
-53.74057721126514 -29.52910710634814
-53.66301392001636 -29.56769083836377
-53.50545695048625 -29.60964516486496
-53.36678404061954 -29.63337790228258
-53.32686639541543 -29.6352114680519
-53.24596236501667 -29.62129296855347
-53.14408962946801 -29.59066467765647
-53.04128209501647 -29.54241902718933
-52.93666127364108 -29.45930971308396
-52.81329597660735 -29.39448116446187
-52.73365163293687 -29.39778677070549
-52.53450450417464 -29.40584493615907
-52.37515342589976 -29.41207867093219
-52.29631433774455 -29.43259918387337
-52.19667726043918 -29.43634083350721
-52.11696371542853 -29.43927033198823
-51.97745291788609 -29.4442794427681
-51.87775063155195 -29.44795007693533
-51.79723800667697 -29.43333372485984
-51.7174646150845 -29.43617294389813
-51.69752078366743 -29.43687551092313
-51.45348835277491 -29.32254446966971
-51.29282297076601 -29.2927564400835
-51.27228028386961 -29.27589721867005
-51.17088731760128 -29.22655127352134
-51.07018814697993 -29.19462974090067
-50.95076703219404 -29.19820692716101
-50.78995609441076 -29.15033373782465
-50.57083875026614 -29.15663613189109
-50.35128238662194 -29.18095636307362
-50.21192169612479 -29.22014125123204
-50.09317076319443 -29.29365964606274
-49.99460468966296 -29.38409584845925
-49.85492432849251 -29.44048739504359
-49.28377427033037 -28.89350608415262
-49.24264725515801 -28.80683516028121
-49.20141116575699 -28.70266864656689
-49.20047663966186 -28.61517429629179
-49.17955288807784 -28.52813868052241
-49.13867474904367 -28.44156181608491
-49.09846285475617 -28.42492691154327
-49.0770216660388 -28.28559401646198
-49.03603659158794 -28.19917040590417
-49.03452424126733 -28.07712544312771
-49.05059012580342 -27.9381119886993
-49.04792503473593 -27.78149054822828
-49.08553298751357 -27.65896662657319
-49.10415290508126 -27.58901685919573
-49.11102595688196 -27.3782538521707
-49.15013811608268 -27.30384343357464
-49.22851317002705 -27.19167743574689
-49.26781384419771 -27.15387450427406
-49.38543324551065 -27.04052198117225
-49.46413995410504 -27.00139885576132
-49.46281482474161 -26.91043032878164
-49.44174824471976 -26.82022046621987
-49.44123073887761 -26.7838899542698
-49.39948042798142 -26.6408465410681
-49.39709367355054 -26.49698882485341
-49.39576367616692 -26.40673192031738
-49.3944360220926 -26.31655357883841
-49.39205704173054 -26.15443200847797
-49.40997445453796 -26.04598820277371
-49.40836928355936 -25.9381678360253
-49.42675369849343 -25.86584697582303
-49.48395987735022 -25.79255788765403
-49.52076128863225 -25.66607939311477
-49.57710175531878 -25.55712796600925
-49.63359293770174 -25.46615547472996
-49.67062788286165 -25.37578392338503
-49.76530585775068 -25.28423068249769
-49.82053820317644 -25.17686001764402
-49.87653471370674 -25.10475958712928
-49.96950596320576 -24.97874876646942
-50.0065274701679 -24.92483594324608
-50.02431210291667 -24.87149324956679
-50.03921866546126 -24.71267330997323
-49.97894858999121 -24.60890074819762
-49.93974351911696 -24.57488181519017
-49.84134770063466 -24.47237855410042
-49.78309550068011 -24.43892522759748
-49.6475785917758 -24.3724786191371
-49.49348651486617 -24.32395485347632
-49.37772158397101 -24.27430726037889
-49.24295034214585 -24.22504326396746
-49.08916417524769 -24.19409623160901
-48.93532676212108 -24.163066554613
-48.83924622385969 -24.1479724190434
-48.78149587482883 -24.13186903030887
-48.64684533782418 -24.10004895723726
-48.49324370628777 -24.08608181330528
-48.39715285609205 -24.07069111135535
-48.37779096998091 -24.05356765261479
-48.18577428869928 -24.04011571656285
-48.05116198309636 -24.00773239107721
-47.99346314980136 -23.99130707267531
-47.87781893655963 -23.90573689499043
-47.76080953995191 -23.85640669398799
-47.64143506885387 -23.75575918408383
-47.54406311325769 -23.70545527073032
-47.46688727242526 -23.65414214643235
-47.40896879984074 -23.56735001905144
-47.31257122729163 -23.48121426925897
-47.27399541061516 -23.41166959491983
-47.15813790436805 -23.30840575216433
-47.06220506185296 -23.16946218224354
-47.02405779871462 -23.11730833962286
-46.94777277142521 -23.03054131572923
-46.89087548357962 -22.92599219924506
-46.79591906094152 -22.80436510480634
-46.75867891537147 -22.66461944867683
-46.72112660669689 -22.57747135221401
-46.72166436105425 -22.49001817967891
-46.74031176127389 -22.42011959957817
-46.75849205841302 -22.28052357054914
-46.79601532901624 -22.19303275843604
-46.83360460870292 -22.12297285985176
-46.87089716727046 -22.01808120399332
-46.92711494504924 -21.91301703902939
-46.94542628393283 -21.82575766749246
-47.00191638779491 -21.77295403656751
-47.00120553226669 -21.68590329164305
-46.96153159937396 -21.45995593667008
-46.94194186911311 -21.3730926341788
-46.92224447788656 -21.26882283973673
-46.88381405066978 -21.18211349009577
-46.86430635097965 -21.09524297788155
-46.86229165106299 -20.9559560012863
-46.8798877725879 -20.8687406730304
-46.87912806844025 -20.81648959033034
-46.89619047097834 -20.69441659420779
-46.95034495262749 -20.5372069098453
-47.00518584648137 -20.43225151419864
-47.05976520984398 -20.30987844307386
-47.07766980586593 -20.24008570967085
-47.07628935588005 -20.13558484369294
-47.11202387399682 -19.99601440087712
-47.12916032585335 -19.87398715629937
-47.12822051505054 -19.80432221645639
-47.1823575789392 -19.66459958504936
-47.21708455240241 -19.54205163923228
-47.28958639554398 -19.43673904245172
-47.32500389411913 -19.34909568136955
-47.36159216929029 -19.31390690325467
-47.47084042103322 -19.19081991765941
-47.46839005630896 -19.08584160149851
-47.4671655945392 -19.03333618033055
-47.38969734285463 -18.91114347908296
-47.38889295654221 -18.87610839717296
-47.42457771838146 -18.80585932775164
-47.53558835343845 -18.77028361449955
-47.66468674171866 -18.71704375639482
-47.70148361440453 -18.69931991874144
-47.81179089346152 -18.64612240576084
-47.90292454406779 -18.5926229658602
-47.99443107777106 -18.55659112269497
-48.25202503033367 -18.51851888809423
-48.32583580184313 -18.5175835954357
-48.29078171819506 -18.58805926824698
-48.20030218082236 -18.65921421178952
-48.05474877158166 -18.74848262058737
-48.07502256910111 -18.81823478287253
-48.22289148519506 -18.81640586536216
-48.35175107799138 -18.7972279861276
-48.45780563555525 -18.62084714518402
-48.5102843150905 -18.51512005539339
-48.58403238416347 -18.51408506315141
-48.78524910627453 -18.45862363908692
-49.03988621133786 -18.34961461269711
-48.98151912171603 -18.24538097300961
-48.97924662466488 -18.17505933455226
-49.03155002375791 -18.08624740139235
-49.04654676919923 -17.9804351813984
-49.08103665338904 -17.90948579087266
-49.151098657269 -17.80273123595447
-49.26170312570739 -17.81840314500839
-49.40814345139036 -17.81531916592699
-49.57108514328635 -17.75892464713859
-49.62478817608535 -17.72249253588885
-49.69498389625392 -17.63279817850631
-49.80288886153295 -17.57743160795275
-49.89126231659055 -17.4871926703477
-49.94425881268234 -17.43301696177325
-50.05019050786717 -17.32458901342249
-50.13962785730294 -17.26943863913553
-50.20954375770106 -17.17941196740198
-50.2988933136863 -17.1241699772043
-50.38632549506824 -17.0159195851288
-50.47557600352647 -16.96057749590127
-50.58106641470112 -16.85151151105051
-50.79483537403252 -16.71945354890519
-51.06448031506576 -16.62059037689292
-51.1736658582588 -16.61668616797953
-51.28285325704326 -16.61272443506192
-51.39137578872948 -16.59082262818537
-51.66367813600872 -16.56263898804926
-51.77219404146545 -16.54053013826504
-51.95147847938336 -16.46178059228479
-52.14842192584747 -16.36329093827058
-52.23684360125026 -16.28718295386742
-52.23549412370387 -16.2513142852395
-52.08770060693647 -16.20455686950519
-52.03103353748313 -16.1533455554858
-51.93738461665777 -16.08514610249885
-51.95020740097183 -15.94059946280516
-51.967727843719 -15.92188125306497
-52.05871480753554 -15.91799916806046
-52.21930044334209 -15.81998232680909
-52.28881152975714 -15.726292712178
-52.36031507312408 -15.68680059881467
-52.43045570586408 -15.61125373700231
-52.42635441732595 -15.50315501072136
-52.35147558363721 -15.45245138897036
-52.25845420867674 -15.40225471110759
-52.20121465230555 -15.33200053284222
-52.19860378440464 -15.25908551282466
-52.32482799387658 -15.21627391846394
-52.43156356877789 -15.13777603002644
-52.46671862875063 -15.09939120640999
-52.48170786920002 -15.00701699668418
-52.5149181376415 -14.91368316212059
-52.54748437288247 -14.80192620814506
-52.56311868513233 -14.72765939061154
-52.59699724747748 -14.6523737046825
-52.59504504003996 -14.59730486577241
-52.62892984902409 -14.5219046794615
-52.75340698977863 -14.4231775126864
-52.86291306230597 -14.41729100614164
-52.89942097124911 -14.41531787110763
-53.15566394823494 -14.41984476947773
-53.32062452216186 -14.42936177437199
-53.46810210008082 -14.45783468800224
-53.63506947262477 -14.50199452956004
-53.80025586890578 -14.49079234220847
-53.91170758881217 -14.52010684591795
-54.0042012798747 -14.53221806352278
-54.11636501008355 -14.57986718705829
-54.21018183821291 -14.62873712357749
-54.26722876946855 -14.68014071814991
-54.32365093642627 -14.71313287418715
-54.47394824822449 -14.79489362435536
-54.60589661652476 -14.87782086199496
-54.68078876490986 -14.90940769530888
-54.7556977825333 -14.94096726281359
-54.86762152278962 -14.96962941529549
-54.94242135511096 -14.98195526080798
-55.03520698841636 -14.9743684642448
-55.10886215804714 -14.94988605790848
-55.16459180553943 -14.94528836084986
-55.36727745740684 -14.87307112748995
-55.55365549398561 -14.85709245010265
-55.61031454157095 -14.87055990792629
-55.7810776006937 -14.9292709825406
-55.83977192405276 -14.99779187930536
-55.88042373642434 -15.08626862455213
-55.92108624469091 -15.17468482427941
-55.90496365412928 -15.24961337300388
-55.90690687629439 -15.30454761164286
-55.75989109771256 -15.39063733066225
-55.64909092544951 -15.43676704669255
-55.55787774291069 -15.49920266130803
-55.48404777597037 -15.52352814725393
-55.37677961129982 -15.64123999827051
-55.3626951052638 -15.75109269058103
-55.3284661316381 -15.82629127200063
-55.31590913419108 -15.97195691123142
-55.30112932619869 -16.06339410997265
-55.26543414401712 -16.10230366675343
-55.2529508454786 -16.24750077663194
-55.25524885863397 -16.30135850692683
-55.1660234866863 -16.39828815429971
-54.98313044921454 -16.48422873543264
-54.83835942762251 -16.58489127037822
-54.76754228983791 -16.66139828980532
-54.73438286569314 -16.75321089159564
-54.70274137981693 -16.8805934694024
-54.70692090289566 -16.96921817098702
-54.71445363204126 -17.12863237922975
-54.72031799858646 -17.25252641194979
-54.7278634925965 -17.4116951959485
-54.73289787830427 -17.51773119638845
-54.75726219419836 -17.64017590687468
-54.77996134914419 -17.72725185868196
-54.78670009398801 -17.86837696238812
-54.79344471959237 -18.00938767498424
-54.82040113121211 -18.18432090024531
-54.84871836405381 -18.37627486391396
-54.89446916950359 -18.531365824607
-54.91972912878563 -18.65264467518277
-54.9804965574904 -18.73643742873098
-55.02644064572733 -18.89142418516255
-55.07054512686386 -19.01138968583557
-55.17477911085877 -19.19758923811476
-55.23685111909349 -19.29879533380406
-55.36221201632508 -19.51862229815166
-55.42353967553448 -19.60230577177991
-55.52823055779241 -19.77061090673384
-55.59274087387869 -19.8888666130548
-55.69628114156273 -20.02213810897484
-55.7788183636099 -20.12180290786379
-55.84358250107877 -20.24015426903792
-55.92617263937823 -20.33988319532719
-56.0112426276755 -20.47447089983263
-56.05502089219056 -20.55919487589471
-56.05619726873442 -20.57662413763205
-56.16291749335925 -20.74485967771917
-56.20568395253863 -20.81215240228044
-56.29040761124224 -20.92928667128966
-56.33359011022981 -20.99656188367615
-56.37930356667159 -21.09870589984566
-56.44782831657916 -21.2344958826459
-56.47254600005304 -21.3030246919378
-56.48358395087012 -21.44253736903614
-56.48634736140217 -21.47741948156838
-56.49464528975038 -21.58207615284788
-56.52640427447486 -21.73790340621587
-56.61653291375095 -22.13583101922132
-56.58684844643452 -22.14001477682726