-52.61725134846235 -10.05092569777888
-52.6273021091045 -10.01179170712022
-52.69318211138869 -10.03382544131186
-52.83585581407401 -10.05150893947059
-52.86237130017993 -10.06286033663006
-52.91539343802214 -10.0855503455096
-52.96840330733306 -10.10822314072431
-53.02140125472078 -10.13087933258862
-53.07712813961538 -10.19185921114477
-53.1310116764241 -10.22724428419726
-53.18579429316033 -10.27537065378934
-53.23964945381326 -10.31069905534888
-53.31903962819557 -10.34450846199355
-53.38472113730692 -10.36627780152159
-53.46401037939044 -10.3998320138291
-53.54228477327371 -10.42024491533094
-53.59506896991875 -10.4423314762428
-53.64694564059964 -10.45167092280854
-53.6760511742065 -10.50089912800732
-53.73154209861936 -10.5611239040361
-53.75883281834994 -10.58486113867811
-53.83798822097443 -10.61788556925025
-53.91623432357111 -10.63816741476787
-53.95535557731021 -10.64829897130833
-54.06087264440836 -10.69222789288629
-54.12726370133073 -10.72600257617457
-54.16907581245131 -10.77419257606575
-54.21178421245246 -10.83504920367392
-54.20174769709099 -10.87398793704606
-54.21808143326408 -10.92385390613195
-54.26078122801631 -10.98462675991297
-54.31351449865187 -11.00647472818063
-54.39260743530881 -11.0392215389035
-54.43170353276114 -11.04925006995776
-54.57264752517132 -11.05219659728676
-54.59810994183663 -11.05042256074482
-54.72183240492182 -10.99084754532
-54.77275094359209 -10.98727220782466
-54.87550385084976 -10.99258599549759
-54.91461973621065 -11.0023346621785
-54.97922597126676 -11.01012961208322
-54.99375658635665 -11.03448155600701
-54.9718421096017 -11.08706793327178
-54.97630794742149 -11.15033500001534
-55.03085245527894 -11.19703792854741
-55.05901831477588 -11.23302552602099
-55.1655072781918 -11.2882157454928
-55.23472553009508 -11.35875525321297
-55.26022671783895 -11.35680911606814
-55.33399343207615 -11.31325297768867
-55.38500580059929 -11.30933682736361
-55.42693689974193 -11.35666875879201
-55.47163216445458 -11.44168390146442
-55.50174339064245 -11.50253092172834
-55.53094149106862 -11.55080578014882
-55.59659878428509 -11.57100519022491
-55.63950060729571 -11.63083356522199
-55.66503498221917 -11.62886128454034
-55.7288753838825 -11.62392097317604
-55.81641605850152 -11.59186271229845
-55.91488442772749 -11.53364230175425
-55.97782088213078 -11.51607241302275
-56.07536941206622 -11.44519273713704
-56.13831319253823 -11.42757633799042
-56.16386444566162 -11.42555379705346
-56.2633358954661 -11.37964059453284
-56.34033688169087 -11.37307710721668
-56.37885168121284 -11.36978310262229
-56.41738258798541 -11.36647651636007
-56.56877224544477 -11.31542939171052
-56.65784760023223 -11.29503325105435
-56.65596185507548 -11.2698471867188
-56.66431102994395 -11.20549963045019
-56.69760049847347 -11.12606736671641
-56.70781248733584 -11.08689272518291
-56.75753904162166 -11.0569711304417
-56.80373658485708 -10.97624764896877
-56.83884037932422 -10.92200230974344
-56.84729375185617 -10.85731586379902
-56.88418420336406 -10.82842454798738
-56.93663487880435 -10.83650874261343
-56.96508109424488 -10.8723341448689
-56.97039656104099 -10.94859024441568
-56.97571148641032 -11.02480095449765
-56.95435360118699 -11.09057146303796
-56.91833929608327 -11.13207088640223
-56.85745105068268 -11.18850068522874
-56.82146309923159 -11.22993244491753
-56.82704158835576 -11.30564452425082
-56.83461442169281 -11.40640607694776
-56.83840189604257 -11.45677085786574
-56.8927724332628 -11.49006260232689
-56.94526598693841 -11.49816905749241
-57.02261385648399 -11.49142410104929
-57.09809059276103 -11.45945917139879
-57.14778823447522 -11.42972705300261
-57.19558811923943 -11.37476122179482
-57.24339441105182 -11.31975819002412
-57.34477219218541 -11.28535401958542
-57.448119759671 -11.27613227257433
-57.55248855559406 -11.27949262846406
-57.60614012451625 -11.30009759711963
-57.73690500920902 -11.30073571194758
-57.80198183655192 -11.29461207902688
-57.86611858836768 -11.27583755611359
-57.99369269470326 -11.22542915195003
-58.0747060477855 -11.2560547875276
-58.15596075299571 -11.28653462323535
-58.22224604469125 -11.29295525941419
-58.27549790985043 -11.30061434671782
-58.36702174347484 -11.29185177389349
-58.44651218312274 -11.29697471823626
-58.52605438844627 -11.30207963254421
-58.59353661000953 -11.32109887071352
-58.62272300786401 -11.35657267218136
-58.66503100435111 -11.39078324591474
-58.74472359688323 -11.39586238631174
-58.78508782625666 -11.40473078250857
-58.87899143877037 -11.42118670803997
-58.96083759163766 -11.45156874431992
-59.02758383632177 -11.45786324729457
-59.08239522534604 -11.47800753705
-59.16210825850745 -11.46991493575172
-59.20504482313765 -11.50390927146212
-59.23368245662996 -11.52657530399796
-59.29099192370566 -11.57191416892525
-59.39655563820669 -11.54838630354984
-59.48690494010685 -11.50071965947421
-59.52492351344156 -11.47118469143826
-59.57836029528263 -11.46567921298012
-59.64826998106459 -11.49693438785193
-59.68116597531403 -11.57048236818662
-59.72336727660519 -11.59179096453781
-59.82123685920264 -11.63303713720377
-59.87589258575791 -11.64024779497249
-59.88930492040274 -11.63886764034439
-59.99770256588324 -11.64053138207146
-60.01216578855303 -11.65187957628176
-60.10726960808177 -11.65489784498894
-60.19005324146355 -11.67202897052303
-60.24494118930766 -11.6791950558593
-60.30090228144538 -11.69910599260031
-60.35898640398899 -11.7445219451991
-60.45446728587857 -11.74747910757071
-60.55017717650098 -11.73719419307545
-60.64410190613466 -11.70123849070265
-60.65783445532655 -11.69974455141792
-60.778348501281 -11.6478920682431
-60.79103829895512 -11.63359420822409
-60.86936533156292 -11.57331914424773
-60.93828136972572 -11.56570123320067
-61.03165093610995 -11.51654013462616
-61.1262212148877 -11.48009858673017
-61.19431274317464 -11.45951592286944
-61.27632684315558 -11.43733520390194
-61.33178013770271 -11.43108619075493
-61.38510324693585 -11.39910763379843
-61.48123595075606 -11.37521981422188
-61.59251352978328 -11.36255598120732
-61.67608883854174 -11.35301609349034
-61.7039697526487 -11.34982806996004
-61.81676725811785 -11.34991402954678
-61.90214394339452 -11.35303609800348
-61.94463080107616 -11.34802101560153
-62.01550854356 -11.33964055463635
-62.12909483815867 -11.3261742146939
-62.21328024456178 -11.30309616961318
-62.34035526833697 -11.27484031893992
-62.39743373771908 -11.26800133083292
-62.48315358268766 -11.2577085861544
-62.51175390602316 -11.25426886351115
-62.58564099177663 -11.2715967910131
-62.67280038576163 -11.27421823420893
-62.7038274762676 -11.29672905134969
-62.68445891342838 -11.40401582913263
-62.67360948550716 -11.44465255727817
-62.58759193584355 -11.45487154912589
-62.51716517279078 -11.47631233301958
-62.43137099349407 -11.48644768376351
-62.36112443970108 -11.50780080434843
-62.27670564214964 -11.53077990909932
-62.17932246490229 -11.56827648825972
-62.13779795873988 -11.58615967560794
-62.03949126553411 -11.6106101921922
-61.98273778792369 -11.61718101798892
-61.88582525602028 -11.65439611990025
-61.82971422677376 -11.66074145289722
-61.72122005755697 -11.71190411874263
-61.69328314933837 -11.71502668008683
-61.59782362582914 -11.75162931055838
-61.51641949500578 -11.78660072075663
-61.45013422119397 -11.83280114041303
-61.35610388905488 -11.8819748334696
-61.28996063286829 -11.92801355477153
-61.25273110849504 -11.98378060087374
-61.25714596973726 -12.0350060126117
-61.31601071333945 -12.06743575309133
-61.38773181102168 -12.08556400044818
-61.51636778641631 -12.11049876166044
-61.68492993039341 -12.10520149433918
-61.75706354747842 -12.12330241058313
-61.85728811838098 -12.13835778967487
-61.93021705773904 -12.15629536978702
-62.00229641618946 -12.16131779038374
-62.046045907807 -12.1694732241053
-62.10404995322944 -12.1760535442586
-62.23448750315309 -12.18761585159744
-62.35213142781907 -12.21362334075239
-62.46897478153732 -12.22669112013327
-62.49881142444522 -12.23641022674372
-62.55971369318717 -12.26877073726541
-62.60514059933342 -12.28982109849699
-62.5524390520337 -12.34784895223852
-62.46640390949958 -12.35733745266786
-62.41029037731928 -12.3765355524647
-62.36736016861894 -12.38124561820083
-62.29588101902349 -12.38907226854699
-62.18518853091663 -12.44014162641656
-62.1293363660814 -12.45918727668006
-62.03086948469294 -12.48279935235216
-61.96100513286266 -12.50327731570901
-61.93262665957149 -12.50631991946169
-61.84787003467736 -12.51535650056359
-61.77784267247697 -12.52274678569334
-61.7078882294979 -12.53011092752132
-61.63800456264794 -12.53744877547018
-61.52633917138863 -12.54913625149789
-61.47168843136362 -12.56775110169972
-61.37531827779363 -12.59067041464443
-61.25019296619005 -12.60361216097514
-61.22241840702364 -12.60647681731382
-61.11143845354127 -12.61789343624575
-61.05491926654455 -12.61082298483889
-61.02503349408773 -12.58815611824262
-60.95257596028069 -12.55700689809343
-60.88238893277681 -12.55135251686278
-60.77634590289173 -12.61356840150964
-60.73498982024564 -12.61777158677435
-60.68320728285917 -12.6615005061988
-60.64696145142138 -12.71635891760355
-60.61072312555031 -12.77117846862143
-60.56073077387596 -12.82732454909993
-60.5257211339651 -12.8947248694151
-60.47822521803413 -12.97607708229093
-60.45712901616631 -13.042004169272
-60.43617323047485 -13.10788267372025
-60.37344999291295 -13.16493406189834
-60.35006332336184 -13.2054477851399
-60.3290968766001 -13.27124276837545
-60.27869207978487 -13.31425403422326
-60.25651275132407 -13.36735063805946
-60.20973782736481 -13.44820902225993
-60.16055617620405 -13.50373829060608
-60.13837235604983 -13.55674818888953
-60.1161842694388 -13.60973785676574
-60.09399607472092 -13.66270679934994
-60.07180544826404 -13.71565541237174
-60.05080907052827 -13.78120493571513
-60.00163328087583 -13.83652722584239
-59.94375265028307 -13.94344833600186
-59.89815979963065 -14.03647181537207
-59.90189221716237 -14.07429109091037
-59.8804680672826 -14.12708094894284
-59.87525774355085 -14.20391324014705
-59.82026191538921 -14.32324949987073
-59.78943686633016 -14.41501281655634
-59.75311620271702 -14.45630111400763
-59.68046588255361 -14.53882394599674
-59.60509205697155 -14.59605199960807
-59.51870997834416 -14.6795147743298
-59.50788605770306 -14.70583506458967
-59.44446874524415 -14.74916807781975
-59.3810706861204 -14.79245383543912
-59.26516677246198 -14.85261822414558
-59.22742150290112 -14.88103683943661
-59.19098541872178 -14.92202743997198
-59.15324878108721 -14.95040850065487
-59.08993589340045 -14.99347525810412
-59.04035026326754 -15.03550317736966
-58.95130969161891 -15.0808190296384
-58.83576940450755 -15.12821438333668
-58.75751105826572 -15.14718669979911
-58.74426180086308 -15.14824990443261
-58.58536485929606 -15.16093921733821
-58.50597937146873 -15.16723673415788
-58.40851821400326 -15.1243140956166
-58.38209076775129 -15.12639823588555
-58.3219471197033 -15.05524310734086
-58.29069055339614 -15.00712759954125
-58.24747954358399 -14.97261059644745
-58.21627597638348 -14.92451658543711
-58.18256455949268 -14.8513298796434
-58.15009420744534 -14.7907081427961
-58.13082920292449 -14.72906699699703
-58.11401064547324 -14.69250903920302
-58.05529769968274 -14.63403225976723
-57.98591726329822 -14.60166569960763
-57.92019666919083 -14.60685648917295
-57.8807808125736 -14.60996065563892
-57.76023609720883 -14.59420459973805
-57.74711416469256 -14.5952311617271
-57.65413980563361 -14.58989158911204
-57.54771117181942 -14.5731637906527
-57.48151782387095 -14.5658138094902
-57.37520509957427 -14.54902185483746
-57.28309453987917 -14.54366671445547
-57.22773222975885 -14.51025551313241
-57.13346375980294 -14.47987870465137
-57.09340717250068 -14.47042104058496
-56.98627749042592 -14.44101661989681
-56.86958783523708 -14.45001424564275
-56.80478344322291 -14.45498636508077
-56.73781327422398 -14.43498794886375
-56.65901901385825 -14.42843638569019
-56.56729198771561 -14.42283660983943
-56.53818668139395 -14.38739012622873
-56.48427859355172 -14.36636592625525
-56.42616555347139 -14.29549573242209
-56.39713377734438 -14.26006878025666
-56.34122324433276 -14.21413905518899
-56.28536034189755 -14.16821758547041
-56.21671224861468 -14.12327750997024
-56.18788973334782 -14.08788186422336
-56.09584190262476 -14.0697705749628
-56.06912584776188 -14.05925803431121
-55.95342510904906 -14.06790862403836
-55.86445865019434 -14.08703875396967
-55.80020047909815 -14.0917946063777
-55.69740481822265 -14.09936723883524
-55.60845587917111 -14.11839462089594
-55.55903069046088 -14.14702047741542
-55.5461832839018 -14.14795549234632
-55.48487586726058 -14.18993521949716
-55.42258110916004 -14.21945586157739
-55.34453225800017 -14.21256712946268
-55.29315359226893 -14.21625241916485
-55.18945661165515 -14.2111531858934
-55.14712503361688 -14.16415648214059
-55.06537849759707 -14.10746030907388
-55.03877489824211 -14.09684667409363
-54.93334872461689 -14.06680127597403
-54.89302775844802 -14.04465289633077
-54.81613429402809 -14.05004964119648
-54.78959798376275 -14.03941890194067
-54.71274640943012 -14.04478859766439
-54.64960993635783 -14.06167271815682
-54.57365453042049 -14.07942970428946
-54.5095850495327 -14.08385186060213
-54.45832468648514 -14.08737719990211
-54.35579186277569 -14.09439619465246
-54.26516712328451 -14.08806954223006
-54.22671016904805 -14.09067645687616
-54.18647055839165 -14.06840983584183
-54.11881213467295 -14.02299765069634
-54.08783413729865 -13.95011303532602
-54.05953698163928 -13.91452313536054
-54.02769411792828 -13.82917306840831
-53.99764162854018 -13.76868471027464
-53.91726104808441 -13.72403491890175
-53.86603424647728 -13.72743277020864
-53.76357171143277 -13.73419651329405
-53.69952903844068 -13.73840273831409
-53.52019056137189 -13.75009350908223
-53.43136429121467 -13.76833170117969
-53.39285730131702 -13.77079100317864
-53.29100111202645 -13.78976960694839
-53.22763589850507 -13.80628140539275
-53.1633887048654 -13.81032938224401
-53.08625361178657 -13.81516404853303
-52.99622918810708 -13.82077531189528
-52.89413979946614 -13.83960853398948
-52.73965206576746 -13.84909966924874
-52.55845953666821 -13.84759088159588
-52.46740615757891 -13.8405513704927
-52.31020329752266 -13.81236206175035
-52.27068937358785 -13.80217801776502
-52.21745844469339 -13.78026854968426
-52.16422517027574 -13.75834286294232
-52.03032602146275 -13.69097326691495
-52.01574724671192 -13.66674330999538
-51.94850285939579 -13.63296307827046
-51.91934966363469 -13.58446604117346
-51.89100250598771 -13.54844577139516
-51.83591483803282 -13.50136391384996
-51.79379806457456 -13.45353118269563
-51.76386026068948 -13.39245754084234
-51.71936331919688 -13.30706098934736
-51.68944115378492 -13.24593655816593
-51.67170516282575 -13.17158038919848
-51.628034215312 -13.09859830050363
-51.59890110945101 -13.04991580090325
-51.59570981385279 -12.99983764937015
-51.57715118261989 -12.91287157334791
-51.54801275182017 -12.86413446988149
-51.53026460834744 -12.78965178970117
-51.49875442791512 -12.70328952514715
-51.48085705228157 -12.62868583731813
-51.47999131153494 -12.61611711480561
-51.47393492926921 -12.52811124524267
-51.48344257195648 -12.47714306566796
-51.49381325369428 -12.4387462901533
-51.48602695266836 -12.32548627422193
-51.49726085741357 -12.29965581766614
-51.51972335207406 -12.24798967911219
-51.53008661294089 -12.20956071699156
-51.56462426124138 -12.14463434242455
-51.57410980301972 -12.09359220383693
-51.62070249628881 -12.01539598627896
-51.66813791179858 -11.94979420640839
-51.66640310378754 -11.92458295185813
-51.70001088881134 -11.84700488866865
-51.73620766393979 -11.80724824726055
-51.79563724607813 -11.72837116918525
-51.81713970452768 -11.6640216226483
-51.84981577471946 -11.57378627031328
-51.8730391848882 -11.53465430680463
-51.93237530453331 -11.45574876722595
-51.96761067343696 -11.40335366183169
-52.01224879301095 -11.29981836499902
-52.0720876833639 -11.23319349175621
-52.11969183983182 -11.17956897789499
-52.13066913526399 -11.15345919630646
-52.16544608156633 -11.10051327524651
-52.17180868332855 -11.01082993613606
-52.16904025618701 -10.97267894908675
-52.12594912604012 -10.91118863188207
-52.09660000317612 -10.86168171368061
-52.08100014410164 -10.82418153352481
-52.03696386788195 -10.74984116327265
-51.99644302865227 -10.72620296884211
-51.94111518347739 -10.67759071939098
-51.88482887002693 -10.61615664019968
-51.87005430589673 -10.59120609600294
-51.85154891864031 -10.51511675246739
-51.87457996825675 -10.47556837676017
-51.94924077892988 -10.43363843072707
-52.06332790418655 -10.40245368976764
-52.16228126140834 -10.34574824248352
-52.24930557150542 -10.30249467683028
-52.33630825332123 -10.25921696461414
-52.36103062794147 -10.24502008997369
-52.45897021268983 -10.1753938127038
-52.50838679498048 -10.14695368515228
-52.57152922570635 -10.13059017852593
-52.61725134846235 -10.05092569777888