 -49.9960  -3.4770
 -49.9350  -3.5110
 -49.8550  -3.5100
 -49.8550  -3.5100
 -49.7690  -3.4210
 -49.7360  -3.2900
 -49.7040  -3.1360
 -49.6590  -3.1670
 -49.6450  -3.2660
 -49.6350  -3.4190
 -49.6220  -3.4990
 -49.5790  -3.5780
 -49.4930  -3.6050
 -49.4220  -3.5900
 -49.3380  -3.5720
 -49.2580  -3.5840
 -49.2200  -3.6050
 -49.2030  -3.6700
 -49.1960  -3.7440
 -49.2070  -3.8290
 -49.2340  -3.9260
 -49.2540  -4.0180
 -49.2620  -4.0980
 -49.2380  -4.1810
 -49.1670  -4.2800
 -49.1130  -4.3600
 -49.0900  -4.4260
 -49.0830  -4.5330
 -49.0860  -4.6220
 -49.0820  -4.7130
 -49.0630  -4.7820
 -49.0620  -4.8200
 -49.0600  -4.9090
 -49.0310  -4.9920
 -48.9940  -5.0600
 -48.9200  -5.1090
 -48.8690  -5.1350
 -48.8420  -5.1910
 -48.8020  -5.2180
 -48.7760  -5.3000
 -48.7670  -5.3440
 -48.7460  -5.4000
 -48.7330  -5.4410
 -48.6570  -5.4320
 -48.5900  -5.4240
 -48.5370  -5.4230
 -48.4680  -5.4260
 -48.4530  -5.5230
 -48.4430  -5.6420
 -48.4420  -5.7680
 -48.4290  -5.8920
 -48.4040  -5.9980
 -48.4130  -6.1750
 -48.4160  -6.3140
 -48.4230  -6.4700
 -48.4280  -6.5920
 -48.4290  -6.7110
 -48.4160  -6.8080
 -48.4090  -6.8990
 -48.4110  -6.9840
 -48.4400  -7.0690
 -48.4710  -7.1410
 -48.4940  -7.2120
 -48.4900  -7.2760
 -48.4770  -7.3320
 -48.4780  -7.3900
 -48.5100  -7.4950
 -48.5350  -7.5760
 -48.5750  -7.5920
 -48.6150  -7.5180
 -48.6360  -7.4330
 -48.6710  -7.4230
 -48.6830  -7.5080
 -48.6760  -7.5760
 -48.6690  -7.6420
 -48.6610  -7.7120
 -48.6490  -7.7530
 -48.6670  -7.8080
 -48.6580  -7.8830
 -48.6470  -7.9730
 -48.6550  -8.0500
 -48.6240  -8.1100
 -48.5770  -8.1590
 -48.5560  -8.1940
 -48.5840  -8.2540
 -48.5740  -8.3090
 -48.5790  -8.3630
 -48.5410  -8.4160
 -48.5680  -8.4570
 -48.5700  -8.5090
 -48.5620  -8.5510
 -48.5980  -8.6420
 -48.6280  -8.7180
 -48.6390  -8.8140
 -48.6430  -8.9150
 -48.6550  -9.0050
 -48.6750  -9.1050
 -48.7250  -9.1430
 -48.7740  -9.0950
 -48.7970  -8.9730
 -48.7950  -8.8660
 -48.8170  -8.7880
 -48.8560  -8.7760
 -48.8920  -8.8020
 -48.9230  -8.9120
 -48.9500  -9.0140
 -48.9680  -9.1300
 -48.9610  -9.1770
 -48.9230  -9.1840
 -48.8980  -9.2140
 -48.8960  -9.2800
 -48.8900  -9.4140
 -48.8700  -9.4830
 -48.8380  -9.5880
 -48.8100  -9.6690
 -48.7750  -9.7460
 -48.7650  -9.8570
 -48.7500  -9.9220
 -48.7330 -10.0040
 -48.6810 -10.0880
 -48.7110 -10.1460
 -48.6630 -10.2240
 -48.6220 -10.3140
 -48.5800 -10.3550
 -48.5860 -10.3930
 -48.6190 -10.4350
 -48.6160 -10.5100
 -48.5690 -10.5470
 -48.5310 -10.5670
 -48.5130 -10.5920
 -48.5320 -10.6410
 -48.5220 -10.6600
 -48.4710 -10.6540
 -48.4070 -10.6360
 -48.3820 -10.6740
 -48.3390 -10.6810
 -48.2910 -10.6110
 -48.2590 -10.5810
 -48.2590 -10.4470
 -48.2810 -10.3380
 -48.2920 -10.2450
 -48.3100 -10.1280
 -48.2900 -10.0960
 -48.2650 -10.1000
 -48.2400 -10.1460
 -48.2130 -10.2130
 -48.1820 -10.2860
 -48.1780 -10.3580
 -48.1800 -10.4440
 -48.1720 -10.5230
 -48.1390 -10.5930
 -48.1260 -10.6950
 -48.1270 -10.7970
 -48.1190 -10.8720
 -48.0570 -10.9570
 -48.0050 -11.0230
 -47.9680 -11.1220
 -47.9310 -11.2230
 -47.8710 -11.2690
 -47.8090 -11.2930
 -47.7680 -11.2730
 -47.7270 -11.2750
 -47.6880 -11.2870
 -47.6290 -11.2530
 -47.6260 -11.2020
 -47.6410 -11.0920
 -47.6650 -11.0210
 -47.6680 -10.9900
 -47.6380 -10.9800
 -47.5950 -11.0090
 -47.5100 -11.0360
 -47.4140 -11.0480
 -47.3430 -11.0770
 -47.2720 -11.1060
 -47.2010 -11.1690
 -47.1610 -11.2050
 -47.1290 -11.2400
 -47.1380 -11.2910
 -47.1120 -11.3880
 -47.0470 -11.4160
 -46.9450 -11.4160
 -46.8820 -11.4020
 -46.7910 -11.3760
 -46.6900 -11.3480
 -46.6010 -11.3200
 -46.4340 -11.3110
 -46.2420 -11.2940
 -46.0870 -11.2870
 -45.8530 -11.2510
 -45.6450 -11.2180
 -45.4650 -11.1620
 -45.3850 -11.1060
 -45.3100 -11.0280
 -45.2580 -10.9100
 -45.2270 -10.8350
 -45.1760 -10.6990
 -45.1380 -10.6260
 -45.0740 -10.5090
 -45.0090 -10.4200
 -44.9100 -10.3420
 -44.8440 -10.2790
 -44.7840 -10.2140
 -44.6830 -10.1960
 -44.5500 -10.1760
 -44.4370 -10.1320
 -44.3570 -10.0850
 -44.3530 -10.0850
 -44.2700  -9.9920
 -44.1740  -9.9180
 -44.0540  -9.8340
 -43.9410  -9.7700
 -43.8200  -9.7020
 -43.7070  -9.6640
 -43.5810  -9.6050
 -43.5060  -9.5530
 -43.4330  -9.5050
 -43.4070  -9.4490
 -43.3940  -9.3870
 -43.3820  -9.3410
 -43.3390  -9.2670
 -43.2340  -9.1930
 -43.1580  -9.1570
 -43.1020  -9.1190
 -43.0470  -9.0770
 -43.0070  -9.0280
 -42.9710  -8.9610
 -42.9210  -8.9280
 -42.8550  -8.9090
 -42.8130  -8.8350
 -42.7880  -8.7790
 -42.6790  -8.7630
 -42.6120  -8.7560
 -42.5250  -8.7100
 -42.4390  -8.6540
 -42.3840  -8.6020
 -42.3550  -8.5430
 -42.2160  -8.4970
 -42.1350  -8.4740
 -42.0460  -8.4430
 -41.9460  -8.4000
 -41.8700  -8.3470
 -41.7730  -8.2290
 -41.7180  -8.1590
 -41.6320  -8.0990
 -41.5310  -8.0300
 -41.4170  -7.9750
 -41.3270  -7.9060
 -41.2380  -7.7540
 -41.1570  -7.6710
 -41.1050  -7.6080
 -41.0600  -7.5280
 -41.0210  -7.4740
 -41.0000  -7.4110
 -40.9690  -7.3460
 -40.9450  -7.2950
 -40.9360  -7.2480
 -40.9110  -7.1880
 -40.8780  -7.1150
 -40.8630  -7.0450
 -40.8670  -6.9880
 -40.8660  -6.9300
 -40.8520  -6.8310
 -40.8290  -6.7720
 -40.7750  -6.7470
 -40.7120  -6.7800
 -40.6760  -6.7890
 -40.6520  -6.7750
 -40.5910  -6.7510
 -40.5300  -6.6970
 -40.5300  -6.6380
 -40.5600  -6.5940
 -40.5780  -6.5420
 -40.6030  -6.5090
 -40.6590  -6.4920
 -40.6830  -6.5210
 -40.7110  -6.5450
 -40.7340  -6.5460
 -40.7770  -6.5030
 -40.7910  -6.4260
 -40.8040  -6.3470
 -40.8070  -6.2960
 -40.7690  -6.2180
 -40.7880  -6.1370
 -40.8200  -6.0620
 -40.8390  -5.9620
 -40.8730  -5.9220
 -40.8930  -5.8730
 -40.8790  -5.8100
 -40.8700  -5.7360
 -40.8740  -5.7030
 -40.9000  -5.6570
 -40.9080  -5.5790
 -40.9160  -5.4800
 -40.9070  -5.4110
 -40.8780  -5.3450
 -40.8580  -5.2750
 -40.8700  -5.2260
 -40.8810  -5.1890
 -40.9080  -5.1450
 -40.9120  -5.0990
 -40.9300  -5.0350
 -40.9190  -4.9850
 -40.8870  -4.9430
 -40.8620  -4.9010
 -40.8600  -4.8390
 -40.8480  -4.7710
 -40.8210  -4.6600
 -40.8040  -4.5530
 -40.7770  -4.4790
 -40.7480  -4.3700
 -40.7110  -4.3000
 -40.6650  -4.2330
 -40.7040  -4.1400
 -40.7390  -4.0710
 -40.7760  -4.0080
 -40.8100  -3.9190
 -40.8190  -3.8390
 -40.8560  -3.7730
 -40.8800  -3.7460
 -40.9110  -3.6470
 -40.9400  -3.6110
 -41.0080  -3.5810
 -41.0570  -3.5610
 -41.0910  -3.4960
 -41.1290  -3.4380
 -41.1980  -3.3780
 -41.2290  -3.3460
 -41.2660  -3.3360
 -41.3280  -3.3430
 -41.3470  -3.2980
 -41.3730  -3.2590
 -41.4330  -3.2550
 -41.4880  -3.2570
 -41.5390  -3.2520
 -41.5740  -3.2480
 -41.6280  -3.2040
 -41.7190  -3.1810
 -41.7960  -3.1490
 -41.8610  -3.0990
 -41.9030  -3.0520
 -41.8340  -2.9810
 -41.7830  -2.9230
