 -56.7170 -22.2540
 -56.6240 -22.2160
 -56.5910 -22.1790
 -56.5750 -22.0970
 -56.5520 -22.0060
 -56.5400 -21.8930
 -56.5220 -21.8270
 -56.5360 -21.7950
 -56.5800 -21.7720
 -56.6010 -21.7350
 -56.5820 -21.6600
 -56.4950 -21.5150
 -56.4330 -21.4230
 -56.3730 -21.3590
 -56.2930 -21.3030
 -56.2070 -21.1850
 -56.1600 -21.0930
 -56.1170 -21.0640
 -56.0400 -20.9850
 -56.0030 -20.8750
 -55.9600 -20.8130
 -55.8960 -20.6990
 -55.8510 -20.6030
 -55.8110 -20.5000
 -55.7580 -20.3790
 -55.6980 -20.3080
 -55.5950 -20.2450
 -55.5260 -20.2050
 -55.4650 -20.1050
 -55.3930 -20.0220
 -55.3210 -19.9320
 -55.3190 -19.8810
 -55.3820 -19.8760
 -55.3880 -19.8460
 -55.3880 -19.8460
 -55.3300 -19.7670
 -55.2940 -19.6860
 -55.2520 -19.6170
 -55.1830 -19.5340
 -55.1130 -19.4080
 -55.0660 -19.3080
 -55.0360 -19.2280
 -55.0310 -19.1700
 -55.0410 -19.0560
 -55.0400 -18.9540
 -55.0380 -18.8880
 -55.0310 -18.8180
 -55.0000 -18.7460
 -54.9780 -18.7000
 -54.9830 -18.6570
 -54.9780 -18.6030
 -54.9600 -18.5270
 -54.9240 -18.4790
 -54.9030 -18.4340
 -54.8800 -18.3870
 -54.8360 -18.3790
 -54.8210 -18.3430
 -54.8390 -18.3010
 -54.8420 -18.2490
 -54.8280 -18.2080
 -54.7920 -18.1800
 -54.7650 -18.0950
 -54.7250 -18.0180
 -54.7050 -17.9510
 -54.7230 -17.8620
 -54.7560 -17.7820
 -54.7800 -17.7080
 -54.7970 -17.6040
 -54.7980 -17.5410
 -54.7530 -17.4610
 -54.7010 -17.3410
 -54.6780 -17.2670
 -54.6680 -17.1840
 -54.6670 -17.0930
 -54.6800 -17.0290
 -54.6930 -16.9270
 -54.7040 -16.8570
 -54.7210 -16.7720
 -54.7410 -16.6760
 -54.7430 -16.6200
 -54.7350 -16.5500
 -54.7550 -16.5010
 -54.8100 -16.4910
 -54.8610 -16.5180
 -54.9010 -16.5280
 -54.9310 -16.5110
 -54.9860 -16.5350
 -55.0440 -16.5610
 -55.0830 -16.5560
 -55.1030 -16.5230
 -55.1070 -16.4300
 -55.1080 -16.3760
 -55.1170 -16.3270
 -55.1550 -16.2690
 -55.1720 -16.1980
 -55.1740 -16.1110
 -55.1640 -15.9940
 -55.1530 -15.9030
 -55.1500 -15.8440
 -55.1430 -15.7690
 -55.1380 -15.7120
 -55.1450 -15.6880
 -55.1940 -15.6660
 -55.2660 -15.6240
 -55.3180 -15.5540
 -55.3500 -15.5060
 -55.4240 -15.4690
 -55.5240 -15.4450
 -55.5940 -15.4320
 -55.6700 -15.4140
 -55.7530 -15.4010
 -55.8350 -15.3380
 -55.9140 -15.2760
 -55.9450 -15.2420
 -55.9330 -15.1930
 -55.9200 -15.1320
 -55.9200 -15.0770
 -55.8850 -15.0480
 -55.8240 -15.0350
 -55.7670 -15.0390
 -55.6820 -15.0070
 -55.6000 -15.0000
 -55.5040 -14.9990
 -55.3870 -14.9840
 -55.2610 -14.9770
 -55.1630 -14.9710
 -55.0700 -14.9790
 -54.9950 -14.9630
 -54.9450 -14.9620
 -54.9080 -14.9680
 -54.8180 -14.9600
 -54.7780 -14.9150
 -54.7310 -14.8870
 -54.6740 -14.8690
 -54.6150 -14.7890
 -54.5730 -14.7210
 -54.4960 -14.6920
 -54.4160 -14.6830
 -54.3570 -14.6380
 -54.3090 -14.6000
 -54.2160 -14.5690
 -54.1380 -14.5410
 -54.0770 -14.4990
 -53.9950 -14.4640
 -53.9050 -14.4360
 -53.7820 -14.4310
 -53.7190 -14.4560
 -53.6930 -14.5010
 -53.6860 -14.5900
 -53.7150 -14.6530
 -53.7130 -14.6970
 -53.6820 -14.7060
 -53.6340 -14.6790
 -53.5600 -14.6350
 -53.5030 -14.5720
 -53.4490 -14.5270
 -53.4000 -14.5190
 -53.3530 -14.5430
 -53.2860 -14.5430
 -53.2490 -14.4980
 -53.2220 -14.4670
 -53.1930 -14.4480
 -53.1700 -14.4470
 -53.1510 -14.4770
 -53.1100 -14.5030
 -53.0440 -14.5120
 -52.9710 -14.5020
 -52.8890 -14.5150
 -52.8390 -14.5500
 -52.7750 -14.5990
 -52.7310 -14.6280
 -52.7150 -14.6730
 -52.7170 -14.7180
 -52.6840 -14.7660
 -52.6320 -14.8140
 -52.5980 -14.8430
 -52.5930 -14.8790
 -52.5310 -14.9120
 -52.4820 -14.9020
 -52.4420 -14.9030
 -52.4170 -14.9210
 -52.4160 -14.9740
 -52.4210 -15.0580
 -52.4300 -15.1000
 -52.4310 -15.1560
 -52.4220 -15.2120
 -52.4030 -15.2880
 -52.3870 -15.3320
 -52.3410 -15.3510
 -52.2840 -15.3670
 -52.2320 -15.3530
 -52.2030 -15.3700
 -52.1950 -15.4090
 -52.1960 -15.4560
 -52.2260 -15.5020
 -52.2530 -15.5450
 -52.2770 -15.6000
 -52.2920 -15.6700
 -52.2750 -15.7630
 -52.2320 -15.8330
 -52.2050 -15.9000
 -52.1590 -15.9800
 -52.1030 -16.0210
 -52.0590 -16.0380
 -52.0030 -16.0500
 -51.9860 -16.0660
 -51.9910 -16.1110
 -52.0290 -16.1710
 -52.0900 -16.2260
 -52.1140 -16.2810
 -52.0530 -16.3480
 -52.0180 -16.3920
 -51.9610 -16.4160
 -51.9130 -16.4270
 -51.8810 -16.4620
 -51.8470 -16.4910
 -51.7930 -16.4960
 -51.7570 -16.4870
 -51.6830 -16.4770
 -51.6430 -16.4610
 -51.6020 -16.4310
 -51.5250 -16.4050
 -51.4750 -16.3480
 -51.4540 -16.3220
 -51.4420 -16.2860
 -51.3840 -16.2680
 -51.3240 -16.2820
 -51.2770 -16.3150
 -51.2430 -16.4000
 -51.2240 -16.4390
 -51.1830 -16.4570
 -51.1750 -16.5070
 -51.1640 -16.5650
 -51.1370 -16.6110
 -51.1100 -16.6730
 -51.0230 -16.7400
 -50.9280 -16.7820
 -50.7820 -16.7840
 -50.7360 -16.7760
 -50.4720 -16.9460
 -50.4420 -16.9840
 -50.4080 -17.0100
 -50.3320 -17.0390
 -50.2970 -17.0940
 -50.3100 -17.1420
 -50.2570 -17.2590
 -50.2250 -17.3160
 -50.2020 -17.3860
 -50.1660 -17.4470
 -50.1210 -17.5040
 -50.0820 -17.5710
 -50.0510 -17.6410
 -50.0510 -17.6410
 -50.0280 -17.7140
 -50.0100 -17.7830
 -49.9440 -17.8280
 -49.8850 -17.7760
 -49.8060 -17.7270
 -49.7250 -17.6830
 -49.7250 -17.6830
 -49.6080 -17.7010
 -49.5680 -17.7690
 -49.5190 -17.8270
 -49.5050 -17.8840
 -49.5050 -17.8840
 -49.4750 -17.9310
 -49.3980 -17.9380
 -49.3380 -17.9420
 -49.2410 -17.9880
 -49.1720 -18.0000
 -49.1720 -18.0020
 -49.0910 -18.0370
 -48.9710 -18.1690
 -48.9400 -18.2420
 -48.9570 -18.2930
 -48.9720 -18.3490
 -48.9030 -18.4250
 -48.8090 -18.4300
 -48.7000 -18.4350
 -48.5980 -18.4750
 -48.4740 -18.5110
 -48.4240 -18.5120
 -48.4250 -18.5050
 -48.4190 -18.4590
 -48.3990 -18.4270
 -48.2900 -18.4420
 -48.2900 -18.4430
 -48.1880 -18.4500
 -48.0400 -18.4530
 -47.9900 -18.5450
 -47.8420 -18.6700
 -47.8270 -18.7190
 -47.7910 -18.7890
 -47.7460 -18.8610
 -47.6900 -18.9080
 -47.6900 -18.9080
 -47.5540 -19.0730
 -47.3010 -19.3050
 -47.2310 -19.3360
 -47.2310 -19.3360
 -47.1790 -19.5020
 -47.1740 -19.5920
 -47.1660 -19.6340
 -47.1970 -19.7390
 -47.2380 -19.7970
 -47.2500 -19.8480
 -47.2020 -19.9340
 -47.2200 -19.9700
 -47.2690 -19.9860
 -47.3340 -19.9730
 -47.3760 -19.9870
 -47.3900 -20.0350
 -47.3620 -20.0840
 -47.2760 -20.1680
 -47.2000 -20.2390
 -47.1310 -20.3120
 -47.0810 -20.3700
 -47.0810 -20.3720
 -47.0130 -20.4010
 -46.9680 -20.4450
 -46.9230 -20.4770
 -46.7940 -21.0060
 -46.7750 -21.2620
 -46.8090 -21.2950
 -46.8500 -21.3660
 -46.8760 -21.3920
 -46.8950 -21.4220
 -46.8970 -21.4540
 -46.8860 -21.5230
 -46.8700 -21.5790
 -46.8540 -21.6360
 -46.8360 -21.7000
 -46.8230 -21.7630
 -46.8000 -21.8330
 -46.7740 -21.9350
 -46.7600 -22.0040
 -46.7570 -22.0660
 -46.7480 -22.1160
 -46.7450 -22.2050
 -46.7560 -22.2390
 -46.7930 -22.3000
 -46.8500 -22.3520
 -46.8750 -22.4640
 -46.8920 -22.5400
 -46.8930 -22.5830
 -46.9040 -22.6640
 -46.9460 -22.7170
 -46.9730 -22.7640
 -46.9960 -22.8060
 -46.9790 -22.8740
 -46.9880 -22.9450
 -47.0390 -23.0360
 -47.0750 -23.1240
 -47.1000 -23.1960
 -47.1440 -23.2260
 -47.1900 -23.2470
 -47.2660 -23.2620
 -47.2720 -23.2950
 -47.2550 -23.3400
 -47.3180 -23.4160
 -47.3660 -23.4640
 -47.4110 -23.4960
 -47.4440 -23.5490
 -47.5140 -23.6110
 -47.5690 -23.6630
 -47.6180 -23.6950
 -47.6600 -23.7250
 -47.6790 -23.7630
 -47.6760 -23.8310
 -47.7230 -23.9150
 -47.7620 -23.9550
 -47.8190 -23.9640
 -47.8760 -23.9790
 -47.9670 -24.0020
 -48.0290 -24.0110
 -48.1000 -24.0270
 -48.1650 -24.0460
 -48.2530 -24.0540
 -48.3010 -24.0570
 -48.3440 -24.0730
 -48.3960 -24.1070
 -48.4860 -24.1310
 -48.5640 -24.1300
 -48.6380 -24.1240
 -48.7240 -24.1240
 -48.7870 -24.1180
 -48.8470 -24.1280
 -48.9050 -24.1320
 -48.9550 -24.1290
 -48.9890 -24.1470
 -49.0030 -24.2070
 -49.0450 -24.2190
 -49.0700 -24.2320
 -49.0790 -24.2680
 -49.1150 -24.2950
 -49.1410 -24.2910
 -49.1880 -24.2980
 -49.2210 -24.3310
 -49.2770 -24.3500
 -49.3080 -24.3450
 -49.3350 -24.3230
 -49.3750 -24.3280
 -49.4110 -24.3510
 -49.4730 -24.3640
 -49.5400 -24.3620
 -49.6040 -24.3590
 -49.6540 -24.3450
 -49.7190 -24.3520
 -49.7630 -24.3810
 -49.8390 -24.3860
 -49.8860 -24.4070
 -49.9560 -24.4520
 -50.0340 -24.5100
 -50.0960 -24.5590
 -50.1310 -24.5990
 -50.1690 -24.6300
 -50.2480 -24.6590
 -50.2880 -24.7010
 -50.3020 -24.7650
 -50.3040 -24.8130
 -50.2660 -24.8440
 -50.2300 -24.8610
 -50.1880 -24.8870
 -50.1620 -24.9440
 -50.1470 -25.0040
 -50.1110 -25.0540
 -50.0740 -25.1080
 -50.0420 -25.1600
 -50.0070 -25.2140
 -49.9710 -25.2470
 -49.9420 -25.2830
 -49.8870 -25.3190
 -49.8410 -25.3530
 -49.8150 -25.3980
 -49.7930 -25.4540
 -49.8100 -25.5130
 -49.8300 -25.5660
 -49.8470 -25.6450
 -49.8330 -25.7150
 -49.7970 -25.7560
 -49.7600 -25.7800
 -49.7500 -25.8430
 -49.7300 -25.9140
 -49.6860 -25.9650
 -49.6500 -26.0020
 -49.6060 -26.0390
 -49.5830 -26.1450
 -49.5780 -26.2190
 -49.5930 -26.3100
 -49.6030 -26.3890
 -49.6310 -26.4440
 -49.6640 -26.4740
 -49.6410 -26.5720
 -49.6130 -26.6060
 -49.5550 -26.6210
 -49.5040 -26.6520
 -49.5000 -26.7010
 -49.5320 -26.7350
 -49.5210 -26.7850
 -49.5720 -26.8070
 -49.5830 -26.8530
 -49.5890 -26.8910
 -49.5610 -26.9270
 -49.5100 -26.9260
 -49.4650 -26.9410
 -49.4730 -26.9880
 -49.5810 -27.0600
 -49.6300 -27.1090
 -49.6610 -27.1510
 -49.6940 -27.1920
 -49.7190 -27.2550
 -49.6850 -27.3010
 -49.6520 -27.3120
 -49.6310 -27.2680
 -49.5870 -27.2470
 -49.5000 -27.2070
 -49.4250 -27.2320
 -49.4210 -27.3210
 -49.4160 -27.3730
 -49.4000 -27.4380
 -49.3700 -27.4910
 -49.3110 -27.5010
 -49.2630 -27.4980
 -49.1960 -27.5070
 -49.1660 -27.5450
 -49.1760 -27.5890
 -49.2160 -27.6410
 -49.2050 -27.7180
 -49.1840 -27.7820
 -49.1560 -27.8340
 -49.1470 -27.8800
 -49.1120 -27.9220
 -49.0900 -27.9560
 -49.1070 -27.9850
 -49.1620 -28.0020
 -49.2320 -28.0450
 -49.2590 -28.0820
 -49.2720 -28.1520
 -49.2890 -28.2550
 -49.3020 -28.3330
 -49.3090 -28.3950
 -49.3160 -28.4800
 -49.3040 -28.5440
 -49.3040 -28.6470
 -49.2850 -28.7150
 -49.2880 -28.7770
 -49.2890 -28.8260
