0 -13.0 -38.5
1 -15.3 -58.0
2 -20.31 -40.33
3 -25.01 -47.94
4 -5.7 -37.7
5 -30.04 -51.3
6 -8.08 -34.87
7 -21.98 -44.88
8 -11.71 -47.77
9 -20.82 -45.72
10 -11.71 -47.77
11 -21.84 -45.39
12 -21.03 -44.75
13 -36.3 -54.8
14 -5.2 -35.46
15 -19.95 -43.48
16 -22.6 -45.2
17 -21.93 -45.25
18 -2.53 -44.3
19 -3.4 -44.35
20 -23.5 -47.5
21 -16.57 -57.82
22 -15.6 -56.1
23 -6.0 -35.5
24 -21.79 -46.58
25 -21.86 -42.67
26 -22.66 -43.69
27 -25.52 -48.51
28 -4.19 -38.7
29 -34.5 -58.0
30 -26.93 -49.06
31 -18.6 -46.55
32 -13.03 -39.6
33 -21.03 -44.75
34 -21.03 -44.75
35 -21.03 -44.75
36 -21.03 -44.75
37 -4.38 -38.97
38 -4.38 -38.97
39 -4.38 -38.97
40 -4.38 -38.97
41 -4.38 -38.97
42 -11.2 -42.3
43 -10.2 -40.4
44 -19.0 -57.64
45 -20.95 -43.8
46 -2.41 -44.42
47 -12.89 -38.69
48 -12.92 -38.67
49 -13.2 -38.89
50 -24.18 -46.79
51 -12.67 -38.63
52 -21.6 -41.5
53 -12.48 -38.66
54 -12.45 -38.62
55 -23.53 -46.62
56 -12.45 -38.62
57 -18.0 -56.0
58 -21.03 -44.75
59 -17.3 -46.85
60 -12.75 -38.68
61 -12.59 -38.62
62 -12.55 -38.7
63 -12.67 -38.68
64 -12.65 -38.62
65 -3.87 -38.92
66 -21.03 -44.75
67 -21.03 -44.75
68 -21.03 -44.75
69 -21.03 -44.75
70 -22.17 -47.04
71 -8.28 -35.96
72 -6.04 -38.46
73 -4.56 -37.76
74 -5.42 -39.36
75 -27.5 -58.9
76 -29.6 -60.0
77 -21.03 -44.75
78 -29.0 -48.0
79 -16.1 -54.5
80 -3.1 -40.84
81 -21.31 -46.71
82 -25.1 -47.7
83 -1.44 -48.48
84 -21.79 -46.58
85 -21.7 -57.9
86 -30.5 -58.0
87 -15.07 -49.97
88 3.83 -51.84
89 -5.69 -36.24
90 -21.82 -46.71
91 -5.9 -35.61
92 3.83 -51.84
93 -9.93 -36.49
94 -12.52 -57.35
95 -19.84 -36.75
96 -9.5 -67.0
97 -11.54 -57.41
98 -21.26 -48.69
99 -21.26 -48.69
100 -21.26 -48.69
101 0.4 -63.0
102 -22.93 -43.23
103 -5.69 -36.24
104 -5.69 -36.24
105 -5.69 -36.24
106 -2.36 -61.02
107 -8.28 -35.96
108 -18.06 -56.69
109 -20.51 -45.59
110 -8.28 -35.96
111 2.64 -59.62
112 -19.94 -44.72
113 2.68 -60.12
114 -20.8 -46.0
115 -8.2 -35.98
116 -23.3 -45.0
117 -22.85 -43.12
118 -8.45 -73.83
119 -21.3 -60.6
120 -6.09 -38.44
121 -6.04 -38.46
122 -6.09 -38.44
123 -6.11 -38.44
124 -6.09 -38.44
125 -6.09 -38.44
126 -6.09 -38.44
127 -6.09 -38.44
128 -6.09 -38.44
129 -6.92 -39.58
130 -6.04 -38.46
131 -8.9 -72.89
132 -26.87 -60.88
133 -16.45 -54.64
134 -23.1 -60.6
135 -1.32 -48.48
136 -7.96 -36.21
137 -7.96 -36.21
138 -8.29 -73.38
139 -13.5 -49.1
140 -6.93 -35.53
141 -13.5 -49.1
142 -20.28 -44.75
143 -25.1 -48.9
144 -25.25 -48.8
145 -17.0 -53.8
146 -25.1 -48.9
147 -13.5 -49.1
148 -8.04 -34.9
149 -20.28 -44.75
150 -20.28 -44.75
151 -16.0 -51.0
152 -9.93 -36.49
153 -6.21 -38.5
154 -16.47 -41.7
155 -21.72 -40.53
156 -5.28 -35.82
157 -5.28 -35.82
158 -5.28 -35.82
159 -5.28 -35.82
160 -5.28 -35.82
161 -5.28 -35.82
162 -5.28 -35.82
163 -5.28 -35.82
164 -13.41 -49.05
165 -5.28 -35.82
166 -5.28 -35.82
167 -5.28 -35.82
168 -5.28 -35.82
169 -5.28 -35.82
170 -29.5 -42.54
171 -20.04 -48.47
172 -20.04 -48.47
173 -20.04 -48.47
174 -20.04 -48.47
175 -20.04 -48.47
176 -29.45 -51.5
177 -16.42 -41.64
178 5.58 -60.6
179 -7.99 -36.06
180 -7.99 -36.06
181 -7.99 -36.06
182 -7.99 -36.06
183 -7.99 -36.06
184 -3.67 -39.24
185 5.99 -61.48
186 -23.4 -42.4
187 1.5 -70.3
188 -24.94 -44.16
189 -15.35 -50.46
190 -24.52 -50.42
191 0.34 -59.23
192 -22.73 -50.98
193 -14.88 -39.63
194 -14.88 -39.63
195 -20.28 -44.75
196 -14.76 -39.57
197 -5.7 -35.5
198 -22.84 -51.01
199 -22.84 -51.01
200 -22.84 -51.01
201 -22.84 -51.01
202 -15.25 -40.25
203 -4.83 -38.8
204 -4.83 -38.8
205 -14.84 -39.6
206 -16.7 -44.37
207 -14.84 -39.6
208 -2.0 -59.8
209 -21.2 -44.8
210 -21.2 -44.8
211 -24.12 -44.31
212 -5.71 -35.75
213 -4.83 -38.8
214 -23.3 -42.6
215 -0.08 -49.97
216 -20.73 -47.77
217 -23.42 -45.6
218 -23.42 -45.6
219 -23.42 -45.6
220 -15.8 -43.5
221 -6.28 -36.03
222 -20.73 -47.77
223 -20.73 -47.77
224 -24.96 -48.5
225 -10.89 -61.94
226 -16.1 -51.27
227 -20.28 -44.75
228 -24.0 -58.7
229 -21.02 -56.36
230 -21.0 -45.0
231 -23.3 -45.9
232 -22.84 -51.01
233 -9.73 -37.46
234 -24.69 -45.73
235 -24.0 -57.5
236 -25.2 -45.6
237 -15.26 -49.95
238 -23.42 -45.6
239 -20.0 -55.8
240 -6.17 -71.16
241 -26.5 -40.0
242 -26.99 -48.62
243 -20.07 -47.33
244 -20.48 -45.08
245 -3.3 -60.0
246 -0.4 -49.8
247 -14.41 -49.39
248 -5.8 -50.3
249 -8.07 -50.24
250 -5.2 -38.3
251 -4.3 -38.4
252 -4.3 -38.4
253 -26.25 -58.25
254 -4.3 -38.4
255 -3.1 -43.3
256 -16.6 -56.2
257 -20.45 -45.54
258 -4.3 -38.4
259 -4.3 -38.4
260 -5.0 -47.5
261 -11.8 -47.6
262 -4.3 -38.4
263 -4.3 -38.4
264 -20.71 -46.7
265 -4.5 -70.4
266 -11.01 -57.64
267 -20.58 -48.34
268 -10.74 -62.2
269 -4.8 -38.6
270 -4.3 -38.4
271 -22.6 -39.5
272 -26.9 -47.9
273 -20.8 -47.8
274 -4.3 -38.4
275 -3.73 -39.79
276 -21.45 -46.09
277 -4.3 -38.4
278 -1.6 -53.0
279 -16.86 -54.55
280 -8.61 -38.45
281 -8.61 -38.45
282 -8.59 -38.5
283 -15.6 -41.2
284 -4.0 -34.0
285 -16.5 -59.1
286 -23.4 -42.1
287 -23.4 -42.1
288 -23.6 -41.63
289 -4.3 -38.4
290 -9.31 -38.23
291 -24.8 -58.1
292 -22.2 -55.0
293 -21.64 -46.65
294 -12.7 -48.2
295 -14.26 -45.72
296 -19.6 -47.1
297 -4.3 -38.4
298 -16.51 -41.46
299 -25.84 -45.42
300 -18.8 -44.8
301 -4.5 -40.2
302 -12.3 -45.5
303 -20.76 -45.8
304 -15.2 -51.8
305 -24.3 -47.8
306 -9.1 -37.1
307 -26.28 -60.18
308 -10.7 -62.2
309 -16.47 -41.7
310 -16.47 -41.7
311 -16.47 -41.7
312 -6.1 -36.4
313 -6.1 -36.4
314 -5.1 -38.7
315 -8.67 -35.58
316 -8.67 -35.58
317 -8.6 -36.2
318 -8.6 -36.2
319 -14.32 -44.63
320 -8.6 -36.2
321 -8.6 -36.2
322 -8.5 -42.8
323 -8.6 -36.2
324 -12.8 -46.4
325 -12.9 -39.3
326 -18.7 -49.2
327 -3.58 -62.14
328 -3.59 -62.17
329 -3.59 -62.17
330 -21.45 -46.09
331 -14.9 -50.8
332 -18.5 -50.1
333 -4.32 -38.41
334 -4.7 -39.8
335 -11.4 -63.7
336 -5.1 -38.7
337 -5.0 -38.7
338 -5.0 -38.7
339 4.2 -52.0
340 -23.19 -49.38
341 -3.17 -50.57
342 -17.2 -45.0
343 -8.33 -35.8
344 -5.6 -35.8
345 -5.6 -35.8
346 -19.9 -47.9
347 -5.6 -35.8
348 -5.6 -35.8
349 -5.6 -35.8
350 -1.1 -50.32
351 -17.4 -46.4
352 -17.4 -46.4
353 -15.53 -45.57
354 -15.53 -45.57
355 -15.53 -45.57
356 -23.33 -45.58
357 -1.16 -50.49
358 -23.47 -40.7
359 -16.5 -52.8
360 -24.44 -58.19
361 -16.5 -52.5
362 -20.8 -46.76
363 -24.3 -44.5
364 -21.23 -46.29
365 -6.0 -36.2
366 -4.2 -50.6
367 -24.92 -43.35
368 -8.3 -36.2
369 -29.1 -51.1
370 -14.43 -49.93
371 -23.35 -45.66
372 -20.2 -47.35
373 -19.7 -43.9
374 -21.28 -54.53
375 -10.7 -62.1
376 -20.98 -43.91
377 -16.47 -41.7
378 -8.18 -35.89
379 -8.18 -35.92
380 -6.9 -50.7
381 -16.62 -44.13
382 -12.93 -48.84
383 -4.1 -50.9
384 -23.94 -60.55
385 -17.3 -44.4
386 -13.09 -48.03
387 -13.08 -48.06
388 -13.08 -48.06
389 -23.17 -46.06
390 -3.85 -50.48
391 -15.08 -50.32
392 -3.5 -31.0
393 -19.93 -43.86
394 -8.91 -36.37
395 -20.1 -46.8
396 -12.91 -48.42
397 -12.91 -48.42
398 -8.4 -35.88
399 -22.4 -44.5
400 -13.1 -49.9
401 -13.9 -40.4
402 -6.86 -38.59
403 -24.42 -60.54
404 -6.86 -38.59
405 -21.77 -43.35
406 -22.43 -50.58
407 -21.77 -43.35
408 -22.43 -50.58
409 -19.85 -42.28
410 -5.53 -35.75
411 -5.53 -35.75
412 -5.53 -35.75
413 -4.5 -65.9
414 -5.53 -35.75
415 -5.53 -35.75
416 -5.53 -35.75
417 -5.53 -35.75
418 -5.52 -35.73
419 -5.53 -35.75
420 -5.53 -35.75
421 -5.53 -35.75
422 -5.53 -35.75
423 -5.53 -35.75
424 -5.5 -35.74
425 -5.53 -35.75
426 -5.53 -35.75
427 -5.53 -35.75
428 -5.53 -35.75
429 -5.51 -35.76
430 -5.53 -35.75
431 -5.53 -35.75
432 -5.53 -35.75
433 -5.53 -35.75
434 -5.53 -35.75
435 -5.53 -35.75
436 -23.45 -45.29
437 -11.56 -56.58
438 -13.5 -48.75
439 -5.54 -35.76
440 -5.53 -35.75
441 -5.53 -35.75
442 -5.53 -35.75
443 -5.53 -35.75
444 -5.53 -35.75
445 -5.53 -35.75
446 -5.53 -35.75
447 -5.53 -35.75
448 -5.53 -35.75
449 -5.53 -35.75
450 -5.53 -35.75
451 -5.53 -35.75
452 -5.53 -35.75
453 -5.53 -35.75
454 -5.53 -35.75
455 -5.53 -35.75
456 -5.53 -35.75
457 -5.53 -35.75
458 -5.53 -35.75
459 -5.53 -35.75
460 -5.53 -35.75
461 -5.53 -35.75
462 -8.24 -59.84
463 -5.53 -35.75
464 -5.49 -35.72
465 -5.48 -35.7
466 -5.526 -35.738
467 -5.53 -35.75
468 -5.53 -35.75
469 -5.53 -35.75
470 -5.53 -35.75
471 -5.53 -35.75
472 -5.53 -35.75
473 -5.53 -35.75
474 -5.53 -35.75
475 -5.53 -35.75
476 -5.6 -35.79
477 -5.6 -35.79
478 -5.53 -35.75
479 -5.53 -35.75
480 -5.52 -35.76
481 -5.53 -35.75
482 -5.5 -35.73
483 -5.53 -35.75
484 -5.49 -35.71
485 -5.53 -35.75
486 -5.53 -35.75
487 -3.72 -39.81
488 -5.0 -35.0
489 -24.7 -43.6
490 -21.9 -45.6
491 -26.7 -44.2
492 -20.01 -43.78
493 -5.53 -35.75
494 -20.8 -44.4
495 -5.7 -36.05
496 -8.38 -36.15
497 -8.38 -36.15
498 -20.5 -44.5
499 -5.53 -35.75
500 -5.53 -35.75
501 -27.6 -43.5
502 -13.23 -39.68
503 -21.4 -46.2
504 -25.0 -44.1
505 -21.3 -46.2
506 -19.55 -43.99
507 -18.9 -44.0
508 -2.43 -55.15
509 -11.6 -56.9
510 -23.37 -45.67
511 -7.01 -73.94
512 -5.53 -35.75
513 -11.5 -56.9
514 -6.8 -51.2
515 -4.8 -50.45
516 -20.1 -44.5
517 -20.2 -44.8
518 -0.4 -49.9
519 5.02 -51.25
520 -5.0 -38.2
521 -4.7 -38.0
522 -4.6 -37.9
523 -4.6 -38.0
524 -3.95 -40.37
525 -3.95 -40.37
526 -22.1 -51.34
527 -4.8 -38.1
528 -4.7 -38.3
529 -4.7 -38.2
530 -5.05 -37.63
531 0.92 -61.66
532 -24.32 -58.12
533 -4.3 -41.48
534 -20.66 -57.97
535 -5.53 -35.75
536 -36.27 -52.73
537 -5.53 -35.75
538 -20.73 -47.75
539 -24.75 -40.42
540 -11.62 -56.99
541 -11.63 -57.95
542 -23.37 -45.67
543 -6.09 -47.96
544 -18.8 -45.14
545 -23.37 -45.67
546 -23.37 -45.67
547 -23.37 -45.67
548 -3.1 -59.76
549 -23.36 -45.63
550 -25.29 -45.09
551 -5.53 -35.75
552 -5.53 -35.75
553 -5.53 -35.75
554 -11.66 -56.91
555 -5.53 -35.75
556 -5.53 -35.75
557 -4.82 -37.97
558 -27.3 -46.97
559 -4.81 -37.98
560 -4.81 -37.98
561 -4.81 -37.98
562 -24.8 -42.0
563 -4.81 -37.97
564 -4.81 -37.97
565 -4.81 -37.97
566 -4.81 -37.97
567 -5.53 -35.75
568 -26.1 -52.1
569 -4.81 -37.98
570 -20.31 -47.35
571 -5.53 -35.75
572 -0.73 -59.38
573 -4.81 -37.98
574 -23.0 -44.21
575 -23.0 -44.21
576 -23.0 -44.22
577 -22.99 -44.21
578 -23.0 -44.22
579 -14.08 -48.16
580 -23.37 -45.67
581 -11.62 -48.11
582 -22.93 -51.01
583 -4.81 -37.97
584 -23.37 -45.67
585 -23.28 -45.47
586 -4.81 -37.97
587 -24.51 -40.69
588 -19.4 -45.7
589 -5.46 -35.69
590 -5.46 -35.69
591 -5.46 -35.69
592 -5.46 -35.69
593 -5.46 -35.69
594 -5.46 -35.69
595 -4.81 -37.97
596 -4.81 -37.97
597 -4.81 -37.97
598 -4.81 -37.97
599 -4.81 -37.97
600 -13.61 -49.6
601 -19.4 -45.7
602 -19.4 -45.7
603 -5.46 -35.69
604 -24.77 -46.47
605 -20.3 -43.44
606 -12.3 -38.59
607 -4.81 -37.97
608 -4.81 -37.97
609 -5.46 -35.69
610 -20.73 -47.75
611 -4.81 -37.97
612 -20.73 -48.07
613 -1.55 -64.75
614 -24.87 -46.81
615 -23.37 -45.67
616 -24.3 -43.03
617 -22.45 -43.95
618 -15.54 -51.07
619 -23.78 -41.59
620 -27.94 -50.8
621 -10.18 -59.28
622 -21.83 -45.24
623 -4.94 -40.24
624 -20.94 -43.54
625 -24.19 -43.56
626 -4.81 -37.97
627 -4.81 -37.97
628 -23.41 -41.56
629 -5.81 -36.91
630 -5.81 -36.91
631 -5.81 -36.91
632 -4.81 -37.97
633 -4.81 -37.97
634 -4.81 -37.97
635 -4.81 -37.97
636 -4.81 -37.97
637 -20.73 -47.75
638 -26.55 -55.7
639 -7.08 -41.44
640 -0.24 -49.86
641 -24.98 -50.59
642 -23.37 -45.67
643 -19.95 -47.16
644 -3.76 -40.83
645 -32.68 -55.58
646 -19.95 -47.16
647 -31.19 -48.92
648 -14.57 -44.12
649 -14.57 -44.12
650 -15.5 -40.91
651 -15.5 -40.91
652 -21.9 -46.84
653 -24.33 -50.54
654 -12.55 -40.3
655 -25.73 -44.72
656 -19.95 -47.16
657 -21.27 -46.04
658 -21.23 -46.02
659 -5.81 -36.91
660 -5.81 -36.91
661 -25.49 -44.98
662 -22.26 -45.92
663 -20.11 -44.62
664 -21.86 -46.92
665 -5.82 -36.88
666 -25.31 -44.52
667 -11.79 -48.27
668 -11.91 -48.25
669 -23.17 -46.06
670 -21.32 -40.41
671 -5.65 -35.85
672 -7.51 -73.28
673 -20.9 -48.69
674 -5.65 -35.85
675 -5.65 -35.85
676 -5.82 -36.88
677 -5.65 -35.85
678 -4.33 -38.47
679 -5.72 -39.48
680 -5.85 -36.9
681 -5.64 -39.67
682 -5.65 -35.85
683 -5.9 -37.3
684 -5.9 -37.3
685 -17.82 -41.46
686 -6.71 -36.34
687 -9.31 -36.42
688 -12.84 -47.5
689 -12.84 -47.5
690 -23.38 -45.63
691 -11.18 -40.37
692 -17.07 -44.04
693 -6.06 -38.49
694 -6.06 -38.49
695 -21.76 -43.36
696 -23.4 -45.63
697 -10.61 -38.74
698 -22.19 -51.36
699 -22.19 -51.36
700 -22.19 -51.36
701 -23.0 -44.22
702 -9.75 -37.42
703 -15.5 -40.91
704 -3.93 -39.87
705 -5.46 -35.69
706 -15.08 -39.4
707 -21.33 -46.15
708 -9.02 -41.75
709 -24.85 -46.26
710 -4.36 -40.33
711 -13.95 -49.95
712 -13.15 -52.34
713 -24.6 -48.43
714 -19.95 -47.16
715 -21.77 -46.26
716 -8.28 -36.02
717 -19.72 -45.61
718 -12.84 -38.65
719 -8.28 -36.02
720 -17.93 -44.25
721 -11.73 -40.57
722 -21.33 -46.15
723 -8.28 -36.02
724 -21.33 -46.15
725 -21.33 -46.15
726 -21.33 -46.15
727 -24.12 -43.01
728 -23.0 -44.22
729 -21.33 -46.15
730 -21.33 -46.15
731 -21.33 -46.15
732 -9.56 -40.28
733 -22.88 -49.83
734 -23.94 -46.41
735 -12.91 -38.67
736 -20.57 -45.73
737 -19.83 -46.16
738 -22.67 -50.75
739 -24.92 -49.58
740 -13.44 -46.3
741 -14.45 -49.96
742 -22.69 -50.77
743 -20.33 -44.58
744 -12.43 -38.69
745 -22.72 -51.1
746 -20.99 -39.67
747 -26.91 -44.42
748 -23.55 -42.42
749 -24.3 -40.95
750 -10.34 -36.89
751 -24.47 -43.79
752 -5.49 -35.72
753 -20.01 -47.27
754 -24.56 -50.69
755 -22.46 -42.75
756 -24.59 -43.92
757 -24.99 -45.77
758 -23.9 -45.37
759 -5.64 -35.85
760 -26.85 -45.76
761 -26.77 -45.81
762 -21.33 -46.15
763 -13.55 -39.83
764 -21.22 -43.84
765 1.53 -41.57
766 -21.33 -46.15
767 -19.95 -44.16
768 -19.95 -44.16
769 -22.03 -51.31
770 -21.09 -43.66
771 -21.33 -46.15
772 -21.33 -46.15
773 -19.95 -44.16
774 -21.22 -44.04
775 -21.17 -43.82
776 -11.73 -40.57
777 -11.73 -40.57
778 -21.33 -46.15
779 -11.73 -40.57
780 -23.36 -45.64
781 -11.73 -40.57
782 -20.98 -46.93
783 -11.73 -40.57
784 -11.73 -40.57
785 -10.31 -40.03
786 -12.78 -39.03
787 -11.73 -40.57
788 -11.73 -40.57
789 -11.73 -40.57
790 -11.73 -40.57
791 -11.73 -40.57
792 -21.33 -46.15
793 -11.73 -40.57
794 -21.57 -47.01
795 -11.73 -40.57
796 -19.8 -43.97
797 -21.33 -46.15
798 -21.33 -46.15
799 -23.13 -47.51
800 -27.27 -50.67
801 -24.89 -46.33
802 -6.8 -37.09
803 -23.35 -45.65
804 -5.63 -35.84
805 -4.81 -37.97
806 -5.63 -35.84
807 -21.12 -45.89
808 -5.63 -35.84
809 -8.28 -36.02
810 -5.65 -36.26
811 -20.58 -45.4
812 -24.94 -45.51
813 -2.9 -39.52
814 -3.25 -40.45
815 -3.81 -40.14
816 -3.81 -40.14
817 -23.39 -45.62
818 -21.6 -40.7
819 -20.58 -45.4
820 -23.91 -43.0
821 -29.83 -57.3
822 -24.44 -43.54
823 -20.56 -45.0
824 -22.05 -45.32
825 -14.79 -51.03
826 -19.96 -44.18
827 -5.93 -38.1
828 -21.45 -47.13
829 -21.46 -47.13
830 -21.31 -46.75
831 -21.41 -47.18
832 -21.33 -46.15
833 -10.49 -37.07
834 -10.49 -37.07
835 -20.58 -45.4
836 -8.28 -36.02
837 -8.28 -36.02
838 -19.96 -44.18
839 -8.28 -36.02
840 -15.14 -44.97
841 -4.41 -38.29
842 -4.41 -38.29
843 -5.3 -50.43
844 -4.41 -38.29
845 -20.26 -44.75
846 -22.7 -51.09
847 -20.32 -44.47
848 -20.32 -44.47
849 -20.32 -44.47
850 -20.32 -44.47
851 -20.32 -44.47
852 -20.32 -44.47
853 -20.32 -44.47
854 -20.32 -44.47
855 -20.32 -44.47
856 -20.32 -44.47
857 -22.94 -51.01
858 -20.32 -44.47
859 -23.84 -47.24
860 -15.87 -45.21
861 -22.76 -56.71
862 -5.65 -35.85
863 -5.65 -35.85
864 -5.65 -35.85
865 -5.65 -35.85
866 -4.41 -38.29
867 -4.41 -38.29
868 -4.41 -38.29
869 -19.17 -47.61
870 -19.38 -47.65
871 -16.35 -50.49
872 -9.75 -36.54
873 -25.51 -56.1
874 -25.15 -45.89
875 -19.89 -44.15
876 -19.89 -44.15
877 -25.6 -56.05
878 -18.46 -47.37
879 -20.33 -45.63
880 -25.09 -45.06
881 -23.12 -40.97
882 -19.38 -47.65
883 -23.45 -45.51
884 -4.41 -38.29
885 -4.41 -38.29
886 -4.41 -38.29
887 -4.41 -38.29
888 -4.41 -38.29
889 -4.41 -38.29
890 -4.41 -38.29
891 -4.41 -38.29
892 -4.41 -38.29
893 -4.41 -38.29
894 -4.41 -38.29
895 -4.41 -38.29
896 -5.46 -35.69
897 -4.41 -38.29
898 -4.41 -38.29
899 -4.41 -38.29
900 -4.41 -38.29
901 -4.41 -38.29
902 -4.41 -38.29
903 -4.41 -38.29
904 -4.41 -38.29
905 -19.86 -46.96
906 -24.02 -49.73
907 -21.85 -46.61
908 -4.41 -38.29
909 -4.41 -38.29
910 -4.41 -38.29
911 -4.41 -38.29
912 -4.41 -38.29
913 -4.41 -38.29
914 -4.41 -38.29
915 -19.13 -47.68
916 -19.1 -47.65
917 -4.41 -38.29
918 -4.41 -38.29
919 -4.41 -38.29
920 -4.41 -38.29
921 -4.41 -38.29
922 -4.41 -38.29
923 -4.41 -38.29
924 -10.51 -37.34
925 -4.41 -38.29
926 -4.41 -38.29
927 -4.41 -38.29
928 -4.41 -38.29
929 -4.41 -38.29
930 -4.41 -38.29
931 -4.41 -38.29
932 -4.41 -38.29
933 -4.41 -38.29
934 -4.41 -38.29
935 -21.32 -46.16
936 -4.41 -38.29
937 -5.49 -36.54
938 -5.49 -36.54
939 -5.46 -35.69
940 -5.46 -35.69
941 -4.41 -38.29
942 -23.17 -46.11
943 -4.41 -38.29
944 -4.41 -38.29
945 -13.42 -39.66
946 -4.41 -38.29
947 -4.41 -38.29
948 -4.41 -38.29
949 -4.41 -38.29
950 -4.41 -38.29
951 -5.65 -35.85
952 -4.41 -38.29
953 -20.2 -44.4
954 -4.41 -38.29
955 -19.02 -43.75
956 -17.22 -48.62
957 -4.41 -38.29
958 -4.41 -38.29
959 -4.41 -38.29
960 -4.41 -38.29
961 -4.41 -38.29
962 -4.41 -38.29
963 -23.99 -49.18
964 -24.63 -45.69
965 -12.47 -54.2
966 -21.78 -46.51
967 -26.13 -48.39
968 -5.55 -35.88
969 -13.75 -47.72
970 -24.5 -49.87
971 -5.37 -35.94
972 -5.53 -35.75
973 -12.27 -49.32
974 -13.43 -48.61
975 -7.11 -40.22
976 -24.98 -48.41
977 -12.29 -40.38
978 -19.12 -47.57
979 -19.14 -47.67
980 -4.41 -38.29
981 -4.67 -38.19
982 -5.61 -35.61
983 -25.68 -48.31
984 -25.33 -43.98
985 -13.37 -49.03
986 -3.91 -40.41
987 -23.17 -46.15
988 -20.2 -47.65
989 -20.01 -44.7
990 -20.93 -47.65
991 -19.46 -47.57
992 -10.79 -38.19
993 -20.92 -47.63
994 -19.68 -47.5
995 -25.15 -44.6
996 -20.54 -47.66
997 -18.03 -46.74
998 -19.43 -47.81
999 -19.56 -45.66
1000 -20.0 -45.67
1001 -19.38 -45.76
1002 -20.32 -48.41
1003 -21.02 -47.55
1004 -21.03 -47.6
1005 -19.5 -45.74
1006 -20.86 -47.57
1007 -24.0 -49.51
1008 -10.79 -48.34
1009 -21.12 -44.41
1010 -23.45 -45.52
1011 -5.53 -35.75
1012 -5.53 -35.75
1013 -5.53 -35.75
1014 -5.53 -35.75
1015 -24.64 -46.55
1016 -20.41 -45.49
1017 -22.69 -51.55
1018 -9.86 -50.54
1019 -19.17 -47.86
1020 -5.53 -35.75
1021 -16.67 -43.94
1022 -16.67 -43.94
1023 -16.67 -43.94
1024 -11.93 -61.93
1025 -14.89 -48.78
1026 -4.41 -38.29
1027 -23.73 -53.21
1028 -5.53 -35.75
1029 -13.6 -48.95
1030 -18.78 -44.7
1031 -5.53 -35.75
1032 -5.53 -35.75
1033 -19.83 -46.24
1034 -13.81 -48.85
1035 -5.53 -35.75
1036 -5.53 -35.75
1037 -13.82 -49.43
1038 -28.04 -46.38
1039 -5.52 -35.73
1040 -5.52 -35.73
1041 -17.03 -49.81
1042 -21.95 -48.68
1043 -19.58 -48.2
1044 -15.61 -51.87
1045 -25.5 -45.43
1046 -28.43 -34.66
1047 -15.61 -51.87
1048 -15.61 -51.87
1049 -15.61 -51.87
1050 -15.61 -51.87
1051 -15.61 -51.87
1052 -24.87 -44.24
1053 -15.61 -51.87
1054 -19.92 -44.35
1055 -21.29 -47.32
1056 -15.76 -51.93
1057 -23.96 -44.68
1058 -26.47 -45.38
1059 -15.64 -51.91
1060 -18.12 -43.69
1061 -24.14 -46.96
1062 -12.57 -48.05
1063 -21.29 -47.32
1064 -21.39 -47.25
1065 -15.79 -51.73
1066 -15.61 -51.87
1067 -21.19 -46.3
1068 -15.61 -51.87
1069 -15.61 -51.87
1070 -13.03 -50.35
1071 -22.73 -48.68
1072 -26.7 -45.68
1073 -15.25 -40.25
1074 -13.78 -48.24
1075 -13.88 -48.14
1076 -14.15 -48.68
1077 -14.21 -48.43
1078 -13.31 -48.45
1079 -22.94 -45.21
1080 -10.75 -62.22
1081 -15.61 -51.99
1082 -13.82 -48.31
1083 -23.88 -57.02
1084 -13.98 -48.53
1085 -19.31 -47.88
1086 -16.73 -51.79
1087 -15.61 -51.87
1088 -15.61 -51.87
1089 -15.67 -51.89
1090 -15.73 -51.74
1091 -15.79 -51.95
1092 -15.61 -51.87
1093 -15.81 -42.23
1094 -15.83 -51.93
1095 -15.57 -52.02
1096 -15.61 -52.04
1097 -10.63 -37.77
1098 -8.28 -35.98
1099 -15.57 -51.93
1100 -5.52 -35.73
1101 -15.74 -51.84
1102 -5.52 -35.73
1103 -15.78 -51.82
1104 -16.52 -52.32
1105 -21.04 -46.74
1106 -15.74 -51.69
1107 -12.36 -49.31
1108 -22.71 -40.5
1109 -21.29 -47.32
1110 -24.41 -47.84
1111 -12.26 -50.11
1112 -8.28 -35.98
1113 -10.96 -38.37
1114 -13.36 -49.19
1115 -13.23 -49.25
1116 -11.39 -56.8
1117 -15.61 -51.87
1118 -16.74 -43.86
1119 -21.03 -44.76
1120 -15.61 -51.87
1121 -21.29 -47.32
1122 -20.28 -44.33
1123 -5.46 -35.69
1124 -15.61 -51.87
1125 -4.41 -38.29
1126 -4.41 -38.29
1127 -4.41 -38.29
1128 -19.82 -47.25
1129 -15.61 -51.87
1130 -4.3 -39.47
1131 -4.3 -39.47
1132 -19.5 -45.83
1133 -15.61 -51.87
1134 -15.61 -51.87
1135 -15.61 -51.87
1136 -4.41 -38.29
1137 -4.41 -38.29
1138 -4.41 -38.29
1139 -22.2 -40.55
1140 -24.1 -44.71
1141 -5.46 -35.69
1142 -5.54 -35.75
1143 -15.61 -51.87
1144 -26.03 -46.22
1145 -4.41 -38.29
1146 -5.52 -35.74
1147 -5.52 -35.74
1148 -5.52 -35.74
1149 -3.76 -40.79
1150 -4.41 -38.29
1151 -4.41 -38.29
1152 -15.61 -51.87
1153 -15.61 -51.87
1154 -15.61 -51.87
1155 -15.61 -51.87
1156 -7.14 -51.25
1157 -13.52 -49.5
1158 -3.76 -40.79
1159 -3.19 -40.43
1160 -15.61 -51.87
1161 -5.52 -35.74
1162 -3.19 -40.43
1163 -22.81 -40.78
1164 -19.34 -47.79
1165 -19.18 -47.7
1166 -17.98 -51.91
1167 -22.75 -40.66
1168 -20.82 -47.17
1169 -5.52 -35.74
1170 -3.19 -40.43
1171 -13.08 -49.16
1172 -14.97 -50.58
1173 -18.88 -47.9
1174 -22.87 -45.96
1175 -22.86 -45.96
1176 -11.1 -50.61
1177 -19.0 -47.95
1178 -4.41 -38.29
1179 -4.41 -38.29
1180 -4.41 -38.29
1181 -5.5 -35.73
1182 -4.41 -38.29
1183 -4.41 -38.29
1184 -4.41 -38.29
1185 -4.41 -38.29
1186 -4.41 -38.29
1187 -19.24 -47.53
1188 -4.41 -38.29
1189 -4.41 -38.29
1190 -4.41 -38.29
1191 -4.41 -38.29
1192 -4.41 -38.29
1193 -4.41 -38.29
1194 -4.41 -38.29
1195 -5.46 -35.69
1196 -4.41 -38.29
1197 -5.46 -38.15
1198 -5.46 -38.15
1199 -4.41 -38.29
1200 -4.41 -38.29
1201 -4.41 -38.29
1202 -4.41 -38.29
1203 -4.41 -38.29
1204 -4.41 -38.29
1205 -3.19 -40.43
1206 -4.41 -38.29
1207 -4.41 -38.29
1208 -4.41 -38.29
1209 -4.41 -38.29
1210 -3.94 -39.53
1211 -20.75 -45.75
1212 -19.28 -48.12
1213 -19.24 -47.85
1214 -22.6 -47.58
1215 -13.24 -49.37
1216 -13.14 -49.45
1217 -4.41 -38.29
1218 -5.66 -35.85
1219 -4.41 -38.29
1220 -4.41 -38.29
1221 -3.19 -40.43
1222 -4.41 -38.29
1223 -4.41 -38.29
1224 -4.41 -38.29
1225 -4.41 -38.29
1226 -4.41 -38.29
1227 -20.61 -44.0
1228 -5.66 -35.9
1229 -5.66 -35.9
1230 -16.22 -41.3
1231 -19.43 -44.4
1232 -3.87 -39.49
1233 -3.87 -39.49
1234 -5.52 -35.74
1235 -17.91 -56.7
1236 -3.95 -49.64
1237 -3.95 -49.64
1238 -3.86 -49.63
1239 -11.6 -56.74
1240 -11.6 -56.74
1241 -5.66 -35.9
1242 -23.64 -52.54
1243 -11.59 -56.78
1244 -11.6 -56.8
1245 -15.66 -51.93
1246 -3.94 -39.42
1247 -3.94 -39.42
1248 -5.57 -35.78
1249 -11.02 -48.48
1250 4.57 -47.62
1251 -21.91 -45.57
1252 -24.66 -44.27
1253 -4.41 -38.29
1254 -5.66 -35.9
1255 -4.41 -38.29
1256 -28.3 -49.1
1257 -26.24 -57.0
1258 -18.13 -56.7
1259 -11.6 -56.8
1260 -22.62 -47.67
1261 -18.26 -56.67
1262 -18.28 -56.65
1263 -7.5 -73.64
1264 -18.35 -56.65
1265 -11.6 -56.8
1266 -18.41 -56.58
1267 -11.6 -56.8
1268 -18.06 -56.73
1269 -5.57 -35.78
1270 -19.17 -47.68
1271 -20.78 -44.09
1272 -19.15 -55.97
1273 -4.41 -38.29
1274 -4.41 -38.29
1275 -4.41 -38.29
1276 -4.41 -38.29
1277 -4.41 -38.29
1278 -4.41 -38.29
1279 -4.41 -38.29
1280 -4.41 -38.29
1281 -4.41 -38.29
1282 -24.02 -44.46
1283 -4.41 -38.29
1284 -4.41 -38.29
1285 -4.41 -38.29
1286 -11.61 -56.78
1287 -11.59 -56.78
1288 -11.6 -56.8
1289 -11.6 -56.8
1290 -20.79 -45.76
1291 -9.87 -39.87
1292 -11.6 -56.8
1293 -4.41 -38.29
1294 -4.41 -38.29
1295 -28.77 -49.55
1296 -19.59 -44.13
1297 -19.59 -44.13
1298 -19.09 -42.96
1299 -9.46 -50.49
1300 -22.13 -41.07
1301 -4.41 -38.29
1302 -24.96 -45.27
1303 -25.02 -45.47
1304 -15.03 -51.42
1305 -11.6 -56.8
1306 -11.6 -56.8
1307 -11.6 -56.8
1308 -9.87 -39.87
1309 -8.73 -54.57
1310 -11.6 -56.8
1311 -4.41 -38.29
1312 -4.41 -38.29
1313 -23.15 -46.05
1314 -11.61 -56.79
1315 -9.66 -37.0
1316 -16.37 -54.14
1317 -23.41 -49.17
1318 -4.41 -38.29
1319 -11.61 -56.78
1320 -24.42 -50.07
1321 -23.47 -40.91
1322 -0.22 -63.79
1323 -11.6 -56.79
1324 -22.3 -40.75
1325 -9.87 -39.87
1326 -11.59 -56.78
1327 -11.61 -56.78
1328 -22.53 -40.37
1329 -20.02 -47.31
1330 -11.6 -56.79
1331 -6.55 -38.35
1332 -11.61 -56.78
1333 -11.61 -56.78
1334 -11.61 -56.78
1335 -11.62 -56.78
1336 -11.61 -56.78
1337 -11.61 -56.78
1338 -5.66 -35.85
1339 -22.35 -40.51
1340 -24.52 -41.6
1341 -4.41 -38.15
1342 -23.77 -44.32
1343 -24.51 -40.78
1344 -5.62 -35.82
1345 -5.62 -35.82
1346 -5.62 -35.82
1347 -13.17 -39.58
1348 -22.56 -40.56
1349 -4.41 -38.29
1350 -11.61 -56.78
1351 -22.32 -40.57
1352 -3.94 -39.53
1353 -23.68 -46.64
1354 -13.3 -49.2
1355 -19.89 -44.15
1356 -16.35 -51.0
1357 -11.62 -56.79
1358 -24.18 -50.47
1359 -20.51 -43.7
1360 -16.46 -44.09
1361 -9.87 -39.87
1362 -22.02 -40.08
1363 -11.68 -56.8
1364 -8.28 -33.02
1365 -8.28 -36.02
1366 -11.62 -56.8
1367 -11.65 -47.8
1368 -4.41 -38.29
1369 -4.41 -38.29
1370 -4.41 -38.29
1371 -4.41 -38.29
1372 -4.41 -38.29
1373 -4.41 -38.29
1374 -4.41 -38.29
1375 -4.41 -38.29
1376 -27.28 -52.33
1377 -4.41 -38.29
1378 -16.48 -55.73
1379 -12.27 -48.84
1380 -22.25 -40.43
1381 -11.45 -50.38
1382 -26.83 -56.35
1383 -16.03 -56.53
1384 -19.06 -47.98
1385 -5.5 -35.6
1386 -4.41 -38.29
1387 -4.41 -38.29
1388 -9.87 -39.87
1389 -16.37 -40.54
1390 -12.02 -49.85
1391 -4.3 -38.4
1392 -21.04 -49.06
1393 -3.19 -40.43
1394 -3.19 -40.43
1395 -4.3 -38.4
1396 -16.01 -47.79
1397 -11.5 -56.8
1398 -26.93 -56.53
1399 -24.12 -44.8
1400 -15.58 -48.08
1401 -27.22 -57.55
1402 -26.15 -58.12
1403 -11.5 -56.8
1404 -17.7 -44.7
1405 -5.28 -39.42
1406 -4.41 -38.29
1407 -9.87 -39.87
1408 -9.89 -72.47
1409 -21.2 -39.91
1410 -1.3 -60.5
1411 -15.82 -51.45
1412 -24.61 -45.26
1413 -21.93 -40.37
1414 -20.01 -44.7
1415 -22.56 -40.68
1416 -15.18 -51.28
1417 -9.87 -39.87
1418 -23.17 -46.1
1419 1.37 -34.95
1420 -19.51 -44.05
1421 -8.26 -35.96
1422 -19.45 -44.03
1423 -9.92 -49.0
1424 -10.03 -49.63
1425 -25.03 -45.83
1426 -8.26 -35.96
1427 -8.26 -35.96
1428 -8.26 -35.96
1429 -8.26 -35.96
1430 -8.26 -35.96
1431 -8.26 -35.96
1432 -8.26 -35.96
1433 -8.26 -35.96
1434 -8.26 -35.96
1435 -8.26 -35.96
1436 -8.26 -35.96
1437 -8.26 -35.96
1438 -8.26 -35.96
1439 -8.26 -35.96
1440 -14.88 -47.01
1441 -8.26 -35.96
1442 -8.26 -35.96
1443 -8.26 -36.16
1444 -12.56 -38.65
1445 -14.53 -51.85
1446 -12.56 -38.65
1447 -12.56 -38.65
1448 -10.26 -69.64
1449 -21.84 -46.65
1450 -12.8 -38.86
1451 -12.56 -38.65
1452 -8.03 -49.78
1453 -20.27 -44.67
1454 -22.91 -44.39
1455 -25.74 -49.19
1456 -22.28 -45.92
1457 -23.83 -42.98
1458 -8.26 -35.96
1459 -8.26 -35.96
1460 -8.33 -40.22
1461 -8.26 -36.16
1462 -5.66 -35.87
1463 -23.17 -47.34
1464 -21.31 -46.14
1465 -21.31 -46.14
1466 -24.75 -43.12
1467 -22.27 -40.67
1468 -21.31 -39.86
1469 -20.37 -44.81
1470 -16.73 -54.29
1471 -16.73 -54.29
1472 -26.09 -46.21
1473 -4.24 -39.98
1474 -25.39 -46.42
1475 -8.26 -35.96
1476 -26.44 -41.73
1477 -16.73 -54.29
1478 -12.64 -47.68
1479 -12.64 -47.62
1480 -15.55 -47.68
1481 -5.63 -35.6
1482 -5.63 -35.6
1483 -5.63 -35.6
1484 -5.63 -35.6
1485 -5.63 -35.6
1486 -5.63 -35.6
1487 -5.63 -35.6
1488 -24.05 -42.36
1489 -13.54 -44.59
1490 -13.49 -44.59
1491 -13.58 -44.6
1492 -24.02 -45.97
1493 -17.38 -56.22
1494 -17.38 -56.22
1495 -8.34 -50.04
1496 -9.61 -34.28
1497 -8.26 -35.96
1498 -7.4 -72.7
1499 -8.33 -36.58
1500 -6.57 -38.8
1501 -8.33 -36.58
1502 -8.26 -35.96
1503 -4.98 -39.74
1504 -24.84 -45.71
1505 -8.22 -38.37
1506 -18.4 -56.21
1507 -25.22 -44.72
1508 -8.33 -36.58
1509 -8.33 -36.58
1510 -8.33 -36.58
1511 -8.33 -36.58
1512 -8.33 -36.58
1513 -8.33 -36.58
1514 -8.33 -36.58
1515 -23.17 -42.15
1516 -8.33 -36.58
1517 -22.99 -41.89
1518 -8.33 -36.58
1519 -8.33 -36.58
1520 -8.33 -36.58
1521 -8.33 -36.58
1522 -8.33 -36.58
1523 -8.33 -36.58
1524 -8.33 -36.58
1525 -8.33 -36.58
1526 -8.33 -36.58
1527 -8.33 -36.58
1528 -26.21 -61.87
1529 -3.2 -72.92
1530 -4.37 -38.48
1531 -17.2 -56.2
1532 -5.46 -35.69
1533 -21.22 -50.47
1534 -16.22 -55.95
1535 -22.23 -44.8
1536 -21.06 -48.5
1537 -11.6 -56.76
1538 -21.06 -48.5
1539 -21.06 -48.5
1540 -8.8 -33.19
1541 -21.03 -47.29
1542 -4.35 -38.36
1543 -4.35 -38.36
1544 -5.71 -37.86
1545 -16.81 -54.96
1546 -11.6 -56.78
1547 -5.71 -37.86
1548 -5.89 -37.31
1549 -11.88 -57.4
1550 -5.56 -35.57
1551 -25.03 -45.26
1552 -22.53 -46.77
1553 -21.69 -42.38
1554 -24.41 -50.7
1555 -24.43 -50.7
1556 -10.07 -36.93
1557 -21.64 -46.86
1558 -7.33 -35.33
1559 -14.15 -47.48
1560 -13.04 -48.43
1561 -21.41 -50.08
1562 -14.18 -40.11
1563 -20.95 -45.71
1564 -21.05 -45.4
1565 -16.31 -53.3
1566 -16.72 -42.58
1567 -8.26 -36.16
1568 -8.26 -36.16
1569 4.88 -51.96
1570 -4.41 -38.29
1571 -22.23 -51.26
1572 -4.41 -38.29
1573 -21.08 -46.71
1574 -8.26 -36.16
1575 -10.51 -37.06
1576 -8.26 -36.16
1577 -5.0 -35.0
1578 -22.28 -39.78
1579 -22.04 -40.25
1580 -19.95 -44.16
1581 -8.264 -36.161
1582 -8.26 -36.16
1583 -8.26 -36.16
1584 -8.26 -36.16
1585 -26.66 -46.88
1586 -8.33 -36.58
1587 -3.23 -40.13
1588 -21.06 -48.5
1589 -15.0 -44.3
1590 -5.28 -38.28
1591 -5.28 -38.28
1592 -19.56 -46.29
1593 -7.63 -72.67
1594 -21.95 -48.68
1595 -24.62 -43.28
1596 -5.92 -38.05
1597 -11.35 -41.66
1598 3.5 -48.12
1599 -15.033 -44.295
1600 -22.0 -40.1
1601 -3.63 -40.51
1602 -3.63 -40.51
1603 -24.56 -44.89
1604 -6.14 -39.88
1605 -3.63 -40.51
1606 -3.63 -40.51
1607 -3.63 -40.51
1608 -3.63 -40.51
1609 -3.63 -40.51
1610 -23.72 -46.32
1611 -24.99 -45.37
1612 -15.07 -44.09
1613 -3.63 -40.51
1614 -3.63 -40.51
1615 -3.63 -40.51
1616 -23.59 -46.33
1617 -24.8 -40.89
1618 -25.7 -45.41
1619 -25.7 -45.41
1620 -25.7 -45.41
1621 -3.63 -40.51
1622 -22.48 -39.89
1623 -23.72 -46.3
1624 -21.43 -42.64
1625 -3.63 -40.51
1626 -3.63 -40.51
1627 -3.63 -40.51
1628 -28.9 -51.35
1629 -13.73 -44.73
1630 -3.63 -40.51
1631 -3.63 -40.51
1632 -3.63 -40.51
1633 -19.9 -47.33
1634 -17.17 -56.24
1635 -3.63 -40.51
1636 -3.63 -40.51
1637 -29.02 -51.06
1638 -16.7 -44.9
1639 -23.63 -45.79
1640 -3.63 -40.51
1641 -31.66 -49.58
1642 -16.7 -44.9
1643 -13.73 -44.74
1644 -3.63 -40.51
1645 -24.42 -45.77
1646 -24.28 -44.59
1647 -20.56 -44.87
1648 -24.0 -45.86
1649 -24.47 -45.92
1650 -3.63 -40.51
1651 -3.63 -40.51
1652 -3.63 -40.51
1653 -19.8 -44.0
1654 -24.67 -44.96
1655 -11.65 -48.61
1656 -3.62 -40.53
1657 -23.29 -46.28
1658 -3.62 -40.53
1659 -3.62 -40.53
1660 -24.74 -48.12
1661 -4.19 -38.7
1662 -18.49 -55.8
1663 -24.72 -45.57
1664 -11.62 -56.7
1665 -24.78 -45.32
1666 -3.63 -40.51
1667 -3.63 -40.51
1668 -24.03 -45.9
1669 -3.63 -40.51
1670 -11.62 -56.7
1671 -3.62 -40.53
1672 -3.62 -40.53
1673 -21.6 -46.89
1674 -23.91 -45.85
1675 -23.45 -45.51
1676 -3.07 -40.73
1677 -4.62 -38.16
1678 -1.9 -61.43
1679 -24.93 -43.85
1680 -15.06 -44.26
1681 -15.06 -44.26
1682 -11.62 -56.7
1683 -24.17 -43.2
1684 -3.76 -40.33
1685 -24.06 -46.04
1686 -21.67 -50.17
1687 -24.18 -45.98
1688 -27.5 -56.7
1689 -24.12 -45.83
1690 -8.26 -35.96
1691 -24.34 -43.32
1692 0.76 -43.0
1693 -26.16 -57.63
1694 -10.37 -52.71
1695 -24.23 -46.15
1696 -3.55 -40.65
1697 -24.27 -46.12
1698 -2.33 -59.76
1699 -3.55 -40.65
1700 -5.55 -35.66
1701 -5.55 -35.66
1702 -11.62 -56.7
1703 -11.62 -56.7
1704 -14.4 -47.81
1705 -16.22 -44.91
1706 -19.5 -43.95
1707 -24.34 -45.82
1708 -11.62 -56.7
1709 -11.62 -56.7
1710 -8.3 -36.15
1711 -11.62 -56.7
1712 -5.92 -38.05
1713 -8.46 -36.78
1714 -24.31 -45.82
1715 -24.45 -45.72
1716 -8.46 -36.78
1717 -8.3 -36.15
1718 -23.43 -45.93
1719 -24.01 -46.08
1720 -24.66 -45.27
1721 -5.97 -36.79
1722 -5.55 -35.66
1723 -8.46 -36.78
1724 -27.71 -51.33
1725 -27.71 -51.33
1726 -3.93 -39.87
1727 -11.62 -56.7
1728 -19.7 -43.96
1729 -8.3 -36.15
1730 -8.57 -35.91
1731 -8.57 -35.91
1732 -27.03 -44.78
1733 -8.57 -35.91
1734 -25.18 -44.93
1735 -6.82 -72.98
1736 -29.16 -51.37
1737 -3.45 -44.77
1738 -21.19 -43.98
1739 -24.1 -44.76
1740 -22.97 -44.09
1741 -21.77 -43.45
1742 -23.48 -45.8
1743 -13.2 -39.5
1744 -19.56 -44.06
1745 -8.33 -36.29
1746 -10.73 -41.32
1747 -22.43 -40.65
1748 -8.3 -36.15
1749 -21.75 -50.01
1750 -21.82 -43.41
1751 -8.3 -36.15
1752 -16.73 -43.86
1753 -16.73 -43.86
1754 -13.72 -49.16
1755 -13.771 -49.16
1756 -13.77 -49.16
1757 -24.38 -45.08
1758 -25.46 -47.6
1759 -13.79 -49.99
1760 -3.63 -40.51
1761 -3.63 -40.51
1762 -24.47 -45.25
1763 -21.48 -43.58
1764 -7.47 -50.4
1765 -5.46 -36.1
1766 -5.46 -36.1
1767 -5.46 -36.1
1768 -5.46 -36.1
1769 -5.46 -36.1
1770 -13.4 -46.32
1771 -5.46 -36.1
1772 -5.46 -36.1
1773 -5.46 -36.1
1774 -22.96 -44.55
1775 -13.52 -48.84
1776 -22.13 -43.12
1777 -21.89 -41.42
1778 -5.55 -35.66
1779 -24.78 -45.03
1780 -13.78 -49.21
1781 -29.14 -51.1
1782 -11.45 -48.71
1783 -13.78 -49.21
1784 -13.78 -49.21
1785 -13.78 -49.21
1786 -16.701 -43.883
1787 -5.55 -35.66
1788 -8.26 -35.96
1789 -3.5 -40.29
1790 -3.63 -40.51
1791 -3.5 -40.29
1792 -28.21 -51.53
1793 -11.17 -48.7
1794 -24.09 -46.04
1795 -8.24 -35.78
1796 -21.43 -47.1
1797 -13.77 -49.11
1798 -6.12 -36.81
1799 -23.38 -45.66
1800 -23.18 -46.1
1801 -23.19 -46.11
1802 -22.18 -39.55
1803 -25.05 -52.83
1804 -3.63 -40.51
1805 -22.91 -44.17
1806 -22.92 -44.17
1807 -22.91 -44.17
1808 -21.17 -44.95
1809 -30.44 -49.96
1810 -15.06 -44.29
1811 -16.59 -43.9
1812 -29.47 -50.08
1813 -29.61 -50.24
1814 -25.17 -44.72
1815 -22.87 -44.42
1816 -16.59 -43.9
1817 -5.54 -35.75
1818 -20.63 -45.76
1819 -23.38 -45.66
1820 -5.54 -35.75
1821 -5.54 -35.75
1822 -5.54 -35.75
1823 -5.54 -35.75
1824 -20.1 -43.94
1825 -5.54 -35.75
1826 -5.54 -35.75
1827 -5.54 -35.75
1828 -3.46 -40.21
1829 -21.29 -45.14
1830 -21.3 -43.97
1831 -23.63 -44.92
1832 -21.2 -44.95
1833 -5.46 -36.1
1834 -8.96 -40.47
1835 -5.46 -36.1
1836 -3.63 -40.51
1837 -16.59 -40.7
1838 -5.46 -36.1
1839 -5.46 -36.1
1840 -29.3 -50.22
1841 -16.59 -43.9
1842 -3.63 -40.51
1843 -3.0 -41.14
1844 -23.38 -45.66
1845 -12.05 -63.5
1846 -3.41 -33.95
1847 -28.16 -48.13
1848 -8.24 -36.0
1849 -23.28 -44.81
1850 -25.42 -44.65
1851 -8.25 -36.16
1852 -8.25 -36.16
1853 -8.25 -36.16
1854 -13.45 -49.95
1855 -16.59 -43.9
1856 -16.59 -43.9
1857 -5.46 -36.1
1858 -8.25 -36.16
1859 -23.38 -45.66
1860 -23.41 -44.78
1861 -13.77 -49.11
1862 -4.31 -37.93
1863 -5.46 -36.1
1864 -5.98 -37.87
1865 -4.01 -39.1
1866 -26.22 -48.9
1867 -26.22 -48.9
1868 -8.33 -36.2
1869 -16.695 -43.885
1870 -16.7 -43.89
1871 -16.7 -43.89
1872 -16.7 -43.89
1873 -25.4 -45.42
1874 -22.33 -42.55
1875 -5.46 -36.1
1876 -2.26 -49.35
1877 -21.79 -41.44
1878 -3.63 -40.51
1879 -3.63 -40.51
1880 -8.25 -36.16
1881 -8.25 -36.16
1882 -5.46 -36.1
1883 -5.46 -36.1
1884 -16.704 -43.884
1885 -19.95 -44.84
1886 -20.41 -44.02
1887 -8.25 -36.16
1888 -5.46 -36.1
1889 -8.37 -35.84
1890 -5.46 -36.1
1891 -24.28 -42.52
1892 -5.46 -36.1
1893 -16.703 -43.88
1894 -5.52 -35.75
1895 -5.46 -36.1
1896 -9.46 -63.02
1897 -5.46 -36.1
1898 -13.56 -49.18
1899 -5.46 -36.1
1900 -16.697 -43.879
1901 -16.7 -43.882
1902 -16.7 -43.88
1903 -5.46 -36.1
1904 -16.7 -43.88
1905 -5.46 -36.1
1906 -5.22 -35.89
1907 -5.24 -35.89
1908 -5.24 -35.86
1909 -5.46 -36.08
1910 -5.46 -36.08
1911 -21.22 -44.36
1912 -21.78 -46.98
1913 -22.91 -44.33
1914 -21.84 -42.55
1915 -18.6 -45.36
1916 -5.45 -36.08
1917 -23.81 -44.05
1918 -16.7 -43.86
1919 -3.62 -40.45
1920 -21.31 -45.02
1921 -16.697 -43.889
1922 -21.38 -43.81
1923 -22.54 -43.86
1924 -23.45 -45.51
1925 -13.95 -49.04
1926 -7.9 -50.13
1927 -9.64 -72.15
1928 -5.41 -36.11
1929 -20.03 -51.13
1930 -5.35 -36.1
1931 -5.51 -36.15
1932 -0.1 -67.1
1933 -5.46 -36.14
1934 -5.37 -35.77
1935 -5.41 -36.1
1936 -5.47 -36.14
1937 -5.51 -36.14
1938 -4.19 -31.25
1939 -5.56 -36.16
1940 -0.42 -60.22
