 -67.4050   5.9300
 -67.4499   5.8816
 -67.5047   5.8496
 -67.5671   5.8447
 -67.6371   5.8586
 -67.7259   5.8500
 -67.8105   5.8038
 -67.8771   5.7554
 -67.8771   5.7554
 -67.9354   5.6469
 -67.9378   5.6469
 -67.9881   5.5560
 -68.0152   5.4465
 -68.0460   5.3440
 -68.1134   5.1990
 -68.1721   5.1070
 -68.2313   4.9714
 -68.2923   4.8794
 -68.3687   4.7661
 -68.4489   4.6694
 -68.5172   4.5762
 -68.6072   4.4876
 -68.6779   4.3979
 -68.7402   4.3071
 -68.8120   4.2057
 -68.8644   4.0949
 -68.8644   4.0925
 -68.9135   4.0053
 -68.9685   3.9050
 -68.9684   3.9027
 -69.0269   3.7919
 -69.0809   3.7081
 -69.1213   3.5974
 -69.1629   3.4913
 -69.2070   3.3841
 -69.3012   3.2555
 -69.3707   3.1553
 -69.4222   3.0633
 -69.5017   2.9925
 -69.5762   2.9122
 -69.6411   2.8309
 -69.7138   2.7094
 -69.7138   2.7094
 -69.7726   2.6186
 -69.8219   2.5361
 -69.8804   2.4289
 -69.9700   2.3074
 -70.0515   2.1318
 -70.1025   2.0010
 -70.1529   1.9091
 -70.2136   1.7877
 -70.2469   1.6770
 -70.2561   1.5663
 -70.2778   1.3991
 -70.3130   1.2530
 -70.3481   1.0963
 -70.3829   0.9279
 -70.4273   0.7477
 -70.4503   0.5816
 -70.4676   0.4391
 -70.4611   0.3143
 -70.4454   0.2166
 -70.4454   0.2166
 -70.4170   0.0707
 -70.3498  -0.1093
 -70.2935  -0.2800
 -70.2437  -0.4153
 -70.1424  -0.5470
 -70.0380  -0.6398
 -69.9484  -0.7091
 -69.8325  -0.8596
 -69.7088  -0.9700
 -69.5730  -1.0899
 -69.4437  -1.1744
 -69.3200  -1.2871
 -69.2172  -1.3705
 -69.0365  -1.4467
 -68.8912  -1.4699
 -68.7524  -1.4495
 -68.6098  -1.4492
 -68.4791  -1.4594
 -68.3376  -1.4673
 -68.1710  -1.4763
 -67.9475  -1.4297
 -67.8248  -1.3775
 -67.7130  -1.3030
 -67.6129  -1.2556
 -67.4530  -1.2033
 -67.3193  -1.1711
-67.1 -1.1
-66.7 -0.9
-66.5 -0.6
-66.2 -0.3
-66.0 -0.25
-65.908 -0.268
-65.916 -0.268
-65.850 -0.282
-65.705 -0.303
-65.503 -0.302
-65.445 -0.323
-65.307 -0.380
-65.205 -0.409
-64.966 -0.408
-64.807 -0.429
-64.631 -0.399
-64.591 -0.334
-64.513 -0.277
-64.354 -0.226
-64.184 -0.225
-64.159 -0.167
-64.189 -0.107
-64.298 -0.067
-64.444 0.0325
-64.459 0.1401
-64.498 0.3414
-64.500 0.5135
-64.447 0.6467
-64.467 0.7294
-64.461 0.8158
-64.388 0.8374
-64.280 0.8270
-64.178 0.7809
-64.096 0.8498
-63.987 0.8468
-63.952 0.9149
-63.946 1.0554
-63.827 1.0773
-63.743 0.9844
-63.623 0.9706
-63.528 0.8921
-63.389 0.8063
-63.302 0.7848
-63.208 0.7494
-63.121 0.7855
-63.034 0.7790
-62.990 0.7071
-62.867 0.6932
-62.824 0.7798
-62.724 0.8522
-62.572 0.8851
-62.435 0.8533
-62.386 0.9971
-62.300 1.0914
-62.171 1.1565
-62.066 1.1678
-61.998 1.2361
-61.908 1.3126
-61.800 1.3090
-61.637 1.3275
-61.478 1.3823
-61.326 1.3506
-61.242 1.2031
-61.078 1.1713
-60.974 1.2438
-60.844 1.2731
-60.739 1.2047
-60.690 1.0172
-60.620 0.9382
-60.605 0.8447
-60.644 0.7689
-60.719 0.7144
-60.772 0.5842
-60.796 0.4397
-60.889 0.3604
-60.925 0.2447
-61.029 0.2196
-61.174 0.2297
-61.256 0.1718
-61.248 0.0637
-61.305 -0.023
-61.312 -0.138
-61.369 -0.210
-61.375 -0.354
-61.309 -0.506
-61.316 -0.571
-61.374 -0.607
-61.481 -0.723
-61.530 -0.882
-61.537 -1.091
-61.594 -1.243
 -61.5122  -1.5240
 -61.3388  -1.6373
 -61.0952  -1.7455
 -60.8470  -1.8442
 -60.6441  -1.9443
 -60.4140  -2.0231
 -60.0677  -2.0705
 -59.6779  -2.0397
 -59.4262  -1.9980
 -59.1368  -1.8995
 -58.9238  -1.7508
 -58.6751  -1.5959
 -58.4416  -1.5011
 -58.2293  -1.4537
 -58.0455  -1.4135
 -57.9388  -1.3679
 -57.8207  -1.2610
 -57.7571  -1.1568
 -57.6766  -1.1138
 -57.5650  -1.1154
 -57.4784  -1.1100
 -57.3703  -1.1257
 -57.3087  -1.1087
 -57.2234  -1.0610
 -57.1356  -1.0603
 -57.0691  -1.0810
 -56.9886  -1.0344
 -56.9118  -0.9737
 -56.8596  -0.9839
 -56.8084  -1.0189
 -56.6825  -1.0391
 -56.5971  -1.0349
 -56.5140  -1.0602
 -56.3942  -1.0664
 -56.3017  -1.0751
 -56.1889  -1.1095
 -56.1235  -1.1479
 -56.0713  -1.1640
 -56.0062  -1.1422
 -55.9458  -1.1382
 -55.8877  -1.1307
 -55.8108  -1.1029
 -55.7018  -1.0879
 -55.6141  -1.0919
 -55.5216  -1.1112
 -55.4374  -1.1222
 -55.3318  -1.1685
 -55.2831  -1.2105
 -55.2438  -1.2668
 -55.1939  -1.2982
 -55.1430  -1.3001
 -55.0719  -1.2995
 -55.0031  -1.3272
 -54.9497  -1.3692
 -54.8751  -1.3698
 -54.7792  -1.3642
 -54.6870  -1.3198
 -54.5769  -1.3330
 -54.4786  -1.3416
 -54.4004  -1.3822
 -54.3388  -1.3910
 -54.2939  -1.3624
 -54.2444  -1.2853
 -54.1914  -1.2294
 -54.1346  -1.2101
 -54.0650  -1.1587
 -53.9881  -1.1298
 -53.9032  -1.0512
 -53.8028  -0.9984
 -53.6799  -0.9549
 -53.6184  -0.9248
 -53.5511  -0.8818
 -53.4790  -0.8634
 -53.4270  -0.8547
 -53.3739  -0.8059
 -53.3018  -0.7746
 -53.2252  -0.6996
 -53.1497  -0.6446
 -53.0706  -0.5885
 -52.9690  -0.5569
 -52.8603  -0.5169
 -52.7587  -0.4830
 -52.6842  -0.4705
 -52.5991  -0.4626
 -52.4952  -0.4309
 -52.4185  -0.3854
 -52.2933  -0.3229
 -52.1658  -0.2898
 -52.0417  -0.2662
 -51.9212  -0.2461
 -51.7416  -0.2785
 -51.6566  -0.2493
 -51.5930  -0.1685
 -51.5283  -0.0500
 -51.4730   0.0685
 -51.4108   0.2224
 -51.3509   0.3597
 -51.3323   0.4743
 -51.3243   0.5710
 -51.3246   0.6512
 -51.2977   0.7540
 -51.2376   0.8183
 -51.1292   0.9208
 -51.0987   1.0048
 -51.0660   1.1231
 -51.0286   1.2602
 -51.0158   1.3216
 -50.9771   1.4270
 -50.8711   1.5283
 -50.8193   1.5972
 -50.7784   1.7332
 -50.7552   1.8631
 -50.7426   1.9882
 -50.6969   2.0747
 -50.6290   2.0880
 -50.5400   1.9060
 -50.4410   1.8430
 -50.3510   1.8340
 -50.2610   1.8340
 -50.2070   1.8150
 -50.1170   1.8150
 -50.0810   1.7970
 -50.0000   1.7250
 -49.9280   1.6340
 -49.9010   1.5610
 -49.8920   1.4520
 -49.9100   1.3620
 -49.9910   1.2890
 -50.0810   1.2350
 -49.9910   1.2070
 -49.9460   1.1800
 -49.9910   1.0890
 -50.0810   1.0620
 -50.1530   0.9990
 -50.2610   0.9170
 -50.3150   0.8170
 -50.3780   0.7260
 -50.4410   0.6810
 -50.5310   0.5540
 -50.5760   0.4540
 -50.6200   0.3900
 -50.7100   0.3000
 -50.8000   0.2090
 -50.8900   0.1910
 -50.9800   0.1450
 -51.0700   0.0450
 -51.1820  -0.0630
 -51.2000  -0.0900
 -51.2180  -0.1170
 -51.2450  -0.1810
 -51.2720  -0.2260
 -51.3080  -0.2710
 -51.3440  -0.3610
 -51.3800  -0.4060
 -51.4430  -0.4880
 -51.4790  -0.5420
 -51.5510  -0.6320
 -51.6050  -0.7220
 -51.6500  -0.8580
 -51.6770  -0.9480
 -51.7130  -1.0200
 -51.7580  -1.0750
 -51.8210  -1.1290
 -51.8750  -1.2190
 -51.9110  -1.3090
 -51.9370  -1.3450
 -51.9820  -1.3900
 -51.9820  -1.4630
 -51.9370  -1.4990
 -51.9370  -1.5350
 -51.9460  -2.4820
 -51.9820  -2.3920
 -51.9820  -1.6160
 -51.9370  -1.6070
 -51.8930  -1.5890
 -51.8120  -1.5350
 -51.7310  -1.4900
 -51.6770  -1.4450
 -51.6230  -1.4270
 -51.5780  -1.4090
 -51.5330  -1.3630
 -51.4880  -1.3270
 -51.4430  -1.2820
 -51.3980  -1.2640
 -51.3080  -1.2370
 -51.2360  -1.1740
 -51.1730  -1.1110
 -51.1550  -1.0380
 -51.1100  -0.9480
 -51.0830  -0.8670
 -51.0650  -0.8130
 -51.0380  -0.7310
 -50.9930  -0.6860
 -50.9570  -0.6320
 -50.9040  -0.6230
 -50.8140  -0.5960
 -50.8140  -0.6770
 -50.8230  -0.7220
 -50.8230  -0.7680
 -50.8320  -0.8580
 -50.8320  -0.9030
 -50.8320  -0.9930
 -50.7870  -1.0840
 -50.7240  -1.1110
 -50.7420  -1.0380
 -50.7600  -0.9930
 -50.7600  -0.9030
 -50.7600  -0.8580
 -50.7690  -0.7860
 -50.7690  -0.7220
 -50.7330  -0.6320
 -50.6880  -0.5870
 -50.6880  -0.5420
 -50.6790  -0.4700
 -50.6700  -0.4060
 -50.6340  -0.3430
 -50.5530  -0.2260
 -50.4990  -0.1900
 -50.4360  -0.1350
 -50.3640  -0.1260
 -50.3190  -0.0990
 -50.2290  -0.1350
 -50.1390  -0.1540
 -50.0400  -0.1720
 -49.9600  -0.1900
 -49.8700  -0.2260
 -49.7350  -0.2440
 -49.6450  -0.2530
 -49.5550  -0.2620
 -49.4200  -0.2260
 -49.3300  -0.1990
 -49.2400  -0.1450
 -49.1500  -0.1350
 -49.0600  -0.1450
 -48.9710  -0.1720
 -48.8810  -0.2440
 -48.7460  -0.2440
 -48.6560  -0.2530
 -48.5660  -0.2530
 -48.4760  -0.2710
 -48.4040  -0.3160
 -48.3950  -0.4060
 -48.4130  -0.4970
 -48.4400  -0.5870
 -48.4490  -0.6770
 -48.4760  -0.7490
 -48.5030  -0.8130
 -48.5210  -0.8850
 -48.5480  -0.9480
 -48.5930  -1.0380
 -48.6110  -1.0840
 -48.6920  -1.1740
 -48.7100  -1.2190
 -48.7640  -1.3090
 -48.7910  -1.3720
 -48.8630  -1.4900
 -48.9260  -1.5260
 -49.0150  -1.5530
 -49.1050  -1.5710
 -49.1950  -1.6160
 -49.2400  -1.6250
 -49.3300  -1.6340
 -49.4110  -1.6700
 -49.4650  -1.7240
 -49.5100  -1.7520
 -49.6000  -1.7520
 -49.6900  -1.7880
 -49.7350  -1.8060
 -49.8250  -1.8150
 -49.9150  -1.7700
 -50.0040  -1.7420
 -50.0940  -1.7520
 -50.1840  -1.7880
 -50.2740  -1.7880
 -50.3190  -1.8240
 -50.3820  -1.8510
 -50.4990  -1.9320
 -50.4990  -1.9410
 -50.4090  -1.9500
 -50.2740  -1.9410
 -50.1840  -1.9140
 -50.0490  -1.8690
 -49.9600  -1.8600
 -49.8700  -1.8960
 -49.7800  -1.9140
 -49.6900  -1.8780
 -49.6000  -1.8330
 -49.5100  -1.7880
 -49.4200  -1.7420
 -49.3120  -1.8060
 -49.3570  -1.8960
 -49.3930  -2.0310
 -49.4200  -2.0940
 -49.4560  -2.2120
 -49.5010  -2.3020
 -49.4650  -2.3650
 -49.3750  -2.3380
 -49.46   -2.70
 -50.00   -3.50
-50.029099 -3.537700  
-50.126801 -3.443200  
-50.176201 -3.355200  
-50.260899 -3.252400  
-50.345699 -3.208400  
-50.471699 -3.222700  
-50.614300 -3.207700  
-50.769798 -3.203400  
-50.895901 -3.177600  
-50.999599 -3.131500  
-51.083302 -3.081600  
-51.204800 -3.033300  
-51.292000 -2.963400  
-51.366299 -2.931200  
-51.464199 -2.926200  
-51.542000 -2.975400  
-51.573898 -3.022900  
-51.648201 -3.112000  
-51.703602 -3.168000  
-51.775501 -3.227700  
-51.871101 -3.256900  
-51.959499 -3.276600  
-52.057400 -3.316500  
-52.178902 -3.364800  
-52.271000 -3.429400  
-52.332298 -3.509000  
-52.406601 -3.545100  
-52.456200 -3.573900  
-52.473900 -3.589400  
-52.537601 -3.641800  
-52.602501 -3.677800  
-52.661400 -3.698400  
-52.716900 -3.707200  
-52.783001 -3.722000  
-52.856201 -3.745100  
-52.915199 -3.758600  
-52.970600 -3.806300  
-53.023701 -3.858600  
-53.112202 -3.904300  
-53.187801 -3.917900  
-53.286999 -3.930600  
-53.377899 -3.940900  
-53.449902 -3.935600  
-53.591599 -3.958100  
-53.682499 -3.943600  
-53.759300 -3.959600  
-53.813599 -4.017900  
-53.877300 -4.078600  
-53.987099 -4.135000  
-54.111099 -4.140800  
-54.247002 -4.153700  
-54.348598 -4.168800  
-54.457298 -4.199200  
-54.554199 -4.213000  
-54.669998 -4.221000  
-54.751499 -4.237100  
-54.870899 -4.272300  
-54.976101 -4.261300  
-55.049400 -4.239500  
-55.153500 -4.242800  
-55.153500 -4.242800  
-55.259899 -4.246000  
-55.376999 -4.241100  
-55.452702 -4.220500  
-55.501099 -4.238500  
-55.549599 -4.277800  
-55.646500 -4.330500  
-55.772999 -4.357400  
-55.869999 -4.372400  
-55.917198 -4.423400  
-56.005901 -4.459500  
-56.118301 -4.460400  
-56.205898 -4.469300  
-56.332401 -4.515100  
-56.424702 -4.546500  
-56.546501 -4.576900  
-56.651699 -4.644900  
-56.768799 -4.689400  
-56.867001 -4.716000  
-56.966400 -4.742700  
-57.052799 -4.769300  
-57.081200 -4.791900  
-57.137901 -4.831200  
-57.257500 -4.845100  
-57.325001 -4.853800  
-57.373501 -4.880100  
-57.431499 -4.882900  
-57.491901 -4.912800  
-57.527302 -4.962500  
-57.574501 -5.030100  
-57.592098 -5.092700  
-57.630001 -5.133000  
-57.712898 -5.137200  
-57.756699 -5.130400  
-57.793400 -5.124700  
-57.832500 -5.136800  
-57.895302 -5.150200  
-57.955700 -5.136500  
-57.992500 -5.091900  
-58.023399 -5.060300  
-58.080299 -5.060700  
-58.144199 -5.106000  
-58.209202 -5.167700  
-58.283699 -5.210700  
-58.360699 -5.243000  
-58.475601 -5.275600  
-58.524101 -5.313700  
-58.561798 -5.382300  
-58.637600 -5.434700  
-58.735802 -5.487200  
-58.829399 -5.511400  
-58.908699 -5.549600  
-58.978600 -5.577200  
-59.062599 -5.631900  
-59.144402 -5.651300  
-59.220200 -5.667100  
-59.320900 -5.690200  
-59.412201 -5.710800  
-59.504700 -5.705500  
-59.557098 -5.646900  
-59.570400 -5.551500  
-59.598999 -5.499800  
-59.640499 -5.509500  
-59.677101 -5.587500  
-59.732601 -5.658600  
-59.788101 -5.734300  
-59.804501 -5.827600  
-59.830200 -5.946800  
-59.871498 -6.050800  
-59.928200 -6.124200  
-60.007500 -6.204800  
-60.067699 -6.306600  
-60.072201 -6.413900  
-60.123001 -6.469600  
-60.189499 -6.454600  
-60.202702 -6.398100  
-60.244301 -6.365400  
-60.299999 -6.368100  
-60.324799 -6.428300  
-60.337601 -6.516800  
-60.343201 -6.627700  
-60.351299 -6.711400  
-60.352200 -6.823400  
-60.393600 -6.916800  
-60.471600 -7.033900  
-60.560299 -7.120500  
-60.626598 -7.202200  
-60.701099 -7.291000  
-60.760300 -7.319700  
-60.834999 -7.337800  
-60.928699 -7.364200  
-61.015202 -7.397700  
-61.082699 -7.437000  
-61.159698 -7.489300  
-61.229599 -7.553300  
-61.288799 -7.603100  
-61.352798 -7.641200  
-61.447701 -7.671200  
-61.550900 -7.671700  
-61.670799 -7.662900  
-61.760799 -7.725800  
-61.830700 -7.793400  
-61.938599 -7.862300  
-62.008499 -7.892100  
-62.146301 -7.886900  
-62.221100 -7.869600  
-62.286499 -7.849900  
-62.423000 -7.850500  
-62.554798 -7.883000  
-62.680698 -7.883600  
-62.821999 -7.888900  
-62.932400 -7.904800  
-63.039299 -7.922900  
-63.142601 -7.962300  
-63.246899 -8.028800  
-63.337101 -8.083400  
-63.431900 -8.174600  
-63.535000 -8.261100  
-63.634602 -8.327500  
-63.744999 -8.392800  
-63.835098 -8.443900  
-63.948002 -8.459600  
-64.036003 -8.462400  
-64.145401 -8.438000  
-64.221497 -8.461900  
-64.302101 -8.523500  
-64.339897 -8.594400  
-64.387100 -8.703000  
-64.499802 -8.783600  
-64.586502 -8.825200  
-64.695801 -8.839800  
-64.835098 -8.823800  
-64.944603 -8.781700  
-65.023499 -8.701900  
-65.079803 -8.594800  
-65.141899 -8.517200  
-65.201797 -8.416100  
-65.280701 -8.345700  
-65.343903 -8.301100  
-65.433403 -8.249500  
-65.531303 -8.180300  
-65.635101 -8.148900  
-65.757500 -8.198800  
-65.897797 -8.254600  
-66.000000 -8.292700  
-66.129402 -8.387400  
-66.232498 -8.498500  
-66.232498 -8.500800  
-66.340599 -8.576600  
-66.340599 -8.576600  
-66.428299 -8.665200  
-66.489998 -8.731400  
-66.607498 -8.820200  
-66.704803 -8.911200  
-66.806900 -8.995200  
-66.873398 -9.053100  
-66.924301 -9.127500  
-66.937103 -9.187600  
 -70.00  -13.00
 -75.00  -13.00
 -75.00   +6.00
 
