 -73.0705   7.9255
 -73.0024   7.8467
 -72.9364   7.7345
 -72.8990   7.6174
 -72.8788   7.4949
 -72.8366   7.4142
 -72.6977   7.3567
 -72.5220   7.3160
 -72.4607   7.2679
 -72.4607   7.2679
 -72.4964   7.2055
 -72.6217   7.1773
 -72.7556   7.1465
 -72.8377   7.1044
 -72.8578   6.9869
 -72.8578   6.9869
 -72.7929   6.9052
 -72.8071   6.8997
 -72.6946   6.8676
 -72.5883   6.8510
 -72.5062   6.7655
 -72.4543   6.6207
 -72.4292   6.5225
 -72.4047   6.4456
 -72.4020   6.3241
 -72.3990   6.1815
 -72.4073   6.0303
 -72.4165   5.9216
 -72.4376   5.8347
 -72.5704   5.7528
 -72.6582   5.7083
 -72.7138   5.6292
 -72.7553   5.4103
 -72.8058   5.3582
 -72.8655   5.3398
 -72.9338   5.3189
 -72.9848   5.2911
 -73.0068   5.2438
 -73.0313   5.1815
 -73.0313   5.1785
 -73.1051   5.1488
 -73.1730   5.1038
 -73.2285   5.0130
 -73.2840   4.9161
 -73.3090   4.8721
 -73.3090   4.8721
 -73.3573   4.8564
 -73.3573   4.8564
 -73.4040   4.9039
 -73.4335   4.9506
 -73.5200   4.9881
 -73.6030   4.9832
 -73.6794   4.9358
 -73.7588   4.8886
 -73.7916   4.8029
 -73.7897   4.6974
 -73.7897   4.6974
 -73.7880   4.6010
 -73.7695   4.5248
 -73.7390   4.4149
 -73.7432   4.3248
 -73.7432   4.3248
 -73.8051   4.2528
 -73.8049   4.2438
 -73.8789   4.2146
 -73.9680   4.2313
 -74.0171   4.2550
 -74.0828   4.2464
 -74.1368   4.2162
 -74.1613   4.1424
 -74.1286   4.0626
 -74.1013   3.9680
 -74.1013   3.9680
 -74.1109   3.8484
 -74.1961   3.7930
 -74.2152   3.7340
 -74.2633   3.6916
 -74.3369   3.6236
 -74.3732   3.5567
 -74.3551   3.4927
 -74.3830   3.4373
 -74.4576   3.4414
 -74.5525   3.4618
 -74.6366   3.5325
 -74.6608   3.6238
 -74.6392   3.7125
 -74.5482   3.7614
 -74.4454   3.7947
 -74.3714   3.8296
 -74.3470   3.9183
 -74.3511   3.9965
 -74.4151   4.0601
 -74.4163   4.1322
 -74.3693   4.2408
 -74.2790   4.3260
 -74.1857   4.4022
 -74.0958   4.5117
 -74.0198   4.5889
 -73.9352   4.6658
 -73.9352   4.6658
 -73.9019   4.7242
 -73.9033   4.8056
 -73.9381   4.8285
 -73.9920   4.7981
 -74.0540   4.7381
 -74.1363   4.6973
 -74.2165   4.6925
 -74.2630   4.7310
 -74.2527   4.7966
 -74.2530   4.8117
 -74.1915   4.8927
 -74.1615   4.9754
 -74.1615   4.9754
 -74.0941   5.0532
 -74.0271   5.1462
 -73.9649   5.1912
 -73.9649   5.1912
 -73.9391   5.1869
 -73.9371   5.0844
 -73.9158   5.0170
 -73.8323   4.9947
 -73.7505   5.0629
 -73.7928   5.1765
 -73.8056   5.2495
 -73.7903   5.3452
 -73.7549   5.4370
 -73.6646   5.5049
 -73.5907   5.5345
 -73.5308   5.5467
 -73.4953   5.4906
 -73.4992   5.4003
 -73.5149   5.3226
 -73.4802   5.3058
 -73.4120   5.3297
 -73.3488   5.3236
 -73.3488   5.3236
 -73.2731   5.4014
 -73.2731   5.4014
 -73.1225   5.4607
 -73.0091   5.5128
 -73.0091   5.5128
 -72.9622   5.6013
 -72.9467   5.6852
 -72.9563   5.7340
 -73.0187   5.7097
 -73.1032   5.6411
 -73.2004   5.6336
 -73.2640   5.6668
 -73.2726   5.6672
 -73.2726   5.6672
 -73.2889   5.7617
 -73.2766   5.8608
 -73.2766   5.8608
 -73.2766   5.8608
 -73.2118   5.9122
 -73.1963   5.9901
 -73.1963   5.9901
 -73.1985   6.0931
 -73.1985   6.0931
 -73.1290   6.1897
 -73.0326   6.2368
 -73.0326   6.2368
 -72.9345   6.2021
 -72.9011   6.1098
 -72.8979   5.9583
 -72.8818   5.8728
 -72.8818   5.8728
 -72.8358   5.8616
 -72.7929   5.9989
 -72.7647   6.1582
 -72.7682   6.3189
 -72.7813   6.3952
 -72.8889   6.4697
 -72.9538   6.5544
 -73.0214   6.6331
 -73.0291   6.7183
 -73.0773   6.8205
 -73.0976   6.9518
 -73.0990   7.0125
 -73.0990   7.0125
 -73.0611   7.1019
 -73.0792   7.1421
 -73.1385   7.2205
 -73.1471   7.3362
 -73.1017   7.4709
 -73.1017   7.4709
 -73.1033   7.5348
 -73.1715   7.6197
 -73.1801   7.7325
 -73.1659   7.8474
 -73.1659   7.8474
 -73.0935   7.9295
>999 999
 -75.2485   5.6703
 -75.2488   5.6854
 -75.2011   5.6046
 -75.1987   5.4873
 -75.1987   5.4873
 -75.1683   5.4075
 -75.1714   5.2754
 -75.1808   5.1738
 -75.2366   5.0898
 -75.2518   4.9855
 -75.2316   4.8283
 -75.2295   4.7112
 -75.2295   4.7112
 -75.2295   4.7112
 -75.2583   4.5568
 -75.2583   4.5568
 -75.3107   4.4308
 -75.3164   4.4311
 -75.3750   4.3296
 -75.4339   4.2460
 -75.4338   4.2400
 -75.5047   4.1842
 -75.5588   3.9748
 -75.6005   3.8844
 -75.6508   3.7917
 -75.7364   3.7489
 -75.7364   3.7489
 -75.8274   3.6855
 -75.8809   3.6080
 -75.8838   3.6082
 -75.9115   3.5382
 -75.9491   3.3403
 -75.9491   3.3403
 -76.0167   3.2339
 -76.1111   3.1950
 -76.2058   3.1829
 -76.2387   3.2745
 -76.2401   3.3820
 -76.2401   3.3820
 -76.2037   3.4574
 -76.1467   3.4957
 -76.1473   3.5375
 -76.1539   3.5947
 -76.1549   3.6664
 -76.0899   3.7431
 -76.0079   3.8368
 -75.8656   3.9300
 -75.8656   3.9300
 -75.8656   3.9300
 -75.7725   4.0441
 -75.7002   4.1925
 -75.7002   4.1925
 -75.6618   4.3041
 -75.6261   4.4009
 -75.6261   4.4009
 -75.6135   4.4990
 -75.6157   4.6220
 -75.6035   4.7412
 -75.5702   4.8082
 -75.5004   4.9153
 -75.4846   4.9924
 -75.4552   5.1018
 -75.4030   5.2220
 -75.3439   5.2848
 -75.3439   5.2848
 -75.2989   5.3334
 -75.2989   5.3334
 -75.2811   5.4466
 -75.2835   5.5610
 -75.2653   5.6472
>999 999
 -76.2056   2.9323
 -76.1761   2.8679
 -76.0954   2.8509
 -76.0063   2.8602
 -75.9511   2.8150
 -75.9675   2.7385
 -75.9666   2.6549
 -75.9659   2.5833
 -76.0462   2.5615
 -76.1151   2.5539
 -76.1665   2.5184
 -76.1665   2.5184
 -76.2089   2.4377
 -76.2310   2.3437
 -76.2310   2.3437
 -76.2615   2.2295
 -76.3328   2.1537
 -76.3524   2.0865
 -76.3230   2.0221
 -76.3230   2.0221
 -76.3341   1.9633
 -76.3341   1.9633
 -76.4083   1.8878
 -76.4770   1.8328
 -76.5429   1.7895
 -76.5771   1.7412
 -76.6163   1.5625
 -76.6678   1.5094
 -76.7454   1.4790
 -76.8202   1.4484
 -76.8341   1.3513
 -76.8341   1.3513
 -76.8394   1.2655
 -76.8394   1.2655
 -76.8394   1.2655
 -76.8533   1.1715
 -76.8533   1.1715
 -76.9193   1.1047
 -77.0375   1.0684
 -77.1355   1.0603
 -77.1643   1.0297
 -77.1813   0.9478
 -77.2013   0.8869
 -77.2069   0.8310
 -77.2530   0.8075
 -77.2588   0.8079
 -77.2759   0.7528
 -77.2759   0.7528
 -77.2989   0.6981
 -77.3680   0.6259
 -77.4633   0.6031
 -77.4633   0.6031
 -77.6020   0.6012
 -77.7032   0.5759
 -77.7032   0.5759
 -77.7493   0.5141
 -77.7724   0.4684
 -77.8650   0.4633
 -77.9547   0.4847
 -78.0155   0.5661
 -78.0246   0.7532
 -78.0046   0.8643
 -77.9673   0.9770
 -77.9010   1.0522
 -77.8117   1.1317
 -77.7569   1.1604
 -77.7569   1.1604
 -77.6962   1.1561
 -77.6698   1.0683
 -77.6522   0.9781
 -77.6346   0.8939
 -77.5997   0.8470
 -77.5274   0.8092
 -77.4639   0.8195
 -77.4293   0.8526
 -77.4293   0.8526
 -77.4295   0.9297
 -77.4413   0.9898
 -77.4070   1.0942
 -77.3437   1.1342
 -77.2313   1.1768
 -77.1651   1.2226
 -77.0847   1.3032
 -77.0847   1.3032
 -77.0622   1.4085
 -77.0483   1.4996
 -77.0483   1.4996
 -76.9912   1.5967
 -76.9078   1.6326
 -76.8561   1.6618
 -76.8561   1.6618
 -76.8422   1.7381
 -76.8429   1.8244
 -76.8002   1.8929
 -76.7572   1.9257
 -76.6709   1.9497
 -76.5991   1.9747
 -76.5243   1.9876
 -76.4874   2.0447
 -76.4874   2.0447
 -76.4741   2.1718
 -76.4578   2.2899
 -76.4475   2.4083
 -76.4480   2.4649
 -76.4487   2.5275
 -76.4088   2.5666
 -76.3517   2.6166
 -76.3298   2.7166
 -76.3138   2.8348
 -76.2831   2.9104
 -76.2373   2.9343
>999 999
 -78.4642   0.3302
 -78.4034   0.2518
 -78.4034   0.2518
 -78.3107   0.2005
 -78.1920   0.1355
 -78.1051   0.0817
 -78.1051   0.0817
 -78.0792  -0.0386
 -78.0678  -0.1399
 -78.0157  -0.1941
 -77.9898  -0.2670
 -78.0045  -0.3605
 -78.0742  -0.4233
 -78.1875  -0.4974
 -78.2400  -0.5880
 -78.2400  -0.5939
 -78.2520  -0.6786
 -78.2520  -0.6786
 -78.2322  -0.7895
 -78.1862  -0.8757
 -78.1781  -0.9856
 -78.2341  -1.1349
 -78.3072  -1.2296
 -78.3573  -1.3408
 -78.4101  -1.4045
 -78.4913  -1.3981
 -78.5548  -1.3371
 -78.5862  -1.2638
 -78.6529  -1.2585
 -78.7347  -1.3081
 -78.7615  -1.3885
 -78.8001  -1.4916
 -78.8188  -1.6287
 -78.8726  -1.7776
 -78.9251  -1.7911
 -78.9280  -1.7909
 -78.9740  -1.7370
 -78.9840  -1.5682
 -78.9885  -1.4234
 -78.9992  -1.3017
 -78.9982  -1.1750
 -78.9855  -1.0228
 -78.9855  -1.0228
 -78.9644  -0.9183
 -78.9644  -0.9183
 -78.9406  -0.8287
 -78.8795  -0.8159
 -78.8795  -0.8159
 -78.8128  -0.8329
 -78.8128  -0.8329
 -78.7812  -0.8855
 -78.7612  -0.9461
 -78.7444  -1.0448
 -78.7247  -1.1407
 -78.7247  -1.1407
 -78.6725  -1.1566
 -78.6575  -1.0723
 -78.6624  -0.9303
 -78.6444  -0.8402
 -78.6180  -0.7773
 -78.6180  -0.7773
 -78.6001  -0.6872
 -78.5998  -0.6253
 -78.6345  -0.5842
 -78.7186  -0.5629
 -78.8142  -0.5201
 -78.8486  -0.4171
 -78.8453  -0.3199
 -78.7756  -0.2840
 -78.6450  -0.2941
 -78.5813  -0.3403
 -78.5813  -0.3403
 -78.5324  -0.4681
 -78.4895  -0.6072
 -78.4348  -0.7000
 -78.4348  -0.7000
 -78.3826  -0.7159
 -78.3505  -0.6652
 -78.3355  -0.5511
 -78.3351  -0.4182
 -78.3351  -0.4182
 -78.3579  -0.3160
 -78.4012  -0.2418
 -78.4503  -0.1288
 -78.5081  -0.0358
 -78.5514   0.0709
 -78.5513   0.1920
 -78.5367   0.2529
 -78.4816   0.2990
 -78.4816   0.3168
>999 999
 -78.4722  -1.8629
 -78.4434  -1.8947
 -78.4268  -1.9727
 -78.4268  -1.9727
 -78.4277  -2.0670
 -78.4284  -2.1260
 -78.3942  -2.1878
 -78.3942  -2.1878
 -78.4016  -2.3258
 -78.4488  -2.3839
 -78.5101  -2.3996
 -78.5571  -2.4371
 -78.5811  -2.4941
 -78.6024  -2.5690
 -78.6024  -2.5690
 -78.5831  -2.6473
 -78.5838  -2.7032
 -78.5838  -2.7032
 -78.6171  -2.7948
 -78.6847  -2.8364
 -78.7933  -2.8893
 -78.8408  -2.9473
 -78.8364  -3.0419
 -78.7910  -3.1164
 -78.7399  -3.2062
 -78.7530  -3.2905
 -78.8126  -3.3680
 -78.8126  -3.3680
 -78.8751  -3.4364
 -78.8879  -3.5031
 -78.8950  -3.5732
 -78.8815  -3.6333
 -78.9009  -3.7347
 -78.9402  -3.8021
 -78.9402  -3.8021
 -78.9542  -3.9246
 -79.0175  -4.0193
 -79.0939  -4.0363
 -79.1451  -3.9700
 -79.1451  -3.9700
 -79.1878  -3.9104
 -79.2342  -3.8917
 -79.2704  -3.9474
 -79.3501  -3.9818
 -79.4405  -3.9651
 -79.4894  -3.9285
 -79.5425  -3.8091
 -79.5735  -3.7505
 -79.6410  -3.7564
 -79.6410  -3.7564
 -79.6938  -3.7636
 -79.7253  -3.7314
 -79.7008  -3.6748
 -79.6329  -3.6483
 -79.6329  -3.6483
 -79.5391  -3.6417
 -79.4808  -3.6468
 -79.4808  -3.6468
 -79.4085  -3.6912
 -79.3426  -3.7558
 -79.2583  -3.7807
 -79.2168  -3.7519
 -79.1713  -3.6675
 -79.1356  -3.6352
 -79.1356  -3.6352
 -79.0973  -3.6179
 -79.0973  -3.6179
 -79.0759  -3.5667
 -79.0613  -3.5679
 -79.0452  -3.4868
 -79.0294  -3.4146
 -79.0401  -3.3636
 -79.0684  -3.3111
 -79.0787  -3.2307
 -79.0401  -3.1898
 -79.0098  -3.1217
 -79.0261  -3.0496
 -79.0994  -3.0700
 -79.1052  -3.0695
 -79.1530  -3.1361
 -79.1975  -3.1765
 -79.2796  -3.2020
 -79.3846  -3.1930
 -79.3905  -3.1925
 -79.4366  -3.1562
 -79.4264  -3.0718
 -79.3928  -2.9863
 -79.3744  -2.9290
 -79.2831  -2.8808
 -79.2831  -2.8808
 -79.1805  -2.8541
 -79.1805  -2.8541
 -79.0868  -2.8266
 -79.0358  -2.7337
 -79.0358  -2.7337
 -78.9737  -2.6711
 -78.9263  -2.6161
 -78.8852  -2.5900
 -78.8236  -2.5597
 -78.7967  -2.5118
 -78.7635  -2.4232
 -78.7622  -2.3113
 -78.7322  -2.2430
 -78.6531  -2.1963
 -78.6063  -2.1736
 -78.6061  -2.1589
 -78.5733  -2.0819
 -78.5433  -1.9929
 -78.5339  -1.9346
 -78.5190  -1.8945
 -78.5014  -1.8783
>999 999
 -75.8304 -10.1290
 -75.9577 -10.1444
 -76.1740 -10.1726
 -76.2190 -10.2726
 -76.1888 -10.4121
 -76.1888 -10.4121
 -76.1780 -10.5172
 -76.2664 -10.5894
 -76.3503 -10.4658
 -76.4258 -10.3549
 -76.4258 -10.3549
 -76.4803 -10.2370
 -76.4882 -10.1323
 -76.4697 -10.0329
 -76.4045  -9.9467
 -76.3844  -9.8802
 -76.3839  -9.8654
 -76.3821  -9.8180
 -76.4514  -9.7761
 -76.4662  -9.6976
 -76.4285  -9.6327
 -76.4259  -9.5587
 -76.4218  -9.4432
 -76.4768  -9.3315
 -76.5125  -9.2570
 -76.5425  -9.1891
 -76.5843  -9.1230
 -76.7277  -9.0983
 -76.8095  -9.0821
 -76.8154  -9.0815
 -76.8745  -9.0050
 -76.8804  -9.0045
 -76.8955  -8.9320
 -76.8805  -8.8385
 -76.8776  -8.7528
 -76.9153  -8.6516
 -76.9756  -8.6077
 -77.0269  -8.5586
 -77.0628  -8.4902
 -77.1209  -8.4702
 -77.2113  -8.4473
 -77.2934  -8.4399
 -77.3451  -8.4027
 -77.3735  -8.2847
 -77.3845  -8.0883
 -77.3845  -8.0883
 -77.3926  -7.9781
 -77.3901  -7.9014
 -77.3881  -7.8394
 -77.4561  -7.7623
 -77.5072  -7.7045
 -77.5421  -7.6038
 -77.5393  -7.5124
 -77.5370  -7.4416
 -77.5199  -7.3632
 -77.5183  -7.3102
 -77.5374  -7.2612
 -77.5474  -7.2070
 -77.5505  -7.1122
 -77.5527  -6.9907
 -77.5527  -6.9907
 -77.5491  -6.8669
 -77.5491  -6.8669
 -77.5570  -6.8337
 -77.5849  -6.7869
 -77.6366  -6.7498
 -77.6983  -6.7563
 -77.7318  -6.7976
 -77.7711  -6.8385
 -77.8191  -6.8756
 -77.8742  -6.8530
 -77.9135  -6.7934
 -77.9479  -6.7667
 -77.9811  -6.7992
 -77.9811  -6.7992
 -77.9738  -6.9476
 -77.9738  -6.9476
 -77.9575  -7.0849
 -77.8879  -7.2093
 -77.7384  -7.4946
 -77.6403  -7.7340
 -77.6403  -7.7340
 -77.6403  -7.7340
 -77.5480  -7.8754
 -77.5337  -7.9773
 -77.5112  -8.0947
 -77.5183  -8.2184
 -77.5091  -8.3790
 -77.4778  -8.4943
 -77.3965  -8.6112
 -77.3312  -8.7623
 -77.2482  -8.9120
 -77.1317  -9.0322
 -77.0703  -9.1267
 -76.9807  -9.1734
 -76.8945  -9.2346
 -76.8427  -9.4321
 -76.8221  -9.5942
 -76.7866  -9.7487
 -76.7866  -9.7487
 -76.7675  -9.8692
 -76.7551 -10.0099
 -76.7588 -10.1046
 -76.8561 -10.0244
 -76.9052  -9.8418
 -76.9471  -9.7015
 -76.9471  -9.7015
 -76.9658  -9.6493
 -77.0091  -9.6246
 -77.0091  -9.6246
 -77.0719  -9.6455
 -77.1659  -9.6339
 -77.2014  -9.5595
 -77.1742  -9.3870
 -77.1742  -9.3870
 -77.2127  -9.2323
 -77.2861  -9.1427
 -77.3607  -9.0884
 -77.4219  -8.9880
 -77.4219  -8.9880
 -77.4729  -8.9330
 -77.5402  -8.8380
 -77.6107  -8.6687
 -77.6681  -8.5451
 -77.7147  -8.4491
 -77.7147  -8.4491
 -77.7857  -8.3746
 -77.8577  -8.2438
 -77.8853  -8.1082
 -77.8981  -7.9680
 -77.8914  -7.8563
 -77.9350  -7.7548
 -77.9350  -7.7548
 -77.9350  -7.7548
 -78.0203  -7.7530
 -78.1475  -7.7739
 -78.1774  -7.8717
 -78.1749  -8.0522
 -78.1749  -8.0522
 -78.2742  -8.0283
 -78.3208  -7.9295
 -78.3411  -7.8360
 -78.3718  -7.7889
 -78.3718  -7.7889
 -78.4153  -7.7672
 -78.4147  -7.7525
 -78.4207  -7.6692
 -78.4338  -7.5381
 -78.4325  -7.3256
 -78.3248  -7.3591
 -78.2766  -7.4136
 -78.2010  -7.4412
 -78.2010  -7.4412
 -78.1491  -7.3838
 -78.1491  -7.3838
 -78.1613  -7.3059
 -78.1875  -7.2061
 -78.2088  -7.1392
 -78.2534  -7.0614
 -78.3005  -6.9715
 -78.3080  -6.8351
 -78.3139  -6.8345
 -78.3349  -6.7559
 -78.3804  -6.7075
 -78.4449  -6.7018
 -78.5093  -6.6960
 -78.5712  -6.7022
 -78.6047  -6.6461
 -78.6594  -6.6087
 -78.6594  -6.6087
 -78.7121  -6.6040
 -78.7492  -6.6625
 -78.7522  -6.6623
 -78.7548  -6.7446
 -78.7467  -6.8604
 -78.7632  -6.9149
 -78.7691  -6.9144
 -78.8122  -6.9753
 -78.8555  -7.0362
 -78.9040  -7.0790
 -78.9932  -7.1032
 -79.0350  -7.1200
 -79.0656  -7.1526
 -79.0656  -7.1526
 -79.0676  -7.2113
 -78.9901  -7.2686
 -78.8291  -7.3012
 -78.7385  -7.3213
 -78.7039  -7.4278
 -78.6897  -7.5265
 -78.6897  -7.5265
 -78.6920  -7.5941
 -78.7251  -7.6117
 -78.7709  -7.5750
 -78.8415  -7.5685
 -78.8777  -7.5917
 -78.8682  -7.6575
 -78.8098  -7.7544
 -78.7541  -7.8452
 -78.7031  -7.9030
 -78.6555  -7.9724
 -78.6283  -8.1137
 -78.5965  -8.2112
 -78.5667  -8.2819
 -78.4950  -8.3358
 -78.4020  -8.3740
 -78.3239  -8.4167
 -78.2420  -8.4362
 -78.1649  -8.4255
 -78.1120  -8.4304
 -78.0704  -8.5023
 -78.0138  -8.5666
 -77.9617  -8.6720
 -77.9240  -8.7672
 -77.8981  -8.8643
 -77.8714  -8.9378
 -77.8063  -9.0889
 -77.7578  -9.2088
 -77.6835  -9.3490
 -77.6555  -9.4642
 -77.6451  -9.5748
 -77.6471  -9.6250
 -77.7123  -9.6278
 -77.8033  -9.5363
 -77.8870  -9.4130
 -77.9490  -9.3361
 -77.9994  -9.2663
 -78.0518  -9.2466
 -78.0599  -9.3731
 -78.0378  -9.4847
 -78.0382  -9.4936
 -77.9980  -9.5951
 -77.9681  -9.7312
 -77.9681  -9.7312
 -77.9464  -9.9198
 -77.9119 -10.0150
 -77.8079 -10.0781
 -77.7539 -10.1307
 -77.7140 -10.2382
 -77.6664 -10.3732
 -77.6109 -10.5298
 -77.5644 -10.6202
 -77.4881 -10.6393
 -77.4298 -10.5944
 -77.3749 -10.5580
 -77.3749 -10.5580
 -77.2747 -10.5704
 -77.2141 -10.6087
 -77.1734 -10.6987
 -77.1649 -10.7767
 -77.1734 -10.8383
 -77.2609 -10.8716
 -77.3204 -10.9432
 -77.3204 -10.9432
 -77.3238 -11.0885
 -77.3238 -11.0885
>999 999
 -77.2360 -11.0701
 -77.1538 -11.0448
 -77.0759 -10.9800
 -76.9919 -10.9156
 -76.9299 -10.8731
 -76.8676 -10.8907
 -76.8196 -10.9610
 -76.8014 -11.0257
 -76.8046 -11.0975
 -76.8681 -11.1698
 -76.9345 -11.2419
 -76.9501 -11.3184
 -76.9543 -11.4080
 -76.9250 -11.4886
 -76.8520 -11.5371
 -76.7743 -11.5500
 -76.7657 -11.6226
 -76.7688 -11.6883
 -76.7718 -11.7509
 -76.7871 -11.8184
 -76.7937 -11.8927
 -76.7278 -11.9643
 -76.6450 -11.9985
 -76.6183 -12.0697
 -76.6218 -12.1412
 -76.6264 -12.2335
 -76.6303 -12.3109
 -76.6005 -12.3793
 -76.5371 -12.4416
 -76.4921 -12.5082
 -76.4238 -12.5947
 -76.3851 -12.6667
 -76.3235 -12.7078
 -76.2476 -12.7051
 -76.1716 -12.6426
 -76.1314 -12.5682
 -76.0576 -12.4875
 -75.9911 -12.4330
 -75.9155 -12.4389
 -75.8547 -12.5005
 -75.8427 -12.5643
 -75.8309 -12.6340
 -75.8197 -12.7126
 -75.7876 -12.8017
 -75.7734 -12.8805
 -75.7617 -12.9501
 -75.7471 -13.0230
 -75.7323 -13.0898
 -75.7701 -13.1735
 -75.8039 -13.2365
 -75.8073 -13.3019
 -75.7803 -13.3667
 -75.7685 -13.4333
 -75.7538 -13.5000
 -75.6766 -13.5388
 -75.6110 -13.5110
 -75.5371 -13.4987
 -75.4954 -13.5764
 -75.4836 -13.6429
 -75.4724 -13.7183
 -75.3927 -13.7720
 -75.3207 -13.8548
 -75.2876 -13.9228
 -75.2458 -14.0004
 -75.1816 -14.0587
 -75.1175 -14.0632
 -75.0434 -14.0536
 -74.9731 -14.0585
 -74.8933 -14.1147
 -74.8147 -14.1946
 -74.7883 -14.2739
 -74.7400 -14.3487
 -74.7107 -14.4312
 -74.7002 -14.5212
 -74.6881 -14.5816
 -74.6796 -14.6507
 -74.6480 -14.7481
 -74.6177 -14.8126
 -74.5849 -14.8863
 -74.5733 -14.9555
 -74.5282 -15.0299
 -74.4626 -15.0700
 -74.3956 -15.0862
 -74.3257 -15.1056
 -74.2519 -15.0538
 -74.2480 -14.9826
 -74.2599 -14.9194
 -74.1831 -14.9242
 -74.1102 -14.9466
 -74.0956 -15.0190
 -74.1083 -15.0807
 -74.1148 -15.1428
 -74.1274 -15.2045
 -74.1312 -15.2727
 -74.1347 -15.3350
 -74.1390 -15.4121
 -74.0711 -15.4699
 -73.9830 -15.4426
 -73.8997 -15.4477
 -73.8622 -15.3845
 -73.8124 -15.3221
 -73.7330 -15.2851
 -73.6528 -15.2898
 -73.5987 -15.3763
 -73.5525 -15.4385
 -73.4778 -15.4309
 -73.4060 -15.3635
 -73.3673 -15.2764
 -73.2942 -15.2983
 -73.2822 -15.3645
 -73.2039 -15.4075
 -73.1380 -15.3932
 -73.0719 -15.3729
 -73.0029 -15.4183
 -73.0067 -15.4896
 -73.0104 -15.5609
 -73.0137 -15.6232
 -72.9802 -15.6935
 -72.9405 -15.7641
 -72.9231 -15.8454
 -72.8587 -15.8607
 -72.7803 -15.8469
 -72.7132 -15.8117
 -72.6354 -15.7501
 -72.5655 -15.7208
 -72.4902 -15.7067
 -72.4252 -15.7099
 -72.3446 -15.7138
 -72.2716 -15.7441
 -72.2039 -15.7592
 -72.1544 -15.8241
 -72.2103 -15.8841
 -72.2766 -15.9047
 -72.3395 -15.9791
 -72.3502 -16.0650
 -72.3606 -16.1449
 -72.3490 -16.2199
 -72.3088 -16.2843
 -72.2433 -16.3411
 -72.1654 -16.4014
 -72.0956 -16.4374
 -72.0092 -16.4534
 -71.9408 -16.4566
 -71.8506 -16.4607
 -71.7791 -16.4640
 -71.7100 -16.4551
 -71.6636 -16.5227
 -71.6501 -16.6246
 -71.6173 -16.7153
 -71.5744 -16.7917
 -71.4977 -16.8188
 -71.4075 -16.8257
 -71.3016 -16.8303
 -71.2206 -16.8337
 -71.1387 -16.8192
 -71.0514 -16.8228
 -70.9824 -16.8167
 -70.9398 -16.9018
 -70.9243 -16.9680
 -70.9062 -17.0431
 -70.8943 -17.1181
 -70.8159 -17.1778
 -70.7167 -17.1937
 -70.6361 -17.2087
 -70.5680 -17.2233
 -70.4892 -17.2740
 -70.4610 -17.3376
 -70.3968 -17.3668
 -70.3230 -17.3934
 -70.2607 -17.3987
 -70.2052 -17.4812
 -70.1527 -17.5606
 -70.1123 -17.6336
 -70.0942 -17.7118
 -70.0815 -17.7748
 -70.0850 -17.8461
 -70.0882 -17.9116
 -70.0162 -17.9797
 -69.9454 -18.0061
 -69.8867 -18.0887
 -69.8277 -18.1653
 -69.7937 -18.2409
 -69.8063 -18.3090
 -69.7876 -18.3752
 -69.7140 -18.4761
 -69.6982 -18.5392
 -69.7083 -18.6192
 -69.7115 -18.6846
 -69.7211 -18.7527
 -69.7312 -18.8297
 -69.7343 -18.8921
 -69.7001 -18.9648
 -69.6498 -19.0291
 -69.5729 -19.0646
 -69.5041 -19.1385
 -69.4922 -19.2163
 -69.4955 -19.2846
 -69.4984 -19.3440
 -69.5021 -19.4183
 -69.5055 -19.4866
 -69.5096 -19.5697
 -69.5138 -19.6528
 -69.5172 -19.7211
 -69.4866 -19.8025
 -69.4557 -19.8780
 -69.4400 -19.9440
 -69.4247 -20.0160
 -69.3963 -20.0795
 -69.3839 -20.1453
 -69.3565 -20.2296
 -69.3481 -20.3132
 -69.3176 -20.3975
 -69.3051 -20.4634
 -69.2899 -20.5383
 -69.2555 -20.6080
 -69.2207 -20.6717
 -69.2085 -20.7435
 -69.2120 -20.8117
 -69.1994 -20.8746
 -69.2032 -20.9487
 -69.2190 -21.0076
 -69.2363 -21.0961
 -69.2522 -21.1579
 -69.2907 -21.2247
 -69.3040 -21.2955
 -69.2692 -21.3592
 -69.2736 -21.4422
 -69.2771 -21.5074
 -69.2809 -21.5785
 -69.2849 -21.6526
 -69.2727 -21.7214
 -69.2253 -21.7886
 -69.2450 -21.8591
 -69.2712 -21.9293
 -69.2754 -22.0064
 -69.2805 -22.1012
 -69.2846 -22.1752
 -69.2892 -22.2582
 -69.2737 -22.3241
 -69.2622 -22.4047
 -69.2311 -22.4802
 -69.1900 -22.5472
 -69.1051 -22.5744
 -69.0351 -22.5832
 -68.9478 -22.5660
 -68.8689 -22.5275
 -68.7964 -22.4858
 -68.7255 -22.5361
 -68.6969 -22.5997
 -68.6818 -22.6775
 -68.6852 -22.7428
 -68.7109 -22.8041
 -68.7964 -22.8453
 -68.8315 -22.9033
 -68.8804 -22.9756
 -68.9694 -23.0195
 -68.9956 -23.0867
 -69.0155 -23.1571
 -69.0416 -23.2213
 -69.1201 -23.3012
 -69.2070 -23.3598
 -69.2938 -23.4125
 -69.3242 -23.4913
 -69.3374 -23.5530
 -69.3831 -23.6163
 -69.3937 -23.6870
 -69.3985 -23.7669
 -69.3634 -23.8277
 -69.3319 -23.8944
 -69.3370 -23.9802
 -69.3536 -24.0418
 -69.3746 -24.1209
 -69.3791 -24.1949
 -69.3443 -24.2617
 -69.2995 -24.3231
 -69.2905 -24.3888
 -69.3431 -24.4546
 -69.3834 -24.5299
 -69.3613 -24.5932
 -69.3265 -24.6601
 -69.3109 -24.7231
 -69.4006 -24.8079
 -69.4278 -24.8779
 -69.4483 -24.9451
 -69.4717 -25.0063
 -69.5020 -25.0731
 -69.5735 -25.1231
 -69.6200 -25.1861
 -69.6246 -25.2570
 -69.6296 -25.3339
 -69.6435 -25.3954
 -69.6636 -25.4538
 -69.6746 -25.5214
 -69.6630 -25.5931
 -69.6250 -25.6603
 -69.6324 -25.7222
 -69.6603 -25.7979
 -69.6979 -25.8701
 -69.7289 -25.9398
 -69.7406 -26.0163
 -69.7201 -26.1003
 -69.7243 -26.1624
 -69.7613 -26.2228
 -69.8194 -26.3028
 -69.8645 -26.3835
 -69.8701 -26.4633
 -69.8160 -26.5373
 -69.7687 -26.6138
 -69.7573 -26.6856
 -69.7621 -26.7536
 -69.7913 -26.8410
 -69.8038 -26.9235
 -69.8096 -27.0062
 -69.8158 -27.0919
 -69.8042 -27.1607
 -69.7933 -27.2384
 -69.7984 -27.3094
 -69.7553 -27.4007
 -69.7800 -27.4676
 -69.7913 -27.5323
 -69.7965 -27.6032
 -69.8347 -27.6724
 -69.8567 -27.7454
 -69.8891 -27.8238
 -69.8950 -27.9036
 -69.8109 -27.9794
 -69.7396 -28.0516
 -69.7456 -28.1314
 -69.7508 -28.2024
 -69.7559 -28.2704
 -69.7995 -28.3630
 -69.8478 -28.4286
 -69.9220 -28.4809
 -69.9930 -28.4918
 -70.0758 -28.5257
 -70.1656 -28.5621
 -70.2433 -28.6140
 -70.2661 -28.6898
 -70.2789 -28.7662
 -70.3254 -28.8437
 -70.3512 -28.9134
 -70.3641 -28.9898
 -70.3510 -29.0766
 -70.3578 -29.1594
 -70.3435 -29.2315
 -70.3501 -29.3113
 -70.3634 -29.3906
 -70.3863 -29.4635
 -70.3774 -29.5591
 -70.3848 -29.6478
 -70.2889 -29.7130
 -70.2133 -29.7383
 -70.1800 -29.8265
 -70.2241 -29.9101
 -70.2595 -30.0090
 -70.2322 -30.0879
 -70.1847 -30.1681
 -70.1533 -30.2385
 -70.1584 -30.3006
 -70.1488 -30.3875
 -70.1574 -30.4494
 -70.2505 -30.5062
 -70.3626 -30.5052
 -70.4443 -30.5060
 -70.5088 -30.5823
 -70.5153 -30.6562
 -70.4736 -30.7243
 -70.4519 -30.8268
 -70.4352 -30.9082
 -70.4814 -30.9678
 -70.5716 -31.0215
 -70.6284 -31.0833
 -70.7039 -31.1617
 -70.7578 -31.2266
 -70.8100 -31.3095
 -70.8370 -31.3792
 -70.8562 -31.4374
 -70.8796 -31.5043
 -70.9110 -31.5826
 -70.9177 -31.6536
 -70.8421 -31.7271
 -70.8071 -31.7950
 -70.8152 -31.8808
 -70.8048 -31.9530
 -70.7944 -32.0252
 -70.8002 -32.0874
 -70.8336 -32.1477
 -70.8716 -32.2196
 -70.8526 -32.3103
 -70.8394 -32.3888
 -70.8233 -32.4734
 -70.7988 -32.5436
 -70.7870 -32.6369
 -70.7723 -32.7006
 -70.7418 -32.7803
 -70.6724 -32.8536
 -70.5764 -32.8662
 -70.4676 -32.8915
 -70.3864 -32.9149
 -70.3127 -33.0184
 -70.3193 -33.0897
 -70.3332 -33.1635
 -70.4081 -33.1823
 -70.5424 -33.2031
 -70.5637 -33.2793
 -70.5177 -33.3452
 -70.4454 -33.3921
 -70.3673 -33.4512
 -70.2931 -33.5161
 -70.2339 -33.5920
 -70.2009 -33.6870
 -70.1609 -33.7826
 -70.1478 -33.8673
 -70.1359 -33.9640
 -70.1243 -34.0277
 -70.1319 -34.1081
 -70.1387 -34.1796
 -70.1711 -34.2613
 -70.2448 -34.3341
 -70.2707 -34.4192
 -70.2315 -34.4879
 -70.2381 -34.5565
 -70.2620 -34.6208
 -70.3476 -34.6657
 -70.4426 -34.6620
 -70.5162 -34.6567
 -70.5897 -34.7205
 -70.6142 -34.7877
 -70.6230 -34.8740
 -70.6385 -34.9569
 -70.6314 -35.0265
 -70.5572 -35.1339
 -70.5660 -35.2203
 -70.6198 -35.2945
 -70.6454 -35.3707
 -70.6797 -35.4613
 -70.6990 -35.5440
 -70.6258 -35.5945
 -70.5236 -35.5359
 -70.4956 -35.4718
 -70.4111 -35.4449
 -70.3182 -35.5118
 -70.2511 -35.5527
 -70.1754 -35.5793
 -70.0729 -35.5144
 -70.0624 -35.4069
 -70.0534 -35.3143
 -70.0632 -35.2324
 -70.1009 -35.1456
 -70.1098 -35.0548
 -70.0680 -34.9887
 -69.9750 -34.9412
 -69.8925 -34.8538
 -69.8860 -34.7851
 -69.9094 -34.6964
 -69.9795 -34.6165
 -69.9372 -34.5414
 -69.8587 -34.4928
 -69.7733 -34.4446
 -69.7498 -34.3802
 -69.7433 -34.3086
 -69.7561 -34.2177
 -69.7956 -34.1130
 -69.7897 -34.0475
 -69.8238 -33.9612
 -69.8165 -33.8808
 -69.7854 -33.8079
 -69.7234 -33.7402
 -69.6832 -33.6409
 -69.6571 -33.5827
 -69.6340 -33.5184
 -69.6282 -33.4528
 -69.6222 -33.3843
 -69.6152 -33.3040
 -69.6201 -33.2407
 -69.7007 -33.1696
 -69.7922 -33.1816
 -69.8530 -33.2404
 -69.9350 -33.3008
 -70.0122 -33.3077
 -70.0781 -33.2285
 -70.0713 -33.1542
 -70.0627 -33.0590
 -70.0692 -32.9779
 -70.1132 -32.8883
 -70.0863 -32.8213
 -69.9892 -32.7829
 -69.8846 -32.7748
 -69.7831 -32.7634
 -69.7157 -32.7050
 -69.6813 -32.6264
 -69.6520 -32.5267
 -69.6228 -32.4269
 -69.5956 -32.3509
 -69.5899 -32.2825
 -69.6847 -32.2228
 -69.7495 -32.1739
 -69.8111 -32.0893
 -69.8855 -32.0339
 -69.9772 -31.9803
 -69.9981 -31.9044
 -69.9988 -31.8327
 -69.9582 -31.7607
 -69.9345 -31.6846
 -69.9491 -31.6151
 -69.9863 -31.5293
 -69.9960 -31.4422
 -69.9884 -31.3533
 -69.9808 -31.2643
 -70.0148 -31.1817
 -70.0457 -31.1024
 -70.0435 -31.0370
 -70.0469 -30.9563
 -70.0412 -30.8882
 -70.0158 -30.8302
 -69.9898 -30.7633
 -69.8874 -30.7189
 -69.7914 -30.7098
 -69.7068 -30.7149
 -69.6324 -30.6777
 -69.6074 -30.6196
 -69.6022 -30.5543
 -69.5794 -30.4812
 -69.5743 -30.4160
 -69.5694 -30.3537
 -69.5116 -30.2648
 -69.4699 -30.2076
 -69.4516 -30.1462
 -69.3760 -30.0850
 -69.3008 -30.0744
 -69.2326 -30.1558
 -69.1821 -30.2481
 -69.1141 -30.2877
 -69.0338 -30.2535
 -69.0086 -30.1864
 -69.0029 -30.1092
 -69.0053 -30.0494
 -68.9155 -29.9740
 -68.8864 -29.8981
 -68.8796 -29.8031
 -68.8607 -29.7266
 -68.8678 -29.6368
 -68.8458 -29.5636
 -68.7936 -29.4889
 -68.7113 -29.4159
 -68.6605 -29.3590
 -68.6546 -29.2729
 -68.6502 -29.2076
 -68.6724 -29.1409
 -68.7111 -29.0703
 -68.7643 -28.9692
 -68.7796 -28.8999
 -68.7734 -28.8079
 -68.7482 -28.7318
 -68.7004 -28.6658
 -68.5984 -28.6354
 -68.5221 -28.6393
 -68.4434 -28.6583
 -68.3518 -28.6838
 -68.2711 -28.6700
 -68.1848 -28.6744
 -68.1230 -28.6620
 -68.0660 -28.6200
 -68.0340 -28.5478
 -68.0602 -28.4332
 -68.0722 -28.3581
 -68.1247 -28.2959
 -68.1802 -28.2276
 -68.1741 -28.1296
 -68.1809 -28.0250
 -68.1489 -27.9342
 -68.0850 -27.8628
 -68.0100 -27.7681
 -68.0033 -27.6552
 -67.9992 -27.5869
 -67.9370 -27.3550
 -67.8590 -27.1800
 -67.7600 -27.0300
 -67.5630 -27.0500
 -67.4650 -27.3370
 -67.3720 -27.4250
 -67.2100 -27.2700
 -67.0000 -27.0500
 -66.7100 -26.8800
 -66.5600 -26.7200
 -66.4300 -26.4700
 -66.3100 -26.2400
 -66.3400 -26.0900
 -66.3300 -26.0000
 -66.4000 -25.9000
 -66.4387 -25.7309
 -66.4352 -25.6504
 -66.4319 -25.5759
 -66.4096 -25.5081
 -66.3151 -25.4849
 -66.3018 -25.5511
 -66.3059 -25.6465
 -66.2928 -25.7157
 -66.2224 -25.7304
 -66.1456 -25.7424
 -66.0514 -25.7251
 -66.0064 -25.6492
 -66.0032 -25.5716
 -65.9842 -25.5006
 -65.9813 -25.4289
 -65.9579 -25.3282
 -65.9547 -25.2476
 -65.9136 -25.1834
 -65.9109 -25.1148
 -65.9079 -25.0372
 -65.9143 -24.9562
 -65.8885 -24.8705
 -65.8232 -24.8370
 -65.7465 -24.8398
 -65.6963 -24.7788
 -65.6928 -24.6862
 -65.6901 -24.6145
 -65.6716 -24.5464
 -65.6491 -24.4545
 -65.5985 -24.3785
 -65.5703 -24.3047
 -65.5456 -24.2368
 -65.5679 -24.1493
 -65.6064 -24.0702
 -65.6180 -23.9532
 -65.5947 -23.8343
 -65.5481 -23.7731
 -65.4816 -23.7753
 -65.3929 -23.8710
 -65.3257 -23.9451
 -65.2592 -23.9473
 -65.2058 -23.8653
 -65.1778 -23.7854
 -65.1569 -23.7262
 -65.1073 -23.6620
 -65.0311 -23.6495
 -64.9448 -23.6164
 -64.9301 -23.5509
 -64.9781 -23.4745
 -65.0352 -23.3828
 -65.0768 -23.3036
 -65.1183 -23.2215
 -65.1755 -23.1388
 -65.2112 -23.0718
 -65.2277 -22.9994
 -65.1937 -22.9227
 -65.1347 -22.8496
 -65.0520 -22.7204
 -65.0310 -22.6492
 -64.9777 -22.5489
 -64.9568 -22.4837
 -64.9257 -22.3887
 -64.9237 -22.3228
 -64.9212 -22.2390
 -64.9192 -22.1731
 -64.9384 -22.0827
 -64.9517 -22.0044
 -64.9337 -21.9240
 -64.9376 -21.8460
 -64.9351 -21.7621
 -64.8371 -21.7199
 -64.7591 -21.7221
 -64.6713 -21.7036
 -64.6072 -21.6394
 -64.5868 -21.5770
 -64.5913 -21.5138
 -64.6522 -21.4642
 -64.7201 -21.4443
 -64.8388 -21.4591
 -64.9334 -21.4954
 -65.0024 -21.5085
 -65.0713 -21.5156
 -65.1384 -21.5646
 -65.2032 -21.6377
 -65.2552 -21.6991
 -65.3217 -21.7242
 -65.4117 -21.6977
 -65.4719 -21.6241
 -65.5067 -21.5393
 -65.5195 -21.4521
 -65.5424 -21.3856
 -65.5463 -21.3136
 -65.5591 -21.2265
 -65.5660 -21.1484
 -65.6234 -21.0870
 -65.6393 -20.9997
 -65.6354 -20.8831
 -65.6605 -20.7896
 -65.6923 -20.7109
 -65.6680 -20.6367
 -65.5994 -20.6385
 -65.5165 -20.6796
 -65.4272 -20.7150
 -65.3464 -20.7201
 -65.2654 -20.7222
 -65.1997 -20.8139
 -65.1615 -20.8898
 -65.0788 -20.9340
 -64.9850 -20.9185
 -64.9236 -20.8391
 -64.9556 -20.7633
 -65.0033 -20.6931
 -65.0446 -20.6201
 -65.0552 -20.5568
 -65.0593 -20.4848
 -65.0730 -20.4214
 -65.0754 -20.2924
 -65.0887 -20.2171
 -65.1053 -20.1477
 -65.1188 -20.0814
 -65.1231 -20.0153
 -65.1395 -19.9399
 -65.1589 -19.8615
 -65.1816 -19.7889
 -65.2667 -19.7359
 -65.3499 -19.7188
 -65.4274 -19.7170
 -65.4912 -19.6734
 -65.5294 -19.6035
 -65.5923 -19.5301
 -65.6558 -19.4776
 -65.6724 -19.4142
 -65.6705 -19.3513
 -65.5790 -19.3025
 -65.4938 -19.2505
 -65.4420 -19.1768
 -65.4397 -19.0988
 -65.4749 -19.0350
 -65.5563 -18.9641
 -65.6349 -18.9053
 -65.6983 -18.8529
 -65.7622 -18.8154
 -65.8569 -18.7742
 -65.9672 -18.7357
 -66.0406 -18.7040
 -66.1011 -18.6576
 -66.1541 -18.5724
 -66.1552 -18.5124
 -66.1521 -18.4166
 -66.1027 -18.3248
 -66.0998 -18.2348
 -66.0973 -18.1569
 -66.1631 -18.0864
 -66.2269 -18.0490
 -66.2924 -17.9696
 -66.3089 -17.9062
 -66.3243 -17.8099
 -66.2994 -17.7114
 -66.2604 -17.6523
 -66.1880 -17.6088
 -66.1232 -17.6102
 -66.0282 -17.6332
 -65.9251 -17.6925
 -65.8584 -17.7299
 -65.7945 -17.7583
 -65.6700 -17.8210
 -65.5719 -17.8380
 -65.4644 -17.8463
 -65.3624 -17.8333
 -65.2967 -17.7926
 -65.2546 -17.7153
 -65.2984 -17.6362
 -65.3670 -17.5627
 -65.4336 -17.5283
 -65.5038 -17.5089
 -65.5956 -17.4920
 -65.6725 -17.4904
 -65.7611 -17.4706
 -65.8498 -17.4478
 -65.9360 -17.4460
 -66.0428 -17.4077
 -66.1061 -17.3613
 -66.1502 -17.2913
 -66.2248 -17.2117
 -66.2441 -17.1392
 -66.2421 -17.0762
 -66.2240 -16.9895
 -66.2968 -16.9519
 -66.3806 -16.9712
 -66.4551 -16.9847
 -66.5417 -17.0849
 -66.5628 -17.1625
 -66.5904 -17.2489
 -66.6276 -17.3472
 -66.6637 -17.4063
 -66.7301 -17.4499
 -66.8262 -17.4537
 -66.9005 -17.4520
 -67.0035 -17.3836
 -67.0568 -17.3135
 -67.1328 -17.2697
 -67.2086 -17.2230
 -67.2783 -17.1764
 -67.3471 -17.1058
 -67.4325 -17.0678
 -67.5193 -17.0657
 -67.5930 -17.0460
 -67.6573 -17.0204
 -67.7382 -16.9436
 -67.7666 -16.8709
 -67.8158 -16.7768
 -67.8352 -16.7134
 -67.8577 -16.6500
 -67.8707 -16.5837
 -67.9057 -16.5229
 -67.9088 -16.4389
 -67.9063 -16.3730
 -67.9221 -16.2947
 -67.9805 -16.1973
 -68.0292 -16.0912
 -68.0423 -16.0249
 -68.1007 -15.9305
 -68.1504 -15.8483
 -68.2184 -15.7626
 -68.2887 -15.6529
 -68.3202 -15.5831
 -68.3389 -15.5046
 -68.4055 -15.4640
 -68.4854 -15.4470
 -68.5681 -15.4239
 -68.6304 -15.3533
 -68.6651 -15.2864
 -68.7056 -15.2104
 -68.7055 -15.1263
 -68.7421 -15.0294
 -68.7919 -14.9530
 -68.8328 -14.8889
 -68.8853 -14.8035
 -68.9255 -14.7214
 -68.9590 -14.6244
 -68.9903 -14.5515
 -69.0219 -14.4876
 -69.0960 -14.4857
 -69.1735 -14.4897
 -69.2603 -14.4153
 -69.3440 -14.3379
 -69.4187 -14.2698
 -69.4504 -14.2088
 -69.5131 -14.1500
 -69.5803 -14.1301
 -69.6637 -14.1278
 -69.7409 -14.1256
 -69.8119 -14.1235
 -69.9101 -14.1026
 -69.9890 -14.0642
 -70.0482 -13.9963
 -70.1165 -13.9252
 -70.1831 -13.8901
 -70.2461 -13.8401
 -70.3114 -13.7719
 -70.3970 -13.7482
 -70.4723 -13.7758
 -70.5374 -13.7797
 -70.6109 -13.6872
 -70.6298 -13.6175
 -70.6790 -13.5347
 -70.7476 -13.4724
 -70.8101 -13.4131
 -70.8785 -13.3447
 -70.9463 -13.3424
 -71.0381 -13.3211
 -71.1182 -13.3182
 -71.2200 -13.3146
 -71.2970 -13.3117
 -71.3951 -13.2930
 -71.4716 -13.2781
 -71.5501 -13.2360
 -71.6091 -13.1677
 -71.6518 -13.0819
 -71.7004 -12.9869
 -71.7620 -12.9094
 -71.8209 -12.8409
 -71.8837 -12.7933
 -71.9514 -12.7905
 -71.9677 -12.8890
 -71.9272 -12.9537
 -71.8814 -13.0397
 -71.8508 -13.1190
 -71.8225 -13.1802
 -71.7922 -13.2684
 -71.8349 -13.3297
 -71.8998 -13.3330
 -71.9690 -13.2912
 -72.0063 -13.2236
 -72.0371 -13.1503
 -72.0763 -13.0556
 -72.1281 -12.9663
 -72.1622 -12.8958
 -72.2309 -12.8448
 -72.2553 -12.9128
 -72.2309 -12.9919
 -72.2919 -12.9772
 -72.3865 -12.9550
 -72.4541 -12.9520
 -72.5225 -12.9669
 -72.5444 -13.0469
 -72.5197 -13.1170
 -72.4398 -13.1926
 -72.3761 -13.2165
 -72.2980 -13.2649
 -72.2240 -13.3372
 -72.1685 -13.4116
 -72.1190 -13.4797
 -72.0676 -13.5748
 -72.0406 -13.6659
 -72.0192 -13.7417
 -71.9794 -13.8213
 -71.9488 -13.8975
 -71.9118 -13.9709
 -71.8430 -14.0218
 -71.7871 -14.0870
 -71.7748 -14.1594
 -71.8274 -14.2290
 -71.9024 -14.2467
 -71.9959 -14.1918
 -72.0791 -14.1164
 -72.1559 -14.0382
 -72.2206 -13.9635
 -72.3100 -13.9594
 -72.3994 -13.9553
 -72.4972 -13.9328
 -72.5650 -13.9296
 -72.6482 -13.9257
 -72.6969 -13.8425
 -72.7608 -13.7556
 -72.8391 -13.7129
 -72.9023 -13.7457
 -72.9057 -13.8203
 -72.9272 -13.8850
 -72.9921 -13.9535
 -72.9955 -14.0251
 -72.9995 -14.1086
 -73.0340 -14.1845
 -73.1158 -14.2161
 -73.1784 -14.2337
 -73.2501 -14.2478
 -73.2963 -14.1826
 -73.3145 -14.1129
 -73.3175 -14.0471
 -73.3134 -13.9636
 -73.3104 -13.9010
 -73.3130 -13.8261
 -73.3372 -13.7501
 -73.4181 -13.7038
 -73.5482 -13.6548
 -73.6219 -13.6507
 -73.7039 -13.6282
 -73.7781 -13.6987
 -73.7490 -13.7960
 -73.7308 -13.8657
 -73.7339 -13.9283
 -73.8187 -13.9622
 -73.9000 -13.9246
 -73.9873 -13.8865
 -74.0526 -13.8378
 -74.0178 -13.7563
 -73.9230 -13.7051
 -73.9004 -13.6198
 -73.8971 -13.5513
 -73.8938 -13.4827
 -73.9082 -13.3981
 -73.8740 -13.3253
 -73.8250 -13.2623
 -73.8220 -13.1996
 -73.8188 -13.1310
 -73.8790 -13.0377
 -73.9527 -12.9047
 -74.0064 -12.8057
 -74.0269 -12.7176
 -74.1064 -12.6440
 -74.1642 -12.5686
 -74.2283 -12.4958
 -74.3152 -12.4546
 -74.3987 -12.4734
 -74.4386 -12.5428
 -74.3967 -12.6293
 -74.3118 -12.7155
 -74.2410 -12.7737
 -74.1454 -12.8933
 -74.1241 -12.9634
 -74.1005 -13.0486
 -74.0617 -13.1377
 -74.0285 -13.2145
 -74.0316 -13.2802
 -74.1266 -13.3403
 -74.2352 -13.3636
 -74.3277 -13.3728
 -74.4054 -13.3320
 -74.4418 -13.2609
 -74.5049 -13.1702
 -74.5413 -13.0991
 -74.5950 -13.0059
 -74.6279 -12.9260
 -74.6307 -12.8570
 -74.6267 -12.7734
 -74.6079 -12.6968
 -74.7064 -12.6455
 -74.8089 -12.6148
 -74.8805 -12.5801
 -74.9108 -12.5091
 -74.9766 -12.4807
 -75.0249 -12.4026
 -75.0363 -12.3209
 -75.0120 -12.2566
 -74.9395 -12.2046
 -74.8702 -12.1583
 -74.8212 -12.0866
 -74.7961 -12.0013
 -74.7229 -11.9340
 -74.6404 -11.8613
 -74.6148 -11.7639
 -74.6955 -11.7257
 -74.7522 -11.6259
 -74.8437 -11.5569
 -74.9078 -11.4866
 -74.9814 -11.4276
 -75.0423 -11.4295
 -75.0679 -11.5299
 -75.0381 -11.6130
 -75.0415 -11.6908
 -75.1115 -11.6920
 -75.1753 -11.6186
 -75.2404 -11.5780
 -75.3101 -11.5731
 -75.4131 -11.5658
 -75.4858 -11.5605
 -75.5524 -11.5556
 -75.6138 -11.5031
 -75.6171 -11.4398
 -75.6132 -11.3500
 -75.6098 -11.2722
 -75.6125 -11.1939
 -75.6327 -11.0992
 -75.7047 -11.0097
 -75.7626 -10.9483
 -75.7598 -10.8793
 -75.7443 -10.7993
 -75.7202 -10.7289
 -75.7010 -10.6310
 -75.6984 -10.5650
 -75.6957 -10.4989
 -75.6990 -10.4294
 -75.7082 -10.3564
 -75.7173 -10.2804
 -75.7144 -10.2053
 -75.7418 -10.1339
>999 999
