 -40.7999  -7.4656
 -40.7875  -7.4538
 -40.7727  -7.4492
 -40.7578  -7.4469
 -40.7460  -7.4415
 -40.7322  -7.4399
 -40.7195  -7.4247
 -40.7156  -7.4116
 -40.7034  -7.3975
 -40.7065  -7.3853
 -40.7165  -7.3727
 -40.7115  -7.3589
 -40.7001  -7.3419
 -40.6843  -7.3330
 -40.6705  -7.3364
 -40.6567  -7.3438
 -40.6499  -7.3578
 -40.6420  -7.3691
 -40.6284  -7.3755
 -40.6164  -7.3759
 -40.6111  -7.3643
 -40.6193  -7.3483
 -40.6220  -7.3345
 -40.6208  -7.3173
 -40.6165  -7.3012
 -40.6138  -7.2892
 -40.6172  -7.2775
 -40.6160  -7.2639
 -40.6133  -7.2501
 -40.6144  -7.2367
 -40.5995  -7.2254
 -40.5879  -7.2215
 -40.5757  -7.2220
 -40.5634  -7.2206
 -40.5546  -7.2083
 -40.5410  -7.1954
 -40.5312  -7.1818
 -40.5242  -7.1664
 -40.5102  -7.1558
 -40.5056  -7.1433
 -40.5196  -7.1379
 -40.5271  -7.1235
 -40.5192  -7.1099
 -40.5053  -7.1055
 -40.4893  -7.1073
 -40.4732  -7.1059
 -40.4594  -7.1043
 -40.4476  -7.1002
 -40.4333  -7.0921
 -40.4177  -7.0909
 -40.4014  -7.0909
 -40.3880  -7.0940
 -40.3737  -7.0954
 -40.3595  -7.0967
 -40.3445  -7.1012
 -40.3330  -7.0989
 -40.3191  -7.0923
 -40.3078  -7.0880
 -40.2965  -7.0844
 -40.2815  -7.0819
 -40.2693  -7.0850
 -40.2564  -7.0845
 -40.2432  -7.0915
 -40.2294  -7.0978
 -40.2177  -7.1026
 -40.2052  -7.1030
 -40.1934  -7.1005
 -40.1816  -7.0989
 -40.1678  -7.0989
 -40.1547  -7.0988
 -40.1513  -7.1113
 -40.1628  -7.1231
 -40.1764  -7.1371
 -40.1812  -7.1489
 -40.1692  -7.1523
 -40.1576  -7.1461
 -40.1429  -7.1409
 -40.1284  -7.1398
 -40.1148  -7.1397
 -40.1001  -7.1406
 -40.0849  -7.1370
 -40.0702  -7.1304
 -40.0570  -7.1218
 -40.0441  -7.1129
 -40.0319  -7.1011
 -40.0185  -7.0959
 -40.0049  -7.0999
 -39.9927  -7.1033
 -39.9800  -7.1042
 -39.9730  -7.1173
 -39.9746  -7.1289
 -39.9868  -7.1391
 -40.0011  -7.1425
 -40.0143  -7.1491
 -40.0240  -7.1608
 -40.0186  -7.1749
 -40.0043  -7.1814
 -39.9989  -7.1689
 -39.9857  -7.1714
 -39.9762  -7.1571
 -39.9626  -7.1503
 -39.9492  -7.1437
 -39.9365  -7.1322
 -39.9223  -7.1245
 -39.9096  -7.1215
 -39.8980  -7.1197
 -39.8865  -7.1235
 -39.8742  -7.1165
 -39.8609  -7.1121
 -39.8489  -7.1144
 -39.8371  -7.1173
 -39.8244  -7.1177
 -39.8108  -7.1100
 -39.7967  -7.1057
 -39.7854  -7.1061
 -39.7734  -7.1077
 -39.7607  -7.1102
 -39.7465  -7.1126
 -39.7349  -7.1144
 -39.7227  -7.1115
 -39.7141  -7.0983
 -39.6998  -7.0938
 -39.6878  -7.0990
 -39.6746  -7.1021
 -39.6624  -7.1021
 -39.6484  -7.1086
 -39.6352  -7.1100
 -39.6223  -7.1050
 -39.6092  -7.1081
 -39.5929  -7.1094
 -39.5813  -7.1099
 -39.5698  -7.1139
 -39.5535  -7.1238
 -39.5381  -7.1299
 -39.5238  -7.1328
 -39.5104  -7.1328
 -39.4959  -7.1366
 -39.4803  -7.1484
 -39.4683  -7.1579
 -39.4568  -7.1671
 -39.4454  -7.1759
 -39.4341  -7.1879
 -39.4206  -7.1972
 -39.4079  -7.1937
 -39.3986  -7.1804
 -39.3838  -7.1718
 -39.3689  -7.1690
 -39.3571  -7.1715
 -39.3539  -7.1828
 -39.3560  -7.1986
 -39.3415  -7.2024
 -39.3220  -7.1909
 -39.3084  -7.1814
 -39.2941  -7.1763
 -39.2803  -7.1756
 -39.2669  -7.1808
 -39.2536  -7.1903
 -39.2452  -7.2016
 -39.2414  -7.2131
 -39.2301  -7.2226
 -39.2176  -7.2314
 -39.2056  -7.2396
 -39.1925  -7.2432
 -39.1796  -7.2445
 -39.1648  -7.2449
 -39.1533  -7.2476
 -39.1411  -7.2460
 -39.1284  -7.2412
 -39.1155  -7.2423
 -39.1037  -7.2410
 -39.0917  -7.2398
 -39.0774  -7.2398
 -39.0640  -7.2438
 -39.0527  -7.2456
 -39.0400  -7.2538
 -39.0287  -7.2574
 -39.0174  -7.2578
 -39.0020  -7.2494
 -38.9875  -7.2464
 -38.9789  -7.2618
 -38.9789  -7.2736
 -38.9748  -7.2862
 -38.9594  -7.2914
 -38.9465  -7.2975
 -38.9341  -7.3027
 -38.9211  -7.3024
 -38.9087  -7.3010
 -38.8962  -7.3012
 -38.8824  -7.3012
 -38.8695  -7.2998
 -38.8548  -7.3041
 -38.8405  -7.3104
 -38.8262  -7.3115
 -38.8113  -7.3059
 -38.7984  -7.3000
 -38.7839  -7.3029
 -38.7716  -7.3074
 -38.7592  -7.3155
 -38.7578  -7.3268
 -38.7698  -7.3338
 -38.7862  -7.3352
 -38.7979  -7.3362
 -38.8111  -7.3416
 -38.8245  -7.3548
 -38.8188  -7.3672
 -38.8066  -7.3728
 -38.8025  -7.3853
 -38.8123  -7.3975
 -38.8062  -7.4099
 -38.7944  -7.4214
 -38.7915  -7.4352
 -38.7856  -7.4472
 -38.7872  -7.4590
 -38.7922  -7.4703
 -38.7922  -7.4839
 -38.7911  -7.4952
 -38.7979  -7.5079
 -38.8099  -7.5065
 -38.8176  -7.5181
 -38.8255  -7.5294
 -38.8368  -7.5322
 -38.8446  -7.5442
 -38.8475  -7.5571
 -38.8613  -7.5591
 -38.8740  -7.5705
 -38.8881  -7.5755
 -38.8999  -7.5773
 -38.9128  -7.5714
 -38.9270  -7.5705
 -38.9413  -7.5681
 -38.9535  -7.5667
 -38.9678  -7.5659
 -38.9826  -7.5743
 -38.9939  -7.5747
 -39.0054  -7.5684
 -39.0170  -7.5637
 -39.0288  -7.5664
 -39.0435  -7.5635
 -39.0559  -7.5660
 -39.0675  -7.5697
 -39.0800  -7.5767
 -39.0965  -7.5815
 -39.1078  -7.5828
 -39.1212  -7.5792
 -39.1346  -7.5777
 -39.1468  -7.5739
 -39.1611  -7.5789
 -39.1763  -7.5859
 -39.1858  -7.5972
 -39.2016  -7.6072
 -39.2164  -7.6063
 -39.2324  -7.6041
 -39.2460  -7.6075
 -39.2574  -7.6118
 -39.2703  -7.6232
 -39.2739  -7.6368
 -39.2712  -7.6510
 -39.2658  -7.6643
 -39.2608  -7.6763
 -39.2737  -7.6809
 -39.2860  -7.6850
 -39.2982  -7.6897
 -39.3107  -7.6945
 -39.3186  -7.6814
 -39.3179  -7.6692
 -39.3301  -7.6574
 -39.3446  -7.6541
 -39.3562  -7.6462
 -39.3700  -7.6380
 -39.3783  -7.6267
 -39.3863  -7.6148
 -39.3980  -7.6094
 -39.4121  -7.6110
 -39.4254  -7.6090
 -39.4372  -7.6047
 -39.4402  -7.5897
 -39.4411  -7.5768
 -39.4553  -7.5746
 -39.4692  -7.5746
 -39.4805  -7.5697
 -39.4909  -7.5554
 -39.5024  -7.5435
 -39.5108  -7.5290
 -39.5232  -7.5218
 -39.5346  -7.5223
 -39.5484  -7.5148
 -39.5620  -7.5051
 -39.5708  -7.4924
 -39.5846  -7.4857
 -39.5970  -7.4796
 -39.6095  -7.4780
 -39.6236  -7.4765
 -39.6362  -7.4736
 -39.6478  -7.4684
 -39.6591  -7.4664
 -39.6713  -7.4695
 -39.6836  -7.4582
 -39.6981  -7.4583
 -39.7094  -7.4504
 -39.7159  -7.4345
 -39.7168  -7.4228
 -39.7282  -7.4192
 -39.7397  -7.4217
 -39.7492  -7.4339
 -39.7545  -7.4473
 -39.7583  -7.4600
 -39.7717  -7.4681
 -39.7844  -7.4709
 -39.7817  -7.4844
 -39.7914  -7.4971
 -39.8043  -7.4947
 -39.8179  -7.4931
 -39.8254  -7.5053
 -39.8336  -7.5169
 -39.8451  -7.5226
 -39.8578  -7.5291
 -39.8565  -7.5427
 -39.8536  -7.5540
 -39.8547  -7.5658
 -39.8708  -7.5731
 -39.8821  -7.5747
 -39.8871  -7.5880
 -39.8842  -7.6011
 -39.8769  -7.6131
 -39.8645  -7.6267
 -39.8532  -7.6337
 -39.8389  -7.6361
 -39.8344  -7.6499
 -39.8367  -7.6653
 -39.8491  -7.6773
 -39.8539  -7.6898
 -39.8698  -7.7002
 -39.8825  -7.7009
 -39.8924  -7.6880
 -39.9015  -7.6767
 -39.9110  -7.6638
 -39.9241  -7.6557
 -39.9370  -7.6594
 -39.9502  -7.6678
 -39.9626  -7.6714
 -39.9667  -7.6581
 -39.9619  -7.6445
 -39.9529  -7.6313
 -39.9476  -7.6175
 -39.9467  -7.6051
 -39.9585  -7.5994
 -39.9746  -7.5972
 -39.9861  -7.5993
 -39.9920  -7.6113
 -39.9959  -7.6228
 -40.0031  -7.6350
 -40.0113  -7.6480
 -40.0249  -7.6534
 -40.0396  -7.6539
 -40.0519  -7.6596
 -40.0664  -7.6607
 -40.0786  -7.6533
 -40.0908  -7.6599
 -40.0951  -7.6728
 -40.1035  -7.6848
 -40.1151  -7.6830
 -40.1284  -7.6787
 -40.1405  -7.6830
 -40.1550  -7.6867
 -40.1672  -7.6944
 -40.1742  -7.7064
 -40.1824  -7.7188
 -40.1967  -7.7214
 -40.2116  -7.7153
 -40.2263  -7.7090
 -40.2377  -7.7031
 -40.2442  -7.6895
 -40.2501  -7.6760
 -40.2630  -7.6651
 -40.2750  -7.6525
 -40.2822  -7.6407
 -40.2840  -7.6265
 -40.2967  -7.6195
 -40.3108  -7.6245
 -40.3203  -7.6100
 -40.3332  -7.6073
 -40.3429  -7.5956
 -40.3449  -7.5809
 -40.3565  -7.5807
 -40.3721  -7.5852
 -40.3834  -7.5873
 -40.3959  -7.5900
 -40.4095  -7.5916
 -40.4138  -7.5803
 -40.4149  -7.5670
 -40.4276  -7.5552
 -40.4398  -7.5503
 -40.4550  -7.5492
 -40.4668  -7.5492
 -40.4781  -7.5492
 -40.4869  -7.5379
 -40.4969  -7.5255
 -40.5053  -7.5137
 -40.5098  -7.5024
 -40.5080  -7.4886
 -40.5082  -7.4741
 -40.5202  -7.4737
 -40.5293  -7.4893
 -40.5279  -7.5015
 -40.5250  -7.5142
 -40.5293  -7.5307
 -40.5409  -7.5441
 -40.5409  -7.5577
 -40.5391  -7.5692
 -40.5307  -7.5830
 -40.5187  -7.5920
 -40.5221  -7.6047
 -40.5260  -7.6160
 -40.5335  -7.6280
 -40.5459  -7.6280
 -40.5593  -7.6371
 -40.5688  -7.6491
 -40.5783  -7.6609
 -40.5917  -7.6691
 -40.6006  -7.6813
 -40.5965  -7.6960
 -40.5827  -7.7066
 -40.5691  -7.7107
 -40.5564  -7.6993
 -40.5489  -7.6839
 -40.5457  -7.6722
 -40.5351  -7.6595
 -40.5210  -7.6513
 -40.5020  -7.6452
 -40.4861  -7.6438
 -40.4864  -7.6560
 -40.5009  -7.6669
 -40.5102  -7.6787
 -40.5075  -7.6927
 -40.4927  -7.6958
 -40.4791  -7.6976
 -40.4706  -7.7123
 -40.4592  -7.7220
 -40.4529  -7.7354
 -40.4624  -7.7478
 -40.4767  -7.7576
 -40.4935  -7.7730
 -40.5073  -7.7823
 -40.5236  -7.7834
 -40.5377  -7.7821
 -40.5499  -7.7808
 -40.5617  -7.7822
 -40.5751  -7.7808
 -40.5902  -7.7707
 -40.6027  -7.7736
 -40.6068  -7.7852
 -40.6199  -7.7845
 -40.6321  -7.7805
 -40.6441  -7.7748
 -40.6561  -7.7782
 -40.6695  -7.7803
 -40.6840  -7.7744
 -40.6922  -7.7622
 -40.6844  -7.7498
 -40.6810  -7.7376
 -40.6844  -7.7240
 -40.6935  -7.7100
 -40.7032  -7.6971
 -40.6955  -7.6853
 -40.6921  -7.6722
 -40.6871  -7.6604
 -40.6771  -7.6461
 -40.6886  -7.6369
 -40.6997  -7.6249
 -40.6950  -7.6104
 -40.7090  -7.6086
 -40.7206  -7.6204
 -40.7258  -7.6345
 -40.7376  -7.6490
 -40.7496  -7.6535
 -40.7625  -7.6474
 -40.7763  -7.6508
 -40.7922  -7.6509
 -40.8010  -7.6368
 -40.7985  -7.6244
 -40.7810  -7.6160
 -40.7677  -7.6117
 -40.7563  -7.6049
 -40.7450  -7.5904
 -40.7387  -7.5770
 -40.7525  -7.5723
 -40.7572  -7.5571
 -40.7585  -7.5413
 -40.7527  -7.5248
 -40.7463  -7.5103
 -40.7490  -7.4983
 -40.7660  -7.5080
 -40.7782  -7.5126
 -40.7914  -7.5165
 -40.7857  -7.5029
 -40.7859  -7.4879
 -40.7929  -7.4748
 -40.7999  -7.4656
>999 999
