 -60.1776  11.4390
 -60.1101  11.2749
 -60.0358  11.1508
 -59.9977  11.0129
 -59.9988  10.8551
 -60.0031  10.7702
 -60.0102  10.6282
 -59.9741  10.5135
 -59.9107  10.4312
 -59.8971  10.3764
 -59.8725  10.3324
 -59.8544  10.2727
 -59.8438  10.1755
 -59.8349  10.0916
 -59.7774  10.0254
 -59.6970   9.9482
 -59.6606   9.9018
 -59.6659   9.8351
 -59.6628   9.7454
 -59.6106   9.6855
 -59.5786   9.6416
 -59.5509   9.6051
 -59.4759   9.5282
 -59.3926   9.4199
 -59.3109   9.2973
 -59.2147   9.1505
 -59.1866   9.1189
 -59.1036   9.0509
 -59.0369   8.9819
 -58.9779   8.9262
 -58.9199   8.8729
 -58.8661   8.8318
 -58.8315   8.7823
 -58.7929   8.6748
 -58.7857   8.6447
 -58.7601   8.6025
 -58.6581   8.5892
 -58.5333   8.5494
 -58.3823   8.4809
 -58.3005   8.4569
 -58.1661   8.4162
 -58.1151   8.3862
 -57.9845   8.3324
 -57.9038   8.3062
 -57.7949   8.2728
 -57.5698   8.2063
 -57.4341   8.1564
 -57.2303   8.0327
 -57.1796   7.9779
 -57.0754   7.8827
 -57.0141   7.8209
 -56.9107   7.7354
 -56.8457   7.6761
 -56.7136   7.5945
 -56.6540   7.5532
 -56.5223   7.5016
 -56.3925   7.4703
 -56.2400   7.4464
 -56.0948   7.4117
 -55.9868   7.4221
 -55.9450   7.4367
 -55.9071   7.4358
 -55.8532   7.4017
 -55.8110   7.3770
 -55.7852   7.3582
 -55.7187   7.3635
 -55.5441   7.4646
 -55.4876   7.5173
 -55.4034   7.5998
 -55.4033   7.6057
 -55.3476   7.6820
 -55.3105   7.7083
 -55.2478   7.7123
 -55.1250   7.7060
 -54.9208   7.6860
 -54.9208   7.6860
 -54.8158   7.6820
 -54.8158   7.6820
 -54.7039   7.6650
 -54.6144   7.6467
 -54.5241   7.6036
 -54.5241   7.6036
 -54.3711   7.5692
 -54.2888   7.5473
 -54.1621   7.4987
 -54.0328   7.4654
 -53.9013   7.4134
 -53.7346   7.3557
 -53.5411   7.2772
 -53.3763   7.1408
 -53.2464   7.0490
 -53.1549   7.0109
 -53.0598   7.0048
 -52.9694   7.0009
 -52.7891   6.9073
 -52.6910   6.8178
 -52.5648   6.6909
 -52.4175   6.5608
 -52.3497   6.4875
 -52.2889   6.4059
 -52.2234   6.3362
 -52.1240   6.2433
 -52.0375   6.1621
 -51.8890   6.1051
 -51.7697   6.0489
 -51.6342   5.9965
 -51.5104   5.9147
 -51.3506   5.8286
 -51.1487   5.6469
 -51.0460   5.5497
 -50.9270   5.4421
 -50.7592   5.3000
 -50.6007   5.1731
 -50.4902   5.0913
 -50.4238   5.0218
 -50.2994   4.9285
 -50.2571   4.8283
 -50.1836   4.7214
 -50.0751   4.5764
 -50.0272   4.5114
 -49.9409   4.3943
 -49.7994   4.2954
 -49.7136   4.2274
 -49.5933   4.1516
 -49.5342   4.0950
 -49.4764   4.0618
 -49.4130   4.0345
 -49.3199   3.9712
 -49.1549   3.8856
 -49.0667   3.8384
 -48.9989   3.8186
 -48.9287   3.7989
 -48.8736   3.7743
 -48.8384   3.7541
 -48.8054   3.7338
 -48.7642   3.7055
 -48.7033   3.6799
 -48.6470   3.6496
 -48.5974   3.6099
 -48.5501   3.5679
 -48.5034   3.4958
 -48.4538   3.4539
 -48.4288   3.4208
 -48.4004   3.3959
 -48.3668   3.3410
 -48.3250   3.2852
 -48.2838   3.1970
 -48.2446   3.1527
 -48.2190   3.0943
 -48.2109   3.0414
 -48.1852   2.9243
 -48.1511   2.7912
 -48.1328   2.7524
 -48.1125   2.7263
 -48.0803   2.6854
 -48.0297   2.6541
 -47.9433   2.5751
 -47.8847   2.5451
 -47.8435   2.5183
 -47.8141   2.5004
 -47.7428   2.4742
 -47.6935   2.4441
 -47.6578   2.4022
 -47.6094   2.3640
 -47.5834   2.3392
 -47.5575   2.3225
 -47.5084   2.3028
 -47.4684   2.2771
 -47.4271   2.2412
 -47.3848   2.2156
 -47.3460   2.1888
 -47.3007   2.1794
 -47.2241   2.1224
 -47.1631   2.0857
 -47.1185   2.0591
 -47.0490   1.9584
 -47.0164   1.8983
 -46.9686   1.7891
 -46.9288   1.6776
 -46.8867   1.6120
 -46.8363   1.5374
 -46.7969   1.4855
 -46.6897   1.3595
 -46.6588   1.3258
 -46.6372   1.2954
 -46.5815   1.2405
 -46.5449   1.2070
 -46.5048   1.1770
 -46.4762   1.1433
 -46.4235   1.1125
 -46.3839   1.0986
 -46.3243   1.0669
 -46.2640   1.0547
 -46.2371   1.0404
 -46.2093   1.0366
 -46.1644   1.0377
 -46.1199   1.0504
 -46.0868   1.0615
 -46.0428   1.0558
 -46.0168   1.0279
 -45.8897   0.9282
 -45.8118   0.8181
 -45.7434   0.7570
 -45.6476   0.7036
 -45.5757   0.6416
 -45.5353   0.6336
 -45.4820   0.6192
 -45.4180   0.5600
 -45.3700   0.5700
 -45.3680   0.5700
 -45.3200   0.5580
 -45.2700   0.5460
 -45.1992   0.5330
 -45.1385   0.5280
 -45.0588   0.4970
 -44.9990   0.4600
 -44.9215   0.4300
 -44.8366   0.4264
 -44.7448   0.4136
 -44.6717   0.3827
 -44.6068   0.3304
 -44.5358   0.2793
 -44.4897   0.2088
 -44.4539   0.1120
 -44.4529   0.0397
 -44.4390  -0.0242
 -44.3707  -0.0564
 -44.3064  -0.1455
 -44.2446  -0.2288
 -44.1457  -0.3258
 -44.0792  -0.4019
 -44.0175  -0.4768
 -43.9534  -0.5482
 -43.8923  -0.5805
 -43.8261  -0.6329
 -43.7871  -0.7058
 -43.7147  -0.7783
 -43.6459  -0.8496
 -43.6043  -0.9296
 -43.5759  -1.0075
 -43.5524  -1.0771
 -43.5051  -1.1452
 -43.4404  -1.1739
 -43.3779  -1.2192
 -43.3578  -1.2948
 -43.3450  -1.3634
 -43.3442  -1.4227
 -43.2792  -1.4763
 -43.2497  -1.5470
 -43.1875  -1.5710
 -43.1190  -1.6209
 -43.0555  -1.6532
 -42.9904  -1.7091
 -42.9086  -1.7767
 -42.8507  -1.8363
 -42.7799  -1.8779
 -42.6853  -1.9191
 -42.6095  -1.9773
 -42.5423  -2.0213
 -42.4659  -2.0356
 -42.3943  -2.0439
 -42.3336  -2.0454
 -42.2608  -2.0573
 -42.1927  -2.0740
 -42.1331  -2.0861
 -42.0448  -2.1002
 -41.9721  -2.1014
 -41.8982  -2.1109
 -41.8303  -2.1182
 -41.7691  -2.1481
 -41.6986  -2.1731
 -41.6268  -2.1993
 -41.5434  -2.2003
 -41.4720  -2.2016
 -41.4125  -2.2007
 -41.3448  -2.1877
 -41.2795  -2.1772
 -41.2144  -2.1442
 -41.1365  -2.0979
 -41.0701  -2.0743
 -41.0060  -2.0602
 -40.9337  -2.0389
 -40.8589  -2.0200
 -40.7779  -2.0282
 -40.7026  -2.0508
 -40.5930  -2.0514
 -40.5050  -2.0500
 -40.4407  -2.0490
 -40.3658  -2.0384
 -40.3051  -2.0374
 -40.2265  -2.0445
 -40.1597  -2.0542
 -40.0950  -2.0804
 -40.0328  -2.1056
 -39.9693  -2.1342
 -39.8859  -2.1424
 -39.8177  -2.1639
 -39.7529  -2.2068
 -39.6853  -2.2746
 -39.6170  -2.3091
 -39.5522  -2.3496
 -39.4837  -2.4008
 -39.4142  -2.4341
 -39.3480  -2.4865
 -39.2853  -2.5460
 -39.2202  -2.6067
 -39.1600  -2.6556
 -39.0985  -2.7151
 -39.0442  -2.7748
 -38.9885  -2.8404
 -38.9105  -2.8926
 -38.8385  -2.9318
 -38.7737  -2.9759
 -38.7136  -3.0129
 -38.6368  -3.0592
 -38.5721  -3.0961
 -38.5017  -3.1057
 -38.4230  -3.1128
 -38.3537  -3.1366
 -38.2877  -3.1760
 -38.2357  -3.2380
 -38.2062  -3.3064
 -38.1590  -3.3662
 -38.0878  -3.4374
 -38.0276  -3.4852
 -37.9505  -3.5587
 -37.8879  -3.6111
 -37.8264  -3.6707
 -37.7706  -3.7422
 -37.7186  -3.8102
 -37.6489  -3.8578
 -37.5838  -3.9161
 -37.5353  -3.9806
 -37.4713  -4.0496
 -37.4018  -4.0877
 -37.3473  -4.1533
 -37.3227  -4.2170
 -37.2943  -4.2948
 -37.2208  -4.3578
 -37.1467  -4.3780
 -37.0761  -4.4113
 -37.0087  -4.4613
 -36.9464  -4.4923
 -36.8826  -4.5459
 -36.8143  -4.5804
 -36.7511  -4.5913
 -36.6851  -4.6295
 -36.6194  -4.6486
 -36.5514  -4.6582
 -36.4797  -4.6785
 -36.4112  -4.7237
 -36.3383  -4.7427
 -36.2526  -4.7461
 -36.1833  -4.7676
 -36.1212  -4.7761
 -36.0557  -4.7775
 -35.9902  -4.7788
 -35.9068  -4.7858
 -35.8419  -4.7409
 -35.7759  -4.6900
 -35.7170  -4.6488
 -35.6455  -4.6512
 -35.5813  -4.6466
 -35.5219  -4.6398
 -35.4550  -4.6542
 -35.3918  -4.6579
 -35.3288  -4.6569
 -35.2664  -4.6939
 -35.2048  -4.7594
 -35.1600  -4.8181
 -35.1221  -4.8934
 -35.0927  -4.9535
 -35.0550  -5.0019
 -35.0715  -5.0680
 -35.0573  -5.1298
 -35.0325  -5.1939
 -35.0148  -5.2651
 -35.0089  -5.3292
 -35.0113  -5.3921
 -35.0219  -5.4634
 -35.0243  -5.5251
 -35.0184  -5.5939
 -35.0184  -5.6615
 -35.0266  -5.7209
 -35.0231  -5.7861
 -34.9912  -5.8477
 -34.9546  -5.9081
 -34.9546  -5.9685
 -34.9240  -6.0301
 -34.9015  -6.0916
 -34.9015  -6.1568
 -34.8697  -6.2290
 -34.8118  -6.2928
 -34.7729  -6.3520
 -34.7599  -6.4111
 -34.7729  -6.4727
 -34.7693  -6.5378
 -34.7575  -6.5970
 -34.7209  -6.6620
 -34.6973  -6.7247
 -34.6560  -6.7920
 -34.6300  -6.8570
 -34.5922  -6.9172
 -34.5615  -6.9834
 -34.5308  -7.0484
 -34.5154  -7.1133
 -34.4977  -7.1736
 -34.4765  -7.2362
 -34.4588  -7.3011
 -34.4528  -7.3602
 -34.4528  -7.4216
 -34.4528  -7.4806
 -34.4469  -7.5444
 -34.4469  -7.6140
 -34.4575  -7.6778
 -34.4716  -7.7403
 -34.4870  -7.8111
 -34.4988  -7.8748
 -34.5129  -7.9397
 -34.5153  -7.9987
 -34.5176  -8.0612
 -34.5200  -8.1224
 -34.5412  -8.1849
 -34.5565  -8.2450
 -34.5778  -8.3087
 -34.6049  -8.3688
 -34.6285  -8.4336
 -34.6462  -8.4948
 -34.6557  -8.5584
 -34.6686  -8.6185
 -34.6958  -8.6797
 -34.7147  -8.7432
 -34.7359  -8.8103
 -34.7642  -8.8738
 -34.7902  -8.9374
 -34.8173  -9.0021
 -34.8339  -9.0608
 -34.8717  -9.1267
 -34.8917  -9.1913
 -34.9165  -9.2524
 -34.9496  -9.3147
 -34.9791  -9.3746
 -35.0157  -9.4392
 -35.0558  -9.5062
 -35.0889  -9.5743
 -35.1325  -9.6342
 -35.1975  -9.6940
 -35.2459  -9.7527
 -35.2801  -9.8161
 -35.3475  -9.8712
 -35.4065  -9.8983
 -35.4655  -9.9194
 -35.5258  -9.9429
 -35.5860  -9.9722
 -35.6521  -9.9934
 -35.7182 -10.0368
 -35.7808 -10.0731
 -35.8434 -10.1224
 -35.8777 -10.1810
 -35.8954 -10.2407
 -35.9166 -10.3040
 -35.9698 -10.3684
 -36.0312 -10.4234
 -36.0879 -10.4820
 -36.1422 -10.5417
 -36.1906 -10.6048
 -36.2556 -10.6353
 -36.3158 -10.6447
 -36.3323 -10.7102
 -36.3914 -10.7605
 -36.4504 -10.8084
 -36.5154 -10.8470
 -36.5756 -10.8962
 -36.6346 -10.9207
 -36.6949 -10.9371
 -36.7551 -10.9068
 -36.8141 -10.8765
 -36.8436 -10.9407
 -36.8377 -11.0038
 -36.8366 -11.0668
 -36.8649 -11.1264
 -36.9287 -11.1790
 -36.9877 -11.2047
 -37.0515 -11.2537
 -37.0799 -11.3203
 -37.1023 -11.3809
 -37.1330 -11.4451
 -37.1968 -11.4848
 -37.2393 -11.5466
 -37.2488 -11.6072
 -37.2512 -11.6713
 -37.2665 -11.7296
 -37.3291 -11.7786
 -37.3669 -11.8438
 -37.3764 -11.9067
 -37.4225 -11.9684
 -37.4485 -12.0360
 -37.4638 -12.0965
 -37.5111 -12.1582
 -37.5371 -12.2164
 -37.5808 -12.2757
 -37.6245 -12.3385
 -37.6836 -12.3851
 -37.7450 -12.4316
 -37.7958 -12.4921
 -37.8383 -12.5571
 -37.8572 -12.6153
 -37.8832 -12.6745
 -37.9399 -12.7384
 -37.9990 -12.7895
 -38.0604 -12.8290
 -38.1195 -12.8557
 -38.1785 -12.8859
 -38.2471 -12.9451
 -38.3108 -12.9951
 -38.3735 -13.0357
 -38.4408 -13.0716
 -38.5022 -13.1030
 -38.5518 -13.1633
 -38.6003 -13.2282
 -38.6652 -13.2654
 -38.7278 -13.2700
 -38.7349 -13.3338
 -38.6972 -13.3929
 -38.6984 -13.4717
 -38.7055 -13.5296
 -38.6996 -13.5886
 -38.7103 -13.6604
 -38.7210 -13.7311
 -38.7316 -13.7924
 -38.7435 -13.8538
 -38.7541 -13.9151
 -38.7659 -13.9753
 -38.7884 -14.0343
 -38.8121 -14.0955
 -38.8381 -14.1603
 -38.8676 -14.2297
 -38.8901 -14.2944
 -38.8949 -14.3649
 -38.8878 -14.4400
 -38.8879 -14.5058
 -38.8879 -14.5728
 -38.8844 -14.6525
 -38.8608 -14.7148
 -38.8455 -14.7748
 -38.8337 -14.8418
 -38.8172 -14.9041
 -38.8018 -14.9641
 -38.7948 -15.0241
 -38.7783 -15.0933
 -38.7641 -15.1648
 -38.7571 -15.2259
 -38.7193 -15.2985
 -38.6744 -15.3700
 -38.6508 -15.4461
 -38.6225 -15.5106
 -38.5788 -15.5694
 -38.5883 -15.6293
 -38.5883 -15.6926
 -38.5742 -15.7559
 -38.5151 -15.7974
 -38.4466 -15.8147
 -38.3816 -15.8298
 -38.3131 -15.8276
 -38.2457 -15.8276
 -38.1807 -15.8438
 -38.1157 -15.8439
 -38.0508 -15.8359
 -37.9822 -15.8636
 -37.9196 -15.9270
 -37.9208 -15.9972
 -37.9362 -16.0559
 -37.9007 -16.1180
 -37.8736 -16.1767
 -37.9327 -16.2249
 -38.0036 -16.2386
 -38.0674 -16.2397
 -38.1265 -16.2603
 -38.1927 -16.2878
 -38.2577 -16.2934
 -38.3168 -16.3451
 -38.3818 -16.3645
 -38.4421 -16.4069
 -38.5071 -16.4620
 -38.5662 -16.5067
 -38.6300 -16.5709
 -38.6454 -16.6409
 -38.6537 -16.6983
 -38.6856 -16.7591
 -38.6797 -16.8280
 -38.6632 -16.8922
 -38.6491 -16.9542
 -38.6313 -17.0173
 -38.6077 -17.0804
 -38.5640 -17.1481
 -38.5215 -17.2135
 -38.4719 -17.2766
 -38.4081 -17.3249
 -38.3454 -17.3640
 -38.2769 -17.4237
 -38.2154 -17.4490
 -38.1516 -17.4686
 -38.0925 -17.4905
 -38.0334 -17.5330
 -37.9707 -17.5789
 -37.8998 -17.6318
 -37.8348 -17.6651
 -37.7733 -17.6893
 -37.6977 -17.6872
 -37.6291 -17.6782
 -37.5605 -17.6737
 -37.4896 -17.6739
 -37.4151 -17.6867
 -37.3548 -17.7269
 -37.3170 -17.7865
 -37.2969 -17.8518
 -37.2898 -17.9091
 -37.2839 -17.9686
 -37.3217 -18.0337
 -37.3879 -18.0759
 -37.4529 -18.0814
 -37.5180 -18.1236
 -37.5783 -18.1635
 -37.6433 -18.2056
 -37.7072 -18.2306
 -37.7344 -18.2945
 -37.7758 -18.3527
 -37.8065 -18.4155
 -37.8314 -18.4828
 -37.8432 -18.5467
 -37.8586 -18.6106
 -37.8893 -18.6779
 -37.9142 -18.7452
 -37.9225 -18.8148
 -37.8976 -18.8833
 -37.8823 -18.9427
 -37.8905 -19.0191
 -37.9000 -19.0863
 -37.9260 -19.1558
 -37.9603 -19.2184
 -37.9710 -19.2844
 -38.0088 -19.3436
 -38.0751 -19.3775
 -38.1377 -19.4081
 -38.1969 -19.4239
 -38.2596 -19.4487
 -38.3246 -19.4349
 -38.3885 -19.4461
 -38.4476 -19.4892
 -38.5115 -19.5345
 -38.5824 -19.5685
 -38.6510 -19.5683
 -38.7137 -19.5749
 -38.7752 -19.5748
 -38.8449 -19.5746
 -38.9064 -19.5744
 -38.9774 -19.5583
 -39.0471 -19.5524
 -39.1252 -19.5840
 -39.1843 -19.6089
 -39.2458 -19.6485
 -39.3156 -19.6677
 -39.3853 -19.7039
 -39.4539 -19.7401
 -39.5320 -19.7944
 -39.5947 -19.8318
 -39.6668 -19.8998
 -39.7058 -19.9610
 -39.7307 -20.0189
>999 999
 -37.5618 -19.8687
 -37.6268 -19.8468
 -37.6895 -19.8523
 -37.7546 -19.8475
 -37.8185 -19.8428
 -37.8788 -19.8835
 -37.9367 -19.9459
 -38.0018 -19.9787
 -38.0716 -20.0137
 -38.1437 -20.0328
 -38.2088 -20.0758
 -38.2738 -20.0835
 -38.3377 -20.0810
 -38.4051 -20.1240
 -38.4536 -20.0670
 -38.4039 -20.0103
 -38.3578 -19.9536
 -38.4063 -19.8966
 -38.4465 -19.8351
 -38.4914 -19.7770
 -38.4760 -19.7201
 -38.4157 -19.6657
 -38.3483 -19.6227
 -38.2821 -19.5842
 -38.2170 -19.5525
 -38.1531 -19.5231
 -38.0893 -19.5210
 -38.0266 -19.5382
 -37.9876 -19.5987
 -38.0041 -19.6590
 -37.9557 -19.7183
 -37.8930 -19.7367
 -37.8267 -19.7699
 -37.7617 -19.7656
 -37.6943 -19.7613
 -37.6292 -19.7763
 -37.5653 -19.8334
>999 999
 -38.1411 -20.4083
 -38.0397 -20.5317
 -37.9664 -20.5952
 -37.9030 -20.6543
 -37.8142 -20.7016
 -37.7237 -20.7136
 -37.6049 -20.6796
 -37.5056 -20.5915
 -37.4577 -20.4895
 -37.4215 -20.4718
 -37.3395 -20.4873
 -37.3014 -20.5002
 -37.2947 -20.5297
 -37.3205 -20.5779
 -37.3728 -20.6424
 -37.4420 -20.6562
 -37.5011 -20.6902
 -37.5424 -20.7557
 -37.5772 -20.7847
 -37.6453 -20.7905
 -37.7001 -20.7949
 -37.7481 -20.8343
 -37.8016 -20.9011
 -37.8603 -20.9497
 -37.9098 -20.9722
 -37.9624 -20.9663
 -37.9627 -20.9504
 -37.9217 -20.8703
 -37.9218 -20.8647
 -37.9020 -20.8212
 -37.8978 -20.7860
 -37.9522 -20.7495
 -37.9754 -20.7499
 -38.0379 -20.7339
 -38.0760 -20.7210
 -38.0995 -20.7044
 -38.1118 -20.6989
 -38.1343 -20.6141
 -38.1685 -20.5544
 -38.1892 -20.4967
 -38.2021 -20.4639
 -38.1885 -20.4125
 -38.1558 -20.4040
 -38.1338 -20.4047
>999 999
 -35.8552 -20.4670
 -35.8552 -20.4670
 -35.8086 -20.4808
 -35.7546 -20.5001
 -35.7245 -20.5403
 -35.7539 -20.5942
 -35.8209 -20.5956
 -35.8401 -20.6074
 -35.8690 -20.6250
 -35.9020 -20.6200
 -35.9402 -20.6016
 -35.9707 -20.5965
 -36.0085 -20.5996
 -36.0451 -20.5947
 -36.0931 -20.5730
 -36.1290 -20.5442
 -36.1577 -20.5131
 -36.2158 -20.4745
 -36.2262 -20.4395
 -36.2034 -20.4254
 -36.1629 -20.4394
 -36.0737 -20.4500
 -35.9675 -20.4558
 -35.8859 -20.4563
 -35.8530 -20.4556
>999 999
 -34.8932 -20.6782
 -34.9014 -20.6377
 -34.8964 -20.5798
 -34.8607 -20.5393
 -34.7842 -20.5251
 -34.7136 -20.5269
 -34.6751 -20.5611
 -34.6468 -20.6374
 -34.6299 -20.6914
 -34.6291 -20.7309
 -34.6699 -20.7624
 -34.7452 -20.7732
 -34.8188 -20.7444
 -34.8548 -20.7113
 -34.8919 -20.6850
>999 999
 -39.7307 -20.0189
 -39.7434 -20.1000
 -39.8101 -20.1786
 -39.8493 -20.2831
 -39.8907 -20.4013
 -39.9027 -20.5268
 -39.9435 -20.6732
 -40.0019 -20.7958
 -40.0857 -20.8743
 -40.1482 -20.9741
 -40.1859 -21.0405
 -40.2180 -21.1385
 -40.2263 -21.3235
 -40.1918 -21.4566
 -40.1639 -21.5682
 -40.1469 -21.7397
 -40.1468 -21.8672
 -40.1147 -22.0065
 -40.1011 -22.0751
 -40.1095 -22.1416
 -40.1493 -22.2210
 -40.2118 -22.3299
 -40.3104 -22.4022
 -40.4132 -22.5049
 -40.5538 -22.6147
 -40.6172 -22.6762
 -40.6729 -22.7612
 -40.7546 -22.8251
 -40.8297 -22.9136
 -40.8923 -23.0130
 -40.9349 -23.0796
 -40.9869 -23.1642
 -41.0519 -23.2713
 -41.1219 -23.3762
 -41.2223 -23.4792
 -41.2770 -23.5546
 -41.3471 -23.6515
 -41.4411 -23.7085
 -41.5220 -23.7520
 -41.5656 -23.7682
 -41.6534 -23.7739
 -41.7720 -23.7622
 -41.9225 -23.7398
 -42.0118 -23.7277
 -42.1434 -23.7384
 -42.2971 -23.7404
 -42.4619 -23.7426
 -42.5831 -23.7820
 -42.7119 -23.8772
 -42.8638 -23.9703
 -42.9590 -24.0360
 -43.0591 -24.0962
 -43.1876 -24.1444
 -43.3526 -24.1942
 -43.4780 -24.2123
 -43.5939 -24.2181
 -43.6889 -24.2258
 -43.7766 -24.2401
 -43.8966 -24.2803
 -44.0196 -24.2983
 -44.1591 -24.3476
 -44.3053 -24.4235
 -44.3921 -24.4821
 -44.4574 -24.5749
 -44.5230 -24.6565
 -44.5419 -24.7497
 -44.5162 -24.8192
 -44.4579 -24.8673
 -44.4049 -24.8889
 -44.3871 -24.9241
 -44.3940 -24.9485
 -44.4975 -25.0280
 -44.6461 -25.1069
 -44.7210 -25.1508
 -44.8260 -25.2181
 -44.9321 -25.2843
 -45.0493 -25.3494
 -45.1234 -25.4384
 -45.1807 -25.5072
 -45.2378 -25.5827
 -45.2500 -25.6510
 -45.2719 -25.7173
 -45.2931 -25.7581
 -45.3172 -25.7793
 -45.3522 -25.8005
 -45.4911 -25.8139
 -45.6448 -25.8253
 -45.8164 -25.8577
 -45.9768 -25.8965
 -46.0665 -25.9336
 -46.1510 -25.9860
 -46.2642 -26.0726
 -46.3655 -26.1415
 -46.4449 -26.2047
 -46.5153 -26.2941
 -46.5675 -26.3766
 -46.6014 -26.4612
 -46.6534 -26.5514
 -46.7020 -26.6338
 -46.7201 -26.7093
 -46.7565 -26.7872
 -46.8059 -26.8912
 -46.8504 -26.9974
 -46.8955 -27.0653
 -46.9363 -27.1756
 -46.9802 -27.2434
 -47.0367 -27.2961
 -47.1106 -27.3946
 -47.1680 -27.4635
 -47.1995 -27.5452
 -47.2363 -27.6745
 -47.2612 -27.8502
 -47.2819 -27.9899
 -47.2951 -28.1434
 -47.3226 -28.3174
 -47.3652 -28.4665
 -47.4233 -28.5682
 -47.5070 -28.6668
 -47.6389 -28.7432
 -47.7307 -28.7988
 -47.8016 -28.8682
 -47.8451 -28.9652
 -47.8842 -29.1091
 -47.9108 -29.1983
 -47.9661 -29.3218
 -48.0346 -29.3866
 -48.1005 -29.4620
 -48.1356 -29.5552
 -48.1389 -29.6513
 -48.1416 -29.7792
 -48.1866 -29.9393
 -48.2485 -30.0377
 -48.3192 -30.1244
 -48.3693 -30.1939
 -48.4269 -30.2560
 -48.4697 -30.3328
 -48.5296 -30.4002
 -48.6117 -30.4592
 -48.7111 -30.5056
 -48.8551 -30.5853
 -48.9327 -30.6230
 -49.0453 -30.6843
 -49.1172 -30.7695
 -49.2002 -30.8484
 -49.3096 -30.9613
 -49.3778 -31.0505
 -49.4920 -31.1664
 -49.5700 -31.2555
 -49.6315 -31.3055
 -49.7419 -31.4274
 -49.8055 -31.5015
 -49.8713 -31.5945
 -49.9238 -31.6726
 -49.9501 -31.7861
 -49.9853 -31.8839
 -50.0621 -32.0551
 -50.1252 -32.1633
 -50.1907 -32.2736
 -50.2542 -32.3576
 -50.2929 -32.4643
 -50.3574 -32.5596
 -50.3995 -32.6890
 -50.4081 -32.8544
 -50.4479 -32.9762
 -50.4918 -33.0616
 -50.5322 -33.1376
 -50.5566 -33.2248
 -50.6443 -33.3332
 -50.7128 -33.4062
 -50.7777 -33.4811
 -50.8771 -33.5346
 -50.9670 -33.5716
 -51.0436 -33.5897
 -51.1604 -33.6227
 -51.2683 -33.6824
 -51.3812 -33.7308
 -51.4622 -33.7871
 -51.5124 -33.8699
 -51.5321 -33.9421
 -51.5752 -34.0073
 -51.6685 -34.1530
 -51.7244 -34.2633
 -51.7975 -34.3645
 -51.8792 -34.4656
 -51.9462 -34.5695
 -52.0058 -34.6754
 -52.0768 -34.7588
 -52.1544 -34.8962
 -52.2204 -34.9835
 -52.3033 -35.0891
 -52.3695 -35.1651
 -52.4329 -35.2663
 -52.5122 -35.3666
 -52.5517 -35.4309
 -52.6228 -35.5107
 -52.6988 -35.5803
 -52.8066 -35.6531
 -52.8886 -35.7359
 -52.9670 -35.8134
 -53.0343 -35.9010
 -53.0946 -35.9652
 -53.1681 -36.0456
 -53.2636 -36.1301
 -53.3445 -36.2064
 -53.4240 -36.2907
 -53.5271 -36.3560
 -53.6191 -36.4242
 -53.7132 -36.5185
 -53.8004 -36.5774
 -53.8801 -36.6544
 -54.0060 -36.7497
 -54.1004 -36.8267
 -54.1996 -36.9127
 -54.2795 -36.9724
 -54.3470 -37.0440
 -54.4291 -37.1266
 -54.5150 -37.2002
 -54.5837 -37.2867
 -54.6755 -37.3692
 -54.7551 -37.4606
 -54.8203 -37.5319
 -54.9003 -37.5872
 -54.9933 -37.6825
 -55.0671 -37.7487
 -55.1106 -37.7888
 -55.1463 -37.8716
 -55.1843 -37.9722
 -55.2257 -38.0946
 -55.2650 -38.1841
 -55.3044 -38.2696
 -55.3353 -38.3540
 -55.3760 -38.4730
>999 999
 -55.3760 -38.4730
 -55.4800 -38.6600
 -55.5526 -38.8732
 -55.6292 -39.1168
 -55.7356 -39.3614
 -55.8463 -39.5629
 -55.9730 -39.7879
 -56.1009 -39.9556
 -56.1936 -40.1350
 -56.2946 -40.2857
 -56.4855 -40.5249
 -56.6509 -40.7259
 -56.8233 -40.8706
 -57.0024 -40.9818
 -57.2351 -41.1573
 -57.4272 -41.3045
 -57.5847 -41.4235
 -57.7399 -41.5612
 -57.8406 -41.6558
 -57.9586 -41.7904
 -58.0619 -41.9559
 -58.1621 -42.1570
 -58.2839 -42.3611
 -58.4117 -42.5757
 -58.5146 -42.7480
 -58.6700 -42.9227
 -58.7807 -43.0556
 -58.9071 -43.2011
 -59.0409 -43.2860
 -59.1498 -43.3867
 -59.2936 -43.4642
 -59.4081 -43.5671
 -59.4771 -43.6662
 -59.5749 -43.8357
 -59.6562 -43.9665
 -59.7035 -44.1264
 -59.7214 -44.3143
 -59.6987 -44.4569
 -59.6729 -44.6054
 -59.6372 -44.7850
 -59.6240 -44.9002
 -59.6673 -45.0081
 -59.7891 -45.0845
 -59.8845 -45.1380
 -59.9303 -45.1724
 -59.9637 -45.2213
 -59.9628 -45.2829
 -59.9597 -45.4380
 -59.9588 -45.5493
 -59.9670 -45.6722
 -59.9801 -45.7654
 -60.0363 -45.9168
 -60.1113 -46.0416
 -60.2041 -46.1968
 -60.3003 -46.3212
 -60.3838 -46.4304
 -60.4990 -46.5471
 -60.5890 -46.6645
 -60.6646 -46.7692
 -60.7483 -46.8867
 -60.8601 -47.0437
 -60.9147 -47.1548
 -60.9366 -47.2845
 -60.9243 -47.3985
 -60.8635 -47.5172
 -60.7701 -47.5858
 -60.7441 -47.6291
 -60.7551 -47.6951
 -60.8082 -47.8027
 -60.8371 -47.8920
 -60.8722 -48.0487
 -60.8790 -48.2036
 -60.8516 -48.3524
 -60.7750 -48.5095
 -60.6637 -48.6236
 -60.5384 -48.7488
 -60.4505 -48.8351
 -60.4055 -48.9227
 -60.3646 -49.0174
 -60.3473 -49.1399
 -60.3334 -49.2588
 -60.3084 -49.3779
 -60.2478 -49.4399
 -60.1450 -49.4531
 -59.9309 -49.3932
 -59.8449 -49.3384
 -59.7305 -49.3175
 -59.5446 -49.4037
 -59.3843 -49.5332
 -59.1973 -49.6964
 -58.9936 -49.8493
 -58.7114 -50.0229
 -58.4941 -50.1557
 -58.3007 -50.2653
 -58.0342 -50.3538
 -57.7012 -50.4634
 -57.4592 -50.5829
 -57.2660 -50.7477
 -57.1591 -50.9144
 -57.1326 -51.1344
 -57.1895 -51.4089
 -57.2943 -51.6351
 -57.3958 -51.7640
 -57.4496 -51.8260
 -57.6595 -51.8506
 -57.6321 -51.9723
 -57.7070 -52.0719
 -57.9132 -52.1297
 -58.0326 -52.2497
 -58.1652 -52.3955
 -58.3804 -52.5277
 -58.5513 -52.6156
 -58.7241 -52.7319
 -58.8679 -52.8441
 -59.1244 -52.9821
 -59.3934 -53.0532
 -59.6908 -53.0735
 -60.0023 -53.0005
 -60.2433 -52.8066
 -60.5060 -52.5979
 -60.7162 -52.4571
 -60.9745 -52.3496
 -61.1493 -52.2500
 -61.2750 -52.2207
 -61.6391 -52.1686
 -61.8618 -52.0632
 -61.9916 -51.9387
 -62.0286 -51.7893
 -62.0743 -51.6670
 -62.1719 -51.5256
 -62.2792 -51.4683
 -62.4713 -51.4624
 -62.6620 -51.5195
 -62.9066 -51.6811
 -63.0591 -51.7938
 -63.2030 -51.9081
 -63.3258 -52.0026
 -63.4333 -52.1059
 -63.5282 -52.1488
 -63.8234 -52.2100
 -64.0021 -52.2477
 -64.1270 -52.2998
 -64.1504 -52.3729
 -64.1197 -52.4258
 -63.9493 -52.4782
 -63.8612 -52.5407
 -63.8288 -52.6935
 -63.7978 -52.7846
 -63.7162 -52.8708
 -63.6913 -52.9189
 -63.7319 -52.9822
 -63.8486 -53.0653
 -63.9768 -53.1469
 -64.1180 -53.2699
 -64.1975 -53.3658
 -64.1761 -53.4781
 -63.9776 -53.5728
 -63.8740 -53.6263
 -63.8281 -53.7261
 -63.8643 -53.8527
 -63.8780 -53.9370
 -63.7667 -54.0586
 -63.4999 -54.0981
 -63.1460 -54.1172
 -62.9003 -54.1541
 -62.8307 -54.2225
 -62.8538 -54.2875
 -63.0070 -54.3303
 -63.2706 -54.3680
 -63.4314 -54.4203
 -63.5166 -54.4958
 -63.4340 -54.5656
 -63.3695 -54.6637
 -63.3890 -54.7647
>999 999
