>99 99
 -53.3600 -33.7000
 -53.4840 -33.6740
 -53.4840 -33.5610
 -53.4930 -33.5380
 -53.5290 -33.5610
 -53.5560 -33.4860
 -53.5920 -33.4100
 -53.5920 -33.3350
 -53.5830 -33.2590
 -53.6550 -33.1840
 -53.6280 -33.1080
 -53.6190 -33.0330
 -53.5830 -33.0250
 -53.4930 -32.9340
 -53.4030 -32.9040
 -53.3310 -32.8810
 -53.3130 -32.8050
 -53.3040 -32.7290
 -53.1840 -32.6500
 -53.2590 -32.5770
 -53.3670 -32.5470
 -53.4570 -32.4710
 -53.5380 -32.4250
 -53.6370 -32.3560
 -53.6730 -32.1960
 -53.7270 -32.0740
 -53.8170 -31.9820
 -53.9060 -31.9200
 -53.9960 -31.8820
 -54.1760 -31.8280
 -54.3380 -31.7360
 -54.4910 -31.5820
 -54.5540 -31.5050
 -54.6980 -31.4280
 -54.8060 -31.4130
 -54.8950 -31.3590
 -55.0750 -31.2820
 -55.1650 -31.2660
 -55.2550 -31.2280
 -55.3270 -31.1200
 -55.3720 -31.0420
 -55.4080 -30.9650
 -55.4710 -30.8870
 -55.6150 -30.8330
 -55.7050 -30.9490
 -55.7950 -31.0190
 -55.9560 -30.9650
 -55.9380 -30.8100
 -56.0280 -30.6550
 -56.1540 -30.5380
 -56.1900 -30.4990
 -56.3160 -30.4210
 -56.4240 -30.3590
 -56.5140 -30.2890
 -56.5950 -30.1870
 -56.6850 -30.1090
 -56.8100 -30.0310
 -56.9630 -30.0160
 -57.0530 -30.0080
 -57.1430 -30.0160
 -57.2240 -30.1090
 -57.3230 -30.2030
 -57.4130 -30.2110
 -57.5030 -30.2190
 -57.5930 -30.1640
 -57.5030 -30.1020
 -57.4580 -30.0310
 -57.4130 -29.9920
 -57.3590 -29.8750
 -57.3230 -29.7890
 -57.2330 -29.7420
 -57.0530 -29.6470
 -56.9900 -29.5610
 -56.8730 -29.4900
 -56.7840 -29.4200
 -56.7390 -29.3250
 -56.6580 -29.1680
 -56.6040 -29.0810
 -56.5140 -29.0490
 -56.4240 -29.0180
 -56.3880 -28.9310
 -56.3070 -28.8520
 -56.2710 -28.7730
 -56.1630 -28.6930
 -56.0820 -28.6140
 -56.0100 -28.5350
 -55.9740 -28.4710
 -55.8840 -28.4000
 -55.7950 -28.3050
 -55.7410 -28.2970
 -55.7320 -28.2170
 -55.6690 -28.1370
 -55.6150 -28.0980
 -55.5250 -28.1220
 -55.4350 -28.0340
 -55.3990 -27.9780
 -55.3450 -27.9140
 -55.2550 -27.8580
 -55.1650 -27.8340
 -55.0930 -27.8180
 -55.0570 -27.7390
 -54.9130 -27.6590
 -54.8770 -27.5790
 -54.8240 -27.4990
 -54.7160 -27.5070
 -54.6260 -27.4750
 -54.4460 -27.4180
 -54.3560 -27.4020
 -54.2660 -27.3780
 -54.2390 -27.3380
 -54.1850 -27.2580
 -54.0860 -27.2260
 -53.9960 -27.1620
 -53.9060 -27.1220
 -53.8440 -27.0970
 -53.8170 -27.0650
 -53.7900 -27.0170
 -53.7270 -26.9450
 -53.6910 -26.8560
 -53.7090 -26.7750
 -53.7270 -26.6950
 -53.7360 -26.6140
 -53.7360 -26.5330
 -53.7360 -26.4530
 -53.7090 -26.3720
 -53.6820 -26.2910
 -53.6910 -26.2100
 -53.7000 -26.1290
 -53.7000 -26.0480
 -53.7810 -25.9660
 -53.8170 -25.8930
 -53.8350 -25.8040
 -53.8440 -25.7230
 -53.8700 -25.6410
 -53.9060 -25.6330
 -53.9780 -25.5600
 -54.0320 -25.5350
 -54.0770 -25.5350
 -54.1220 -25.5520
 -54.1670 -25.4950
 -54.2120 -25.5270
 -54.3020 -25.5190
 -54.3470 -25.5270
 -54.3740 -25.5520
 -54.4010 -25.6330
 -54.4370 -25.6410
 -54.4820 -25.6010
 -54.5270 -25.5760
 -54.5720 -25.5600
 -54.5900 -25.5520
 -54.6170 -25.5110
 -54.6170 -25.4300
 -54.6080 -25.3480
 -54.5720 -25.3150
 -54.5270 -25.2830
 -54.5090 -25.2260
 -54.5000 -25.1850
 -54.4640 -25.1440
 -54.4550 -25.1030
 -54.4640 -25.0620
 -54.4730 -25.0210
 -54.4820 -24.9800
 -54.4640 -24.8980
 -54.4460 -24.8160
 -54.4370 -24.7750
 -54.4100 -24.7340
 -54.3650 -24.6520
 -54.3380 -24.6110
 -54.3380 -24.5700
 -54.3380 -24.4880
 -54.3200 -24.4060
 -54.2930 -24.3650
 -54.2930 -24.2830
 -54.3110 -24.2420
 -54.3290 -24.1590
 -54.3470 -24.1100
 -54.3470 -24.0030
 -54.5270 -23.8460
 -54.7070 -23.8290
 -54.8860 -23.8870
 -55.0480 -24.0030
 -55.2460 -23.9700
 -55.3900 -23.8370
 -55.4620 -23.6720
 -55.5070 -23.5070
 -55.5070 -23.3410
 -55.5070 -23.1750
 -55.5700 -23.0090
 -55.6240 -22.8430
 -55.5970 -22.6760
 -55.6960 -22.5100
 -55.7590 -22.3430
 -55.9650 -22.3090
 -56.1450 -22.2930
 -56.3250 -22.2260
 -56.5050 -22.1250
 -56.6850 -22.2340
 -56.8640 -22.2670
 -57.0440 -22.2010
 -57.2240 -22.1840
 -57.4040 -22.1670
 -57.5840 -22.1420
 -57.7630 -22.0840
 -57.9430 -22.0500
 -57.9700 -22.0080
 -57.9070 -21.8410
 -57.8980 -21.6730
 -57.9250 -21.5050
 -57.8800 -21.3370
 -57.8350 -21.1690
 -57.8260 -21.0000
 -57.8710 -20.8320
 -57.9430 -20.6630
 -57.9790 -20.4940
 -58.0510 -20.3250
 -58.1140 -20.1550
 -57.9160 -19.9860
 -57.9880 -19.8160
 -58.0150 -19.6460
 -57.9790 -19.4760
 -57.9250 -19.3050
 -57.8530 -19.1350
 -57.7630 -18.9810
 -57.7370 -18.7930
 -57.6920 -18.6220
 -57.6560 -18.4510
 -57.5840 -18.2880
 -57.5750 -18.1080
 -57.6830 -17.9370
 -57.7010 -17.7650
 -57.7370 -17.5930
 -57.9250 -17.4210
 -58.1230 -17.3090
 -58.2580 -17.2480
 -58.3660 -17.0760
 -58.4110 -16.9030
 -58.4380 -16.7300
 -58.3660 -16.5570
 -58.2940 -16.3840
 -58.3390 -16.2110
 -58.4830 -16.2370
 -58.6630 -16.2450
 -59.0220 -16.2370
 -59.3820 -16.2190
 -59.5620 -16.2110
 -59.7410 -16.2020
 -60.1010 -16.2020
 -60.2900 -15.9510
 -60.3710 -15.7330
 -60.4520 -15.4290
 -60.5240 -15.1680
 -60.4610 -15.1160
 -60.3800 -15.0810
 -60.3980 -14.9940
 -60.4160 -14.9060
 -60.4340 -14.7320
 -60.3710 -14.6010
 -60.3530 -14.4700
 -60.3710 -14.3820
 -60.3890 -14.2950
 -60.4250 -14.2070
 -60.4160 -14.0320
 -60.4160 -13.9450
 -60.4340 -13.8570
 -60.5510 -13.7250
 -60.6410 -13.6990
 -60.6850 -13.6820
 -60.8200 -13.6110
 -61.0000 -13.5240
 -61.0900 -13.4620
 -61.1800 -13.4800
 -61.3600 -13.4800
 -61.5400 -13.4970
 -61.6300 -13.4890
 -61.8090 -13.4710
 -61.8450 -13.4180
 -61.9530 -13.3310
 -62.0790 -13.2510
 -62.0880 -13.1550
 -62.1690 -13.0930
 -62.2590 -13.1020
 -62.3490 -13.1110
 -62.4120 -13.0670
 -62.4390 -13.0580
 -62.5290 -13.0320
 -62.6100 -12.9790
 -62.7980 -12.9530
 -62.8700 -12.8910
 -62.9690 -12.8030
 -63.0320 -12.7150
 -63.0860 -12.6270
 -63.2480 -12.6620
 -63.3380 -12.6530
 -63.5180 -12.5480
 -63.6070 -12.4770
 -63.6970 -12.4330
 -63.8770 -12.4770
 -63.9670 -12.4860
 -64.0570 -12.4770
 -64.1470 -12.4860
 -64.2370 -12.4680
 -64.4170 -12.4060
 -64.4890 -12.3620
 -64.5070 -12.3010
 -64.5960 -12.2300
 -64.6860 -12.1150
 -64.7670 -12.0090
 -64.8660 -11.9920
 -64.9470 -11.9210
 -65.0010 -11.8330
 -65.0370 -11.7440
 -65.1360 -11.6910
 -65.1720 -11.5680
 -65.2260 -11.4880
 -65.2980 -11.3910
 -65.2800 -11.3020
 -65.3250 -11.2140
 -65.3430 -11.1250
 -65.3070 -11.0360
 -65.3070 -10.9480
 -65.2980 -10.8590
 -65.3160 -10.7700
 -65.3610 -10.5930
 -65.3790 -10.5040
 -65.3790 -10.4150
 -65.3700 -10.3270
 -65.3070 -10.2380
 -65.2530 -10.1490
 -65.2530 -10.0600
 -65.2710  -9.9710
 -65.2710  -9.8820
 -65.2710  -9.7930
 -65.4060  -9.7310
 -65.4960  -9.7130
 -65.5320  -9.7930
 -65.5850  -9.7930
 -65.6750  -9.7310
 -65.7650  -9.7400
 -65.8550  -9.7400
 -65.9450  -9.7490
 -66.0350  -9.7580
 -66.2150  -9.7840
 -66.3050  -9.8020
 -66.3950  -9.8380
 -66.5560  -9.8820
 -66.5740  -9.8820
 -66.6640  -9.9180
 -66.7270  -9.9710
 -66.8350 -10.0600
 -66.9250 -10.1490
 -67.0150 -10.2380
 -67.1140 -10.2820
 -67.2040 -10.3090
 -67.2940 -10.3360
 -67.3930 -10.4150
 -67.5360 -10.5040
 -67.6350 -10.5930
 -67.8330 -10.6370
 -68.0130 -10.6460
 -68.0940 -10.7700
 -68.1660 -10.8590
 -68.2830 -10.9390
 -68.4630 -11.0010
 -68.6420 -11.0720
 -68.7320 -11.0190
 -68.7860 -10.9480
 -68.8220 -10.9300
 -68.9120 -10.9030
 -69.0920 -10.8950
 -69.2720 -10.8770
 -69.4520 -10.8770
 -69.5410 -10.9210
 -69.6310 -10.9210
 -69.7210 -10.8770
 -69.9010 -10.8590
 -70.0810 -10.9210
 -70.2610 -10.9740
 -70.3510 -10.9740
 -70.4400 -10.9210
 -70.5300 -10.8680
 -70.6020 -10.7700
 -70.6290 -10.4150
 -70.6290 -10.2380
 -70.6290 -10.0600
 -70.6020  -9.8820
 -70.5300  -9.7040
 -70.4760  -9.5260
 -70.7100  -9.5440
 -70.8720  -9.7040
 -71.0700  -9.8290
 -71.2500  -9.9450
 -71.4290  -9.9620
 -71.6090  -9.9620
 -71.7890  -9.9710
 -71.9690  -9.9620
 -72.1490  -9.7840
 -72.3290  -9.5620
 -72.5080  -9.4820
 -72.6880  -9.4460
 -72.8770  -9.4190
 -73.0570  -9.4110
 -73.1290  -9.3480
 -72.9940  -9.1700
 -72.9400  -8.9920
 -73.0750  -8.8130
 -73.2280  -8.6350
 -73.3710  -8.4560
 -73.4970  -8.2780
 -73.5690  -8.0990
 -73.7310  -7.9200
 -73.6770  -7.7410
 -73.7760  -7.6880
 -73.8840  -7.5620
 -73.8930  -7.3830
 -73.5960  -7.2760
 -73.6500  -7.2040
 -73.7220  -7.0250
 -73.7310  -6.8460
 -73.5960  -6.6660
 -73.4160  -6.5770
 -73.2370  -6.5320
 -73.0750  -6.4870
 -73.0840  -6.3080
 -73.1920  -6.1280
 -73.2550  -5.9490
 -73.1200  -5.7690
 -72.9130  -5.5890
 -72.8770  -5.4810
 -72.8410  -5.4100
 -72.8140  -5.2300
 -72.7240  -5.0500
 -72.5170  -4.9690
 -72.3650  -4.8700
 -72.1580  -4.7350
 -71.9780  -4.5910
 -71.8430  -4.5100
 -71.7980  -4.4920
 -71.6180  -4.4650
 -71.4380  -4.4650
 -71.2590  -4.4020
 -71.0790  -4.3750
 -70.8990  -4.3570
 -70.7550  -4.1500
 -70.5390  -4.1230
 -70.3600  -4.1140
 -70.1800  -4.2310
 -70.0000  -4.2400
 -69.8470  -3.7900
 -69.7750  -3.4290
 -69.7030  -3.0690
 -69.6490  -2.7080
 -69.5860  -2.3470
 -69.5140  -1.9860
 -69.4690  -1.6250
 -69.3800  -1.4450
 -69.3710  -1.2640
 -69.3890  -1.0840
 -69.4600  -0.9120
 -69.5410  -0.7220
 -69.5500  -0.5420
 -69.6400  -0.4610
 -69.7660  -0.3610
 -69.9550  -0.1810
 -70.0450   0.0000
 -70.0450   0.0000
 -70.0450   0.0910
 -70.0450   0.1820
 -70.0450   0.2720
 -70.0450   0.3630
 -70.0450   0.4540
 -69.8650   0.4630
 -69.6850   0.5080
 -69.5950   0.5170
 -69.5050   0.5720
 -69.3260   0.5630
 -69.2360   0.5540
 -69.2000   0.6350
 -69.1820   0.7260
 -69.1730   0.8170
 -69.1910   0.9080
 -69.2270   0.9990
 -69.3260   1.0350
 -69.4150   1.0530
 -69.5950   1.0620
 -69.6850   1.0710
 -69.7750   1.0800
 -69.8110   1.1800
 -69.8110   1.2710
 -69.8200   1.3620
 -69.8200   1.5430
 -69.7660   1.7250
 -69.6850   1.7340
 -69.5050   1.7610
 -69.4150   1.7610
 -69.3260   1.7250
 -69.2360   1.6970
 -69.1460   1.6970
 -69.0560   1.6700
 -68.8760   1.6430
 -68.6960   1.6520
 -68.4260   1.6610
 -68.2460   1.6700
 -68.1560   1.6970
 -68.2460   1.8060
 -68.1920   1.9060
 -68.0670   1.9060
 -67.9860   1.8150
 -67.8870   1.7520
 -67.7970   1.7880
 -67.7070   1.8430
 -67.6890   1.9060
 -67.6170   1.9880
 -67.5270   2.0330
 -67.4370   2.1150
 -67.3470   2.0790
 -67.2570   1.9510
 -67.1940   1.8150
 -67.1310   1.7250
 -67.0770   1.6430
 -67.0590   1.5430
 -67.0590   1.3620
 -66.9870   1.1980
 -66.8080   1.1890
 -66.7180   1.0890
 -66.6370   0.9990
 -66.4750   0.8170
 -66.3580   0.7630
 -66.1780   0.7630
 -65.9080   0.7720
 -65.7280   0.7900
 -65.5490   0.8350
 -65.4680   0.9080
 -65.3690   1.0260
 -65.2790   1.0620
 -65.0990   1.1070
 -64.9190   1.1440
 -64.8290   1.1710
 -64.6490   1.2620
 -64.5590   1.3440
 -64.4690   1.4340
 -64.3790   1.4610
 -64.2000   1.4980
 -64.1100   1.6160
 -64.0740   1.7250
 -64.0200   1.8150
 -63.9300   1.8970
 -63.8400   1.9240
 -63.7500   1.9610
 -63.6150   2.0880
 -63.4800   2.1060
 -63.3360   2.1780
 -63.3090   2.2690
 -63.4800   2.3510
 -63.6600   2.3510
 -63.7500   2.3510
 -63.9300   2.3690
 -64.0200   2.3870
 -64.1100   2.4320
 -64.1820   2.5410
 -64.2000   2.6320
 -64.2270   2.8130
 -64.2450   2.9040
 -64.2630   2.9950
 -64.2720   3.0850
 -64.2720   3.1760
 -64.1820   3.3570
 -64.1280   3.4570
 -64.0920   3.6290
 -64.1730   3.8100
 -64.2900   3.8920
 -64.4690   3.9730
 -64.5590   4.0010
 -64.6490   4.0550
 -64.6580   4.1730
 -64.5590   4.1820
 -64.4690   4.1820
 -64.3790   4.1730
 -64.2900   4.1730
 -64.1100   4.1540
 -64.0200   4.0910
 -63.8400   4.0190
 -63.6600   3.9820
 -63.4800   3.9460
 -63.3000   3.9280
 -63.2100   3.9280
 -63.0310   3.8280
 -62.8690   3.7200
 -62.7610   3.7020
 -62.7160   3.8100
 -62.6710   3.9730
 -62.4910   4.0280
 -62.3110   4.0640
 -62.1400   4.0820
 -61.9510   4.1180
 -61.7810   4.1730
 -61.5920   4.2630
 -61.5020   4.2630
 -61.4750   4.3540
 -61.4120   4.3720
 -61.3310   4.4440
 -61.1420   4.5170
 -61.0520   4.5170
 -60.9980   4.5350
 -60.8990   4.6250
 -60.7820   4.6980
 -60.6920   4.7610
 -60.6290   4.8970
 -60.6110   4.9870
 -60.6200   5.1680
 -60.6020   5.2220
 -60.5130   5.2220
 -60.3330   5.2310
 -60.1530   5.2130
 -60.0630   5.1410
 -60.0360   4.9870
 -60.0450   4.8060
 -60.1080   4.6250
 -60.1530   4.5440
 -60.0900   4.4440
 -59.9730   4.4170
 -59.8380   4.3540
 -59.8110   4.2630
 -59.7930   4.1910
 -59.7480   4.0820
 -59.6580   3.9910
 -59.7120   3.8100
 -59.8380   3.7200
 -59.9280   3.6290
 -59.9280   3.5390
 -59.9010   3.4480
 -59.8830   3.3570
 -59.8830   3.2670
 -59.9010   3.1760
 -59.9100   3.0850
 -59.9730   2.9310
 -59.9820   2.7230
 -59.9460   2.5410
 -59.9100   2.4510
 -59.8830   2.3870
 -59.7930   2.3050
 -59.7390   2.1780
 -59.7390   2.0880
 -59.7390   1.9970
 -59.7210   1.9060
 -59.6130   1.8250
 -59.5230   1.6790
 -59.3790   1.5430
 -59.1550   1.3980
 -58.9840   1.3440
 -58.8940   1.2980
 -58.8850   1.2710
 -58.8040   1.1890
 -58.7140   1.2350
 -58.5340   1.2800
 -58.4620   1.4520
 -58.2640   1.5800
 -58.0840   1.5430
 -57.9050   1.5430
 -57.8150   1.6250
 -57.6350   1.6970
 -57.4280   1.8150
 -57.3110   1.9060
 -57.1850   1.9510
 -57.0050   1.9330
 -56.8260   1.9060
 -56.6460   1.8790
 -56.4660   1.9420
 -56.3760   1.9510
 -56.1960   1.9060
 -56.0160   1.8250
 -55.9260   1.8790
 -55.9440   1.9970
 -56.0610   2.1780
 -56.0700   2.2690
 -56.0070   2.3600
 -55.8360   2.4320
 -55.7550   2.3600
 -55.5670   2.3510
 -55.4770   2.3690
 -55.2970   2.4230
 -55.1170   2.4690
 -55.0000   2.5410
 -54.9370   2.5410
 -54.8650   2.4510
 -54.7570   2.3870
 -54.5770   2.2780
 -54.4870   2.2420
 -54.3350   2.1780
 -54.1280   2.1060
 -53.9480   2.0970
 -53.7680   2.1510
 -53.6780   2.1600
 -53.5880   2.1330
 -53.4980   2.1150
 -53.4080   2.1420
 -53.3180   2.1060
 -53.2280   2.0330
 -53.0490   2.0600
 -52.9590   2.1060
 -52.7790   2.1600
 -52.6260   2.2690
 -52.5630   2.3600
 -52.5000   2.4510
 -52.4460   2.5410
 -52.4280   2.6320
 -52.3470   2.8130
 -52.2840   2.9950
 -52.2390   3.0760
 -52.1490   3.2210
 -52.0590   3.3300
 -51.9690   3.5200
 -51.9330   3.6290
 -51.8790   3.7110
 -51.8080   3.8100
 -51.7180   3.9010
 -51.6640   3.9910
 -51.6010   4.1730
