>
-53.383 -33.750
-53.383 -33.750
-53.433 -33.750
-53.450 -33.700
-53.467 -33.700
-53.483 -33.683
-53.517 -33.700
-53.550 -33.667
-53.533 -33.550
-53.533 -33.550
-53.517 -33.333
-53.517 -33.183
-53.500 -33.150
-53.433 -33.050
-53.250 -32.950
-53.250 -32.933
-53.283 -32.933
-53.300 -32.900
-53.183 -32.833
-53.150 -32.767
-53.083 -32.767
-53.083 -32.750
-53.167 -32.650
-53.167 -32.650
-53.183 -32.650
-53.217 -32.633
-53.233 -32.633
-53.250 -32.600
-53.267 -32.600
-53.300 -32.617
-53.317 -32.600
-53.333 -32.583
-53.367 -32.583
-53.383 -32.567
>
-51.467   4.017
-51.500   4.067
-51.500   4.100
-51.517   4.133
-51.533   4.217
-51.550   4.250
-51.567   4.300
-51.567   4.400
-51.550   4.433
-51.524   4.434
-51.500   4.433
-51.483   4.433
-51.417   4.383
-51.333   4.283
-51.217   4.133
-51.217   4.100
-51.200   4.067
-51.183   4.033
-51.183   4.000
-51.183   3.767
-51.183   3.733
-51.200   3.700
-51.200   3.667
-51.183   3.567
-51.183   3.667
-51.167   3.750
-51.167   3.783
-51.133   3.900
-51.100   3.900
-51.083   3.900
-51.067   3.883
-51.083   3.767
-51.083   3.750
-51.083   3.717
-51.083   3.633
-51.067   3.500
-51.067   3.483
-51.083   3.417
-51.083   3.400
-51.017   3.200
-51.033   3.117
-51.017   3.100
-51.000   3.083
-51.017   3.050
-51.000   3.017
-50.983   3.000
-50.983   2.950
-50.933   2.883
-50.950   2.833
-50.933   2.817
-50.900   2.800
-50.900   2.767
-50.883   2.750
-50.883   2.700
-50.867   2.683
-50.850   2.650
-50.833   2.617
-50.833   2.600
-50.833   2.517
-50.867   2.483
-50.850   2.483
-50.800   2.517
-50.783   2.483
-50.767   2.450
-50.767   2.400
-50.717   2.250
-50.683   2.183
-50.683   2.150
-50.733   2.150
-50.750   2.133
-50.750   2.117
-50.717   2.117
-50.700   2.133
-50.667   2.133
-50.650   2.117
-50.617   2.100
-50.600   2.067
-50.583   2.050
-50.600   2.000
-50.550   1.950
-50.533   1.933
-50.517   1.917
-50.500   1.850
-50.483   1.833
-50.400   1.800
-50.333   1.817
-50.300   1.817
-50.250   1.817
-50.167   1.817
-50.067   1.783
-49.933   1.717
-49.917   1.683
-49.900   1.600
-49.900   1.550
-49.883   1.417
-49.900   1.367
-49.917   1.300
-49.967   1.267
-50.000   1.233
-50.067   1.233
-50.133   1.217
-50.133   1.250
-50.117   1.317
-50.133   1.333
-50.217   1.350
-50.267   1.333
-50.300   1.317
-50.317   1.267
-50.283   1.217
-50.317   1.183
-50.350   1.183
-50.383   1.200
-50.417   1.200
-50.467   1.150
-50.467   1.117
-50.467   1.083
-50.450   1.100
-50.450   1.117
-50.433   1.167
-50.400   1.183
-50.367   1.167
-50.300   1.167
-50.283   1.183
-50.267   1.217
-50.283   1.250
-50.283   1.283
-50.267   1.317
-50.200   1.333
-50.150   1.317
-50.150   1.267
-50.150   1.217
-50.133   1.200
-50.050   1.200
-50.000   1.217
-49.983   1.217
-49.950   1.233
-49.917   1.250
-49.900   1.217
-49.900   1.200
-49.917   1.150
-49.933   1.133
-49.950   1.100
-49.983   1.083
-50.000   1.067
-50.033   1.083
-50.050   1.050
-50.083   1.017
-50.083   1.000
-50.100    .983
-50.117    .967
-50.183    .917
-50.267    .867
-50.283    .883
-50.283    .833
-50.317    .783
-50.317    .750
-50.333    .733
-50.433    .667
-50.483    .600
-50.567    .433
-50.600    .383
-50.667    .333
-50.717    .267
-50.767    .217
-50.783    .183
-50.867    .183
-50.933    .167
-51.000    .117
-51.050    .033
-51.067    .000
-51.083   -.033
-51.100   -.067
-51.217   -.067
-51.233   -.100
-51.333   -.250
-51.350   -.283
-51.383   -.367
-51.450   -.433
-51.450   -.467
-51.517   -.550
-51.583   -.583
-51.650   -.683
-51.717   -.767
-51.717   -.883
-51.700  -1.017
-51.717  -1.050
-51.750  -1.083
-51.783  -1.100
-51.833  -1.150
-51.867  -1.150
-51.883  -1.150
-51.917  -1.133
-51.900  -1.167
-51.917  -1.183
-51.917  -1.217
-51.900  -1.267
-51.917  -1.333
-52.000  -1.417
-52.067  -1.400
-52.133  -1.400
-52.183  -1.350
-52.233  -1.350
-52.267  -1.383
-52.333  -1.417
-52.400  -1.433
-52.483  -1.483
-52.567  -1.533
-52.650  -1.533
-52.717  -1.567
-52.800  -1.550
-52.933  -1.600
-53.000  -1.683
-53.100  -1.733
-53.183  -1.750
-53.317  -1.733
-53.367  -1.767
-53.000  -1.767
-52.933  -1.667
-52.650  -1.600
-52.400  -1.583
-52.333  -1.567
-52.250  -1.517
-52.233  -1.567
-52.217  -1.583
-52.217  -1.633
-52.267  -1.683
-52.283  -1.667
-52.283  -1.633
-52.300  -1.633
-52.333  -1.683
-52.217  -1.783
-52.233  -1.783
-52.250  -1.750
-52.250  -1.717
-52.233  -1.683
-52.167  -1.633
-52.150  -1.617
-51.983  -1.600
-51.900  -1.567
-51.717  -1.450
-51.483  -1.333
-51.367  -1.233
-51.283  -1.233
-51.200  -1.117
-51.150  -1.167
-51.150  -1.167
-51.083  -1.150
-51.000  -1.117
-50.950  -1.117
-50.817  -1.217
-50.800  -1.267
-50.800  -1.300
-50.817  -1.333
-50.783  -1.383
-50.800  -1.417
-50.800  -1.450
-50.750  -1.517
-50.733  -1.567
-50.717  -1.583
-50.717  -1.583
-50.700  -1.600
-50.750  -1.717
-50.683  -1.767
-49.533  -1.783
-49.500  -1.767
-49.467  -1.767
-49.450  -1.750
-49.383  -1.750
-49.433  -1.783
-49.383  -1.767
-49.367  -1.733
-49.350  -1.717
-49.300  -1.717
-49.283  -1.733
-48.900  -1.733
-48.883  -1.683
-48.850  -1.650
-48.783  -1.583
-48.733  -1.533
-48.700  -1.467
-48.700  -1.450
-48.667  -1.433
-48.667  -1.417
-48.650  -1.383
-48.633  -1.400
-48.600  -1.450
-48.600  -1.467
-48.583  -1.500
-48.517  -1.550
-48.500  -1.567
-48.500  -1.567
-48.450  -1.650
-48.433  -1.667
-48.450  -1.600
-48.467  -1.583
-48.500  -1.533
-48.500  -1.500
-48.467  -1.517
-48.450  -1.500
-48.417  -1.500
-48.367  -1.483
-48.267  -1.483
-48.200  -1.517
-48.200  -1.500
-48.250  -1.467
-48.300  -1.467
-48.367  -1.450
-48.433  -1.467
-48.483  -1.483
-48.517  -1.467
-48.517  -1.467
-48.500  -1.400
-48.483  -1.367
-48.483  -1.350
-48.483  -1.283
-48.467  -1.250
-48.450  -1.233
-48.433  -1.200
-48.417  -1.233
-48.417  -1.250
-48.383  -1.250
-48.383  -1.283
-48.333  -1.233
-48.317  -1.183
-48.300  -1.167
-48.300  -1.100
-48.317  -1.067
-48.300  -1.050
-48.317  -1.000
-48.317   -.950
-48.250   -.867
-48.233   -.833
-48.217   -.817
-48.183   -.833
-48.150   -.850
-48.167   -.800
-48.167   -.783
-48.133   -.750
-48.067   -.667
-48.033   -.667
-48.033   -.700
-48.017   -.750
-48.000   -.700
-47.983   -.717
-47.967   -.700
-47.950   -.750
-47.967   -.683
-47.950   -.650
-47.917   -.633
-47.900   -.633
-47.917   -.617
-47.850   -.600
-47.850   -.633
-47.883   -.700
-47.850   -.683
-47.833   -.667
-47.833   -.633
-47.817   -.600
-47.817   -.567
-47.783   -.567
-47.783   -.583
-47.800   -.600
-47.767   -.600
-47.767   -.617
-47.750   -.650
-47.750   -.600
-47.767   -.583
-47.717   -.550
-47.700   -.550
-47.700   -.617
-47.683   -.617
-47.667   -.583
-47.650   -.600
-47.633   -.617
-47.633   -.700
-47.683   -.717
-47.700   -.733
-47.633   -.733
-47.617   -.700
-47.600   -.700
-47.583   -.717
-47.600   -.683
-47.583   -.633
-47.583   -.583
-47.533   -.617
-47.533   -.633
-47.550   -.633
-47.500   -.717
-47.483   -.733
-47.483   -.767
-47.417   -.767
-47.417   -.800
-47.400   -.800
-47.400   -.767
-47.417   -.750
-47.417   -.733
-47.467   -.700
-47.483   -.617
-47.467   -.617
-47.467   -.600
-47.417   -.600
-47.417   -.633
-47.433   -.650
-47.400   -.650
-47.383   -.633
-47.367   -.633
-47.383   -.617
-47.367   -.600
-47.350   -.617
-47.317   -.600
-47.283   -.617
-47.283   -.633
-47.250   -.633
-47.250   -.633
-47.217   -.633
-47.217   -.667
-47.200   -.683
-47.250   -.683
-47.250   -.717
-47.200   -.717
-47.183   -.700
-47.183   -.683
-47.167   -.700
-47.167   -.733
-47.183   -.767
-47.167   -.783
-47.150   -.767
-47.133   -.733
-47.117   -.683
-47.083   -.683
-47.083   -.767
-47.067   -.783
-47.083   -.850
-47.050   -.817
-47.033   -.817
-47.033   -.783
-47.000   -.767
-47.000   -.750
-46.983   -.733
-46.983   -.700
-46.967   -.717
-46.950   -.733
-46.983   -.783
-46.950   -.800
-46.950   -.833
-46.933   -.850
-46.950   -.867
-46.933   -.883
-46.917   -.817
-46.900   -.800
-46.883   -.767
-46.867   -.767
-46.867   -.733
-46.833   -.750
-46.833   -.783
-46.850   -.833
-46.833   -.850
-46.817   -.833
-46.817   -.867
-46.800   -.867
-46.800   -.833
-46.750   -.833
-46.750   -.917
-46.733   -.900
-46.733   -.833
-46.717   -.833
-46.700   -.817
-46.683   -.833
-46.683   -.817
-46.667   -.783
-46.650   -.783
-46.617   -.833
-46.617   -.850
-46.633   -.867
-46.650   -.933
-46.717   -.967
-46.667   -.967
-46.617   -.950
-46.583   -.967
-46.567   -.933
-46.567   -.900
-46.550   -.900
-46.550   -.950
-46.533   -.933
-46.517   -.883
-46.500   -.867
-46.467   -.883
-46.450   -.850
-46.433   -.850
-46.417   -.867
-46.433   -.900
-46.467   -.917
-46.483   -.917
-46.483  -1.000
-46.483  -1.017
-46.417  -1.017
-46.417  -1.000
-46.400   -.983
-46.400  -1.000
-46.367  -1.050
-46.383  -1.017
-46.350  -1.000
-46.333  -1.050
-46.333  -1.067
-46.300  -1.000
-46.267   -.917
-46.200   -.883
-46.200   -.917
-46.217   -.950
-46.233   -.983
-46.217  -1.033
-46.233  -1.083
-46.250  -1.117
-46.283  -1.183
-46.217  -1.100
-46.183  -1.067
-46.200  -1.033
-46.167  -1.000
-46.150  -1.033
-46.183  -1.117
-46.167  -1.083
-46.150  -1.117
-46.150  -1.067
-46.100  -1.033
-46.083  -1.017
-46.067  -1.033
-46.067  -1.067
-46.100  -1.083
-46.083  -1.117
-46.117  -1.200
-46.150  -1.217
-46.167  -1.267
-46.150  -1.300
-46.150  -1.300
-46.150  -1.267
-46.133  -1.217
-46.100  -1.200
-46.083  -1.183
-46.050  -1.150
-46.050  -1.133
-46.033  -1.117
-46.033  -1.067
-46.000  -1.050
-45.967  -1.050
-45.967  -1.117
-45.950  -1.117
-45.950  -1.217
-45.933  -1.200
-45.933  -1.183
-45.883  -1.083
-45.867  -1.050
-45.850  -1.050
-45.833  -1.083
-45.867  -1.133
-45.883  -1.133
-45.900  -1.167
-45.867  -1.150
-45.867  -1.200
-45.900  -1.233
-45.850  -1.217
-45.867  -1.250
-45.833  -1.233
-45.833  -1.200
-45.817  -1.217
-45.833  -1.183
-45.800  -1.167
-45.800  -1.233
-45.783  -1.233
-45.767  -1.217
-45.767  -1.200
-45.733  -1.133
-45.683  -1.133
-45.683  -1.150
-45.733  -1.200
-45.733  -1.233
-45.717  -1.267
-45.700  -1.217
-45.683  -1.200
-45.667  -1.217
-45.667  -1.267
-45.650  -1.267
-45.650  -1.233
-45.633  -1.233
-45.633  -1.283
-45.650  -1.350
-45.700  -1.367
-45.633  -1.367
-45.617  -1.333
-45.633  -1.300
-45.617  -1.283
-45.600  -1.267
-45.583  -1.267
-45.583  -1.300
-45.550  -1.267
-45.550  -1.300
-45.517  -1.300
-45.517  -1.400
-45.500  -1.383
-45.500  -1.350
-45.483  -1.333
-45.483  -1.317
-45.450  -1.317
-45.467  -1.300
-45.433  -1.283
-45.417  -1.300
-45.417  -1.333
-45.450  -1.367
-45.483  -1.367
-45.483  -1.433
-45.500  -1.467
-45.483  -1.483
-45.467  -1.467
-45.433  -1.417
-45.417  -1.400
-45.383  -1.400
-45.383  -1.367
-45.367  -1.350
-45.350  -1.333
-45.367  -1.317
-45.350  -1.300
-45.317  -1.333
-45.300  -1.367
-45.300  -1.417
-45.383  -1.450
-45.383  -1.467
-45.317  -1.467
-45.300  -1.500
-45.333  -1.567
-45.350  -1.633
-45.367  -1.700
-45.350  -1.733
-45.283  -1.733
-45.267  -1.750
-45.250  -1.783
-45.250  -1.833
-45.233  -1.850
-45.183  -1.850
-45.167  -1.883
-45.167  -1.867
-45.200  -1.850
-45.233  -1.833
-45.233  -1.783
-45.267  -1.717
-45.267  -1.683
-45.250  -1.683
-45.233  -1.650
-45.250  -1.600
-45.250  -1.550
-45.183  -1.483
-45.150  -1.467
-45.133  -1.500
-45.133  -1.450
-45.117  -1.417
-45.117  -1.367
-45.100  -1.350
-45.100  -1.400
-45.100  -1.450
-45.083  -1.450
-45.067  -1.433
-45.067  -1.483
-45.033  -1.483
-45.000  -1.483
-44.983  -1.500
-44.983  -1.517
-45.017  -1.517
-45.017  -1.533
-45.000  -1.533
-44.967  -1.517
-44.950  -1.550
-45.000  -1.567
-45.017  -1.567
-45.017  -1.583
-44.950  -1.567
-44.950  -1.550
-44.967  -1.500
-44.950  -1.467
-44.950  -1.483
-44.933  -1.483
-44.883  -1.433
-44.867  -1.417
-44.850  -1.400
-44.817  -1.417
-44.833  -1.433
-44.850  -1.450
-44.833  -1.467
-44.850  -1.483
-44.883  -1.500
-44.900  -1.533
-44.917  -1.550
-44.900  -1.567
-44.917  -1.600
-44.867  -1.600
-44.850  -1.617
-44.833  -1.567
-44.800  -1.600
-44.767  -1.550
-44.767  -1.533
-44.733  -1.517
-44.767  -1.583
-44.767  -1.600
-44.700  -1.550
-44.700  -1.567
-44.683  -1.550
-44.667  -1.567
-44.650  -1.633
-44.667  -1.650
-44.717  -1.633
-44.733  -1.650
-44.800  -1.700
-44.767  -1.700
-44.750  -1.717
-44.700  -1.717
-44.750  -1.783
-44.683  -1.767
-44.650  -1.767
-44.650  -1.750
-44.650  -1.717
-44.600  -1.733
-44.617  -1.750
-44.633  -1.783
-44.633  -1.800
-44.600  -1.767
-44.583  -1.767
-44.583  -1.783
-44.617  -1.783
-44.617  -1.817
-44.567  -1.783
-44.567  -1.850
-44.533  -1.817
-44.533  -1.850
-44.550  -1.867
-44.567  -1.883
-44.517  -1.883
-44.483  -1.950
-44.500  -1.950
-44.483  -2.000
-44.567  -2.017
-44.517  -2.017
-44.500  -2.050
-44.500  -2.067
-44.533  -2.083
-44.550  -2.083
-44.567  -2.117
-44.600  -2.150
-44.583  -2.167
-44.650  -2.233
-44.667  -2.250
-44.700  -2.233
-44.717  -2.233
-44.683  -2.283
-44.733  -2.267
-44.700  -2.300
-44.667  -2.283
-44.650  -2.283
-44.683  -2.367
-44.650  -2.367
-44.667  -2.333
-44.633  -2.300
-44.617  -2.250
-44.550  -2.217
-44.517  -2.150
-44.450  -2.150
-44.400  -2.217
-44.383  -2.283
-44.367  -2.300
-44.367  -2.350
-44.383  -2.367
-44.383  -2.383
-44.400  -2.417
-44.467  -2.417
-44.500  -2.383
-44.517  -2.400
-44.483  -2.417
-44.517  -2.450
-44.500  -2.450
-44.467  -2.433
-44.450  -2.450
-44.500  -2.533
-44.550  -2.517
-44.533  -2.550
-44.583  -2.650
-44.617  -2.700
-44.633  -2.750
-44.650  -2.800
-44.633  -2.850
-44.650  -2.883
-44.667  -2.917
-44.667  -2.967
-44.433  -2.950
-44.417  -2.917
-44.400  -2.867
-44.400  -2.783
-44.383  -2.767
-44.383  -2.767
-44.317  -2.783
-44.300  -2.800
-44.283  -2.783
-44.250  -2.783
-44.233  -2.800
-44.233  -2.783
-44.183  -2.767
-44.183  -2.817
-44.183  -2.850
-44.167  -2.817
-44.150  -2.783
-44.133  -2.783
-44.117  -2.750
-44.083  -2.767
-44.067  -2.717
-44.017  -2.650
-43.950  -2.617
-43.950  -2.600
-43.933  -2.567
-43.917  -2.550
-43.900  -2.567
-43.900  -2.583
-43.883  -2.633
-43.867  -2.600
-43.850  -2.567
-43.817  -2.583
-43.800  -2.583
-43.783  -2.567
-43.750  -2.567
-43.717  -2.550
-43.700  -2.533
-43.667  -2.500
-43.650  -2.483
-43.617  -2.533
-43.600  -2.517
-43.550  -2.483
-43.550  -2.467
-43.550  -2.433
-43.533  -2.417
-43.517  -2.433
-43.517  -2.450
-43.517  -2.467
-43.500  -2.483
-43.467  -2.500
-43.450  -2.550
-43.433  -2.550
-43.450  -2.517
-43.450  -2.467
-43.467  -2.433
-43.450  -2.433
-43.433  -2.450
-43.383  -2.450
-43.433  -2.433
-43.467  -2.383
-43.500  -2.383
-43.450  -2.350
-43.433  -2.333
-43.383  -2.333
-43.383  -2.350
-43.367  -2.333
-43.317  -2.333
-43.233  -2.367
-43.133  -2.400
-43.017  -2.467
-42.767  -2.567
-42.750  -2.550
-42.717  -2.550
-42.667  -2.617
-42.567  -2.683
-42.500  -2.683
-42.500  -2.700
-42.533  -2.717
-42.467  -2.717
-42.483  -2.700
-42.367  -2.717
-42.350  -2.750
-42.283  -2.750
-42.233  -2.817
-42.217  -2.800
-42.200  -2.817
-42.167  -2.817
-42.183  -2.783
-42.150  -2.783
-42.117  -2.767
-42.100  -2.800
-42.067  -2.817
-42.033  -2.800
-42.017  -2.817
-42.017  -2.733
-42.033  -2.733
-42.033  -2.700
-42.000  -2.700
-41.833  -2.717
-41.817  -2.733
-41.850  -2.767
-41.850  -2.800
-41.850  -2.800
-41.800  -2.750
-41.733  -2.817
-41.667  -2.850
-41.583  -2.917
-41.500  -2.900
-41.433  -2.917
-41.400  -2.917
-41.333  -2.933
-41.300  -2.967
-41.267  -2.967
-41.250  -2.933
-41.283  -2.917
-41.300  -2.917
-41.300  -2.917
-41.267  -2.900
-41.100  -2.900
-40.967  -2.883
-40.900  -2.867
-40.850  -2.883
-40.767  -2.850
-40.650  -2.850
-40.567  -2.833
-40.533  -2.800
-40.500  -2.783
-40.433  -2.800
-40.350  -2.800
-40.267  -2.800
-40.183  -2.817
-40.133  -2.833
-40.117  -2.817
-40.067  -2.833
-40.033  -2.833
-39.983  -2.833
-39.933  -2.850
-39.900  -2.867
-39.800  -2.950
-39.767  -2.967
-39.717  -2.983
-39.650  -3.017
-39.633  -3.017
-39.600  -3.050
-39.567  -3.067
-39.533  -3.083
-39.467  -3.117
-39.400  -3.167
-39.367  -3.167
-39.350  -3.167
-39.333  -3.200
-39.250  -3.217
-39.217  -3.233
-39.167  -3.300
-39.150  -3.333
-39.117  -3.333
-39.017  -3.400
-38.983  -3.383
-38.917  -3.483
-38.900  -3.483
-38.850  -3.533
-38.833  -3.533
-38.783  -3.567
-38.700  -3.633
-38.650  -3.667
-38.583  -3.683
-38.500  -3.700
-38.483  -3.683
-38.417  -3.800
-38.350  -3.883
-38.300  -3.917
-38.283  -3.917
-38.233  -4.000
-38.217  -4.017
-38.200  -4.017
-38.200  -4.033
-38.167  -4.083
-38.167  -4.117
-38.150  -4.100
-38.133  -4.133
-38.100  -4.167
-38.067  -4.200
-38.033  -4.233
-38.000  -4.250
-37.983  -4.283
-37.917  -4.333
-37.867  -4.367
-37.833  -4.383
-37.767  -4.400
-37.800  -4.433
-37.750  -4.433
-37.750  -4.467
-37.733  -4.500
-37.700  -4.533
-37.683  -4.550
-37.667  -4.567
-37.617  -4.600
-37.600  -4.617
-37.567  -4.633
-37.533  -4.633
-37.500  -4.617
-37.483  -4.633
-37.450  -4.650
-37.400  -4.667
-37.333  -4.700
-37.300  -4.733
-37.283  -4.783
-37.250  -4.831
-37.250  -4.831
-37.233  -4.867
-37.200  -4.900
-37.183  -4.917
-37.150  -4.950
-37.150  -4.933
-37.100  -4.917
-37.100  -4.933
-37.033  -4.933
-37.000  -4.933
-36.983  -4.917
-36.950  -4.933
-36.867  -4.950
-36.850  -4.983
-36.833  -5.017
-36.783  -5.050
-36.767  -5.050
-36.733  -5.067
-36.717  -5.083
-36.700  -5.067
-36.700  -5.100
-36.667  -5.083
-36.600  -5.100
-36.617  -5.083
-36.617  -5.067
-36.483  -5.067
-36.500  -5.050
-36.483  -5.050
-36.433  -5.067
-36.383  -5.083
-36.133  -5.083
-36.100  -5.067
-36.067  -5.050
-36.000  -5.033
-36.000  -5.050
-35.933  -5.050
-35.883  -5.067
-35.783  -5.083
-35.733  -5.100
-35.683  -5.117
-35.650  -5.117
-35.617  -5.117
-35.483  -5.167
-35.450  -5.200
-35.400  -5.233
-35.367  -5.283
-35.367  -5.333
-35.350  -5.367
-35.317  -5.383
-35.317  -5.400
-35.283  -5.433
-35.283  -5.467
-35.250  -5.483
-35.267  -5.500
-35.233  -5.583
-35.217  -5.650
-35.217  -5.683
-35.200  -5.700
-35.200  -5.767
-35.183  -5.783
-35.183  -5.867
-35.167  -5.883
-35.150  -5.883
-35.150  -5.950
-35.117  -6.000
-35.100  -6.050
-35.100  -6.167
-35.067  -6.217
-35.033  -6.233
-35.033  -6.350
-34.983  -6.383
-34.967  -6.483
-34.967  -6.483
-34.950  -6.683
-34.933  -6.683
-34.933  -6.733
-34.950  -6.783
-34.917  -6.767
-34.917  -6.833
-34.883  -6.883
-34.867  -6.900
-34.867  -6.933
-34.850  -6.967
-34.883  -6.983
-34.883  -7.000
-34.867  -7.033
-34.833  -6.983
-34.833  -7.017
-34.833  -7.033
-34.850  -7.050
-34.833  -7.067
-34.833  -7.083
-34.817  -7.117
-34.817  -7.133
-34.800  -7.150
-34.783  -7.150
-34.817  -7.233
-34.800  -7.300
-34.800  -7.317
-34.817  -7.500
-34.817  -7.533
-34.817  -7.533
-34.817  -7.550
-34.833  -7.567
-34.833  -7.583
-34.800  -7.617
-34.833  -7.683
-34.850  -7.683
-34.867  -7.717
-34.883  -7.733
-34.900  -7.800
-34.850  -7.817
-34.817  -7.900
-34.833  -8.000
-34.833  -8.017
-34.850  -8.033
-34.867  -8.067
-34.917  -8.167
-34.917  -8.200
-34.917  -8.217
-34.933  -8.233
-34.950  -8.283
-34.950  -8.317
-34.950  -8.333
-34.933  -8.367
-34.983  -8.483
-35.000  -8.567
-35.033  -8.567
-35.050  -8.600
-35.067  -8.633
-35.067  -8.700
-35.083  -8.750
-35.100  -8.767
-35.083  -8.800
-35.117  -8.800
-35.133  -8.867
-35.133  -8.900
-35.150  -8.900
-35.150  -8.900
-35.183  -8.983
-35.217  -9.017
-35.233  -9.050
-35.283  -9.150
-35.300  -9.200
-35.333  -9.233
-35.350  -9.267
-35.383  -9.300
-35.417  -9.333
-35.433  -9.350
-35.450  -9.367
-35.483  -9.400
-35.517  -9.450
-35.550  -9.483
-35.583  -9.533
-35.617  -9.550
-35.683  -9.633
-35.700  -9.650
-35.700  -9.667
-35.717  -9.683
-35.750  -9.683
-35.783  -9.717
-35.817  -9.733
-35.867  -9.817
-35.883  -9.833
-35.900  -9.850
-35.950  -9.917
-35.967  -9.967
-35.983  -9.983
-36.000  -9.967
-36.033 -10.033
-36.067 -10.083
-36.117 -10.117
-36.133 -10.150
-36.183 -10.183
-36.217 -10.217
-36.250 -10.233
-36.267 -10.250
-36.300 -10.300
-36.300 -10.367
-36.317 -10.367
-36.350 -10.417
-36.400 -10.483
-36.417 -10.483
-36.433 -10.417
-36.467 -10.400
-36.550 -10.417
-36.567 -10.400
-36.567 -10.350
-36.567 -10.317
-36.567 -10.300
-36.617 -10.250
-36.633 -10.250
-36.667 -10.267
-36.733 -10.267
-36.733 -10.267
-36.683 -10.283
-36.633 -10.267
-36.583 -10.317
-36.583 -10.400
-36.550 -10.450
-36.467 -10.433
-36.433 -10.450
-36.433 -10.483
-36.400 -10.500
-36.583 -10.567
-36.750 -10.667
-36.867 -10.750
-37.033 -10.933
-37.050 -10.917
-37.067 -10.967
-37.050 -10.950
-37.050 -10.983
-37.100 -11.050
-37.167 -11.133
-37.167 -11.100
-37.217 -11.083
-37.183 -11.117
-37.183 -11.167
-37.200 -11.183
-37.217 -11.217
-37.283 -11.300
-37.300 -11.333
-37.333 -11.450
-37.333 -11.450
-37.383 -11.500
-37.400 -11.533
-37.467 -11.667
-37.500 -11.717
-37.533 -11.750
-37.550 -11.783
-37.617 -11.967
-37.667 -12.000
-37.617 -12.000
-37.733 -12.183
-37.833 -12.317
-37.917 -12.417
-37.967 -12.517
-37.983 -12.533
-38.000 -12.583
-38.017 -12.583
-38.350 -12.967
-38.400 -12.967
-38.467 -13.017
-38.533 -13.017
-38.517 -12.967
-38.517 -12.950
-38.533 -12.933
-38.533 -12.917
-38.500 -12.917
-38.483 -12.833
-38.500 -12.817
-38.517 -12.767
-38.483 -12.783
-38.467 -12.783
-38.467 -12.767
-38.500 -12.750
-38.500 -12.733
-38.533 -12.733
-38.567 -12.717
-38.600 -12.733
-38.633 -12.700
-38.633 -12.667
-38.650 -12.633
-38.700 -12.633
-38.700 -12.600
-38.717 -12.600
-38.733 -12.667
-38.733 -12.683
-38.767 -12.717
-38.750 -12.733
-38.783 -12.817
-38.817 -12.850
-38.800 -12.850
-38.783 -12.867
-38.717 -12.867
-38.767 -12.917
-38.767 -12.967
-38.783 -13.000
-38.800 -13.033
-38.833 -13.067
-38.867 -13.083
-38.900 -13.117
-38.867 -13.117
-38.833 -13.133
-38.817 -13.150
-38.933 -13.217
-38.967 -13.267
-38.967 -13.333
-38.950 -13.383
-39.000 -13.367
-39.033 -13.367
-39.033 -13.350
-39.050 -13.367
-39.067 -13.417
-39.067 -13.483
-39.100 -13.533
-39.100 -13.583
-39.083 -13.583
-39.067 -13.567
-39.017 -13.583
-38.967 -13.683
-39.000 -13.750
-39.000 -13.783
-38.983 -13.833
-39.000 -13.850
-39.050 -13.817
-39.067 -13.767
-39.100 -13.750
-39.117 -13.717
-39.133 -13.733
-39.117 -13.750
-39.117 -13.767
-39.067 -13.783
-39.067 -13.817
-39.033 -13.850
-39.000 -13.867
-39.017 -13.900
-39.050 -13.883
-39.100 -13.883
-39.083 -13.900
-39.067 -13.917
-39.083 -13.917
-39.083 -13.967
-39.067 -14.000
-39.067 -13.950
-39.000 -13.967
-39.000 -14.000
-39.033 -14.017
-39.000 -14.017
-38.983 -14.067
-39.017 -14.100
-38.967 -14.067
-38.983 -14.033
-38.967 -14.000
-38.983 -13.933
-38.983 -13.917
-38.950 -13.883
-38.933 -13.900
-38.933 -13.933
-38.950 -14.000
-38.950 -14.050
-38.983 -14.183
-39.000 -14.250
-39.000 -14.267
-38.983 -14.300
-39.000 -14.333
-39.033 -14.450
-39.050 -14.583
-39.067 -14.650
-39.083 -14.750
-39.033 -14.783
-39.067 -14.800
-39.067 -14.817
-39.033 -14.817
-39.033 -14.867
-39.017 -15.000
-39.017 -15.167
-39.000 -15.300
-38.967 -15.467
-38.983 -15.467
-38.967 -15.483
-38.967 -15.583
-38.950 -15.633
-38.967 -15.650
-38.950 -15.667
-38.950 -15.700
-38.933 -15.700
-38.883 -15.817
-38.917 -15.850
-38.950 -15.833
-38.967 -15.817
-39.000 -15.833
-38.967 -15.833
-38.950 -15.850
-38.917 -15.867
-38.883 -15.850
-38.917 -15.917
-38.933 -16.000
-38.967 -16.183
-39.017 -16.267
-39.000 -16.333
-39.033 -16.383
-39.083 -16.467
-39.100 -16.583
-39.117 -16.717
-39.150 -16.867
-39.150 -16.933
-39.167 -16.983
-39.200 -17.100
-39.217 -17.333
-39.200 -17.433
-39.217 -17.533
-39.183 -17.633
-39.200 -17.750
-39.250 -17.800
-39.283 -17.867
-39.367 -17.883
-39.433 -17.917
-39.550 -18.083
-39.650 -18.250
-39.668 -18.333
-39.717 -18.417
-39.733 -18.483
-39.733 -18.583
-39.750 -18.650
-39.733 -18.983
-39.717 -19.233
-39.688 -19.305
-39.800 -19.533
-39.817 -19.600
-39.850 -19.633
-39.900 -19.667
-40.050 -19.800
-40.100 -19.917
-40.133 -19.967
-40.150 -20.000
-40.150 -20.033
-40.167 -20.033
-40.167 -20.050
-40.183 -20.050
-40.200 -20.067
-40.200 -20.067
-40.200 -20.067
-40.183 -20.083
-40.183 -20.117
-40.183 -20.150
-40.183 -20.167
-40.183 -20.183
-40.200 -20.233
-40.200 -20.233
-40.217 -20.250
-40.217 -20.267
-40.233 -20.283
-40.233 -20.300
-40.250 -20.283
-40.267 -20.267
-40.283 -20.300
-40.267 -20.317
-40.283 -20.333
-40.267 -20.333
-40.267 -20.350
-40.283 -20.367
-40.317 -20.417
-40.333 -20.450
-40.367 -20.533
-40.400 -20.583
-40.400 -20.600
-40.417 -20.633
-40.433 -20.650
-40.450 -20.633
-40.450 -20.617
-40.467 -20.633
-40.467 -20.650
-40.483 -20.650
-40.500 -20.683
-40.500 -20.700
-40.517 -20.717
-40.550 -20.750
-40.550 -20.767
-40.583 -20.800
-40.600 -20.800
-40.617 -20.833
-40.633 -20.833
-40.650 -20.817
-40.667 -20.817
-40.667 -20.817
-40.700 -20.833
-40.767 -20.883
-40.767 -20.900
-40.783 -20.917
-40.800 -20.933
-40.817 -20.983
-40.817 -21.033
-40.833 -21.050
-40.850 -21.083
-40.883 -21.150
-40.917 -21.167
-40.950 -21.233
-40.967 -21.267
-40.958 -21.301
-40.958 -21.301
-40.967 -21.367
-41.000 -21.400
-41.017 -21.433
-41.033 -21.450
-41.067 -21.483
-41.067 -21.500
-41.083 -21.533
-41.050 -21.600
-41.100 -21.650
-41.033 -21.617
-41.017 -21.617
-41.017 -21.633
-41.033 -21.717
-41.000 -21.833
-40.983 -21.917
-40.967 -21.967
-40.983 -22.000
-41.033 -22.033
-41.100 -22.067
-41.150 -22.100
-41.167 -22.117
-41.250 -22.150
-41.283 -22.150
-41.367 -22.183
-41.483 -22.200
-41.567 -22.233
-41.617 -22.267
-41.667 -22.283
-41.700 -22.300
-41.783 -22.367
-41.767 -22.367
-41.767 -22.383
-41.800 -22.400
-41.833 -22.417
-41.833 -22.433
-41.867 -22.467
-41.883 -22.483
-41.900 -22.483
-41.900 -22.500
-41.917 -22.517
-41.933 -22.533
-41.950 -22.533
-41.967 -22.550
-41.983 -22.600
-42.000 -22.667
-41.983 -22.717
-41.967 -22.733
-41.933 -22.767
-41.917 -22.767
-41.900 -22.750
-41.883 -22.750
-41.850 -22.733
-41.850 -22.750
-41.883 -22.767
-41.883 -22.783
-41.917 -22.783
-41.933 -22.800
-41.933 -22.817
-41.950 -22.817
-41.983 -22.833
-41.983 -22.850
-41.983 -22.867
-42.000 -22.883
-42.033 -22.900
-42.050 -22.917
-42.033 -22.933
-42.017 -22.950
-42.033 -22.967
-42.017 -22.983
-42.017 -23.000
-42.067 -22.967
-42.167 -22.950
-42.267 -22.950
-42.483 -22.933
-42.483 -22.917
-42.517 -22.917
-42.517 -22.950
-42.633 -22.933
-42.683 -22.950
-42.717 -22.967
-42.733 -22.967
-42.900 -22.967
-42.933 -22.983
-43.000 -22.967
-43.050 -22.983
-43.067 -22.967
-43.133 -22.950
-43.133 -22.933
-43.100 -22.933
-43.133 -22.900
-43.117 -22.883
-43.100 -22.833
-43.083 -22.817
-43.083 -22.783
-43.067 -22.767
-43.033 -22.733
-43.050 -22.700
-43.100 -22.683
-43.133 -22.717
-43.167 -22.717
-43.233 -22.733
-43.250 -22.750
-43.267 -22.783
-43.283 -22.817
-43.283 -22.833
-43.250 -22.850
-43.217 -22.850
-43.217 -22.900
-43.183 -22.900
-43.167 -22.917
-43.183 -22.950
-43.167 -22.950
-43.167 -22.967
-43.183 -22.967
-43.183 -22.983
-43.217 -22.983
-43.250 -23.000
-43.267 -23.000
-43.300 -23.017
-43.417 -23.000
-43.417 -23.000
-43.483 -23.033
-43.550 -23.050
-43.567 -23.083
-43.583 -23.067
-43.633 -23.050
-43.833 -23.067
-44.000 -23.100
-44.017 -23.083
-44.000 -23.067
-43.967 -23.050
-43.883 -23.067
-43.917 -23.033
-43.817 -23.067
-43.717 -23.050
-43.650 -23.033
-43.600 -23.050
-43.583 -23.067
-43.600 -23.017
-43.650 -23.000
-43.700 -22.983
-43.733 -22.967
-43.767 -22.933
-43.817 -22.917
-43.833 -22.900
-43.867 -22.900
-43.883 -22.917
-43.950 -22.933
-44.000 -22.950
-44.017 -22.967
-44.050 -22.983
-44.050 -22.950
-44.083 -22.967
-44.083 -22.983
-44.100 -23.017
-44.150 -23.033
-44.183 -23.050
-44.200 -23.033
-44.250 -23.050
-44.217 -23.017
-44.233 -23.000
-44.300 -23.017
-44.350 -23.033
-44.367 -23.017
-44.350 -23.000
-44.333 -23.000
-44.300 -22.967
-44.317 -22.950
-44.333 -22.933
-44.367 -22.933
-44.367 -22.950
-44.417 -22.950
-44.450 -23.017
-44.483 -23.000
-44.583 -23.050
-44.667 -23.050
-44.683 -23.067
-44.700 -23.100
-44.717 -23.167
-44.733 -23.200
-44.717 -23.233
-44.667 -23.200
-44.650 -23.183
-44.633 -23.200
-44.633 -23.217
-44.617 -23.217
-44.617 -23.233
-44.650 -23.267
-44.667 -23.300
-44.617 -23.250
-44.583 -23.217
-44.567 -23.217
-44.567 -23.250
-44.517 -23.283
-44.567 -23.317
-44.583 -23.350
-44.633 -23.333
-44.683 -23.350
-44.700 -23.333
-44.717 -23.350
-44.717 -23.350
-44.733 -23.367
-44.800 -23.367
-44.817 -23.383
-44.833 -23.383
-44.850 -23.350
-44.883 -23.367
-44.883 -23.350
-44.900 -23.333
-44.933 -23.350
-44.967 -23.400
-45.000 -23.400
-45.000 -23.417
-45.017 -23.417
-45.050 -23.433
-45.050 -23.417
-45.067 -23.433
-45.067 -23.450
-45.017 -23.467
-45.050 -23.467
-45.067 -23.483
-45.083 -23.500
-45.100 -23.500
-45.117 -23.517
-45.133 -23.500
-45.150 -23.483
-45.167 -23.500
-45.167 -23.517
-45.167 -23.533
-45.183 -23.533
-45.200 -23.517
-45.233 -23.550
-45.217 -23.550
-45.200 -23.567
-45.250 -23.583
-45.300 -23.567
-45.333 -23.583
-45.367 -23.617
-45.383 -23.633
-45.417 -23.650
-45.400 -23.667
-45.400 -23.783
-45.433 -23.833
-45.533 -23.833
-45.533 -23.817
-45.550 -23.817
-45.567 -23.800
-45.617 -23.800
-45.633 -23.783
-45.700 -23.767
-45.850 -23.750
-45.983 -23.783
-46.033 -23.800
-46.033 -23.833
-46.050 -23.817
-46.083 -23.817
-46.133 -23.867
-46.133 -23.883
-46.150 -23.900
-46.167 -23.917
-46.167 -23.950
-46.183 -23.967
-46.167 -23.983
-46.217 -23.983
-46.250 -24.000
-46.317 -24.000
-46.300 -23.983
-46.317 -23.967
-46.367 -23.967
-46.383 -24.000
-46.250 -24.000
-46.267 -24.033
-46.283 -24.033
-46.300 -24.017
-46.317 -24.000
-46.383 -24.000
-46.367 -24.033
-46.483 -24.033
-46.717 -24.167
-46.783 -24.200
-46.817 -24.217
-46.900 -24.267
-46.983 -24.333
-46.983 -24.367
-47.000 -24.383
-46.983 -24.417
-47.000 -24.417
-47.017 -24.433
-47.083 -24.467
-47.150 -24.517
-47.167 -24.533
-47.183 -24.550
-47.217 -24.567
-47.233 -24.583
-47.383 -24.667
-47.400 -24.683
-47.550 -24.767
-47.667 -24.833
-47.783 -24.933
-47.867 -25.000
-47.867 -25.033
-47.900 -25.033
-47.900 -25.017
-47.933 -25.033
-48.000 -25.067
-47.950 -25.083
-47.900 -25.050
-47.883 -25.100
-47.917 -25.167
-48.000 -25.233
-48.000 -25.233
-48.000 -25.217
-48.017 -25.233
-48.033 -25.250
-48.067 -25.283
-48.083 -25.300
-48.133 -25.333
-48.183 -25.400
-48.217 -25.467
-48.250 -25.467
-48.267 -25.433
-48.250 -25.417
-48.233 -25.417
-48.233 -25.400
-48.233 -25.350
-48.217 -25.333
-48.083 -25.250
-48.200 -25.300
-48.233 -25.300
-48.233 -25.317
-48.267 -25.317
-48.283 -25.283
-48.283 -25.350
-48.267 -25.350
-48.250 -25.367
-48.250 -25.400
-48.283 -25.433
-48.267 -25.483
-48.300 -25.500
-48.333 -25.467
-48.317 -25.450
-48.333 -25.450
-48.350 -25.417
-48.333 -25.383
-48.317 -25.367
-48.350 -25.350
-48.350 -25.333
-48.333 -25.317
-48.333 -25.300
-48.333 -25.267
-48.317 -25.250
-48.333 -25.233
-48.350 -25.233
-48.367 -25.267
-48.383 -25.283
-48.367 -25.300
-48.367 -25.317
-48.383 -25.317
-48.400 -25.300
-48.417 -25.283
-48.417 -25.250
-48.433 -25.250
-48.450 -25.267
-48.450 -25.283
-48.433 -25.300
-48.450 -25.333
-48.500 -25.333
-48.500 -25.350
-48.450 -25.350
-48.450 -25.367
-48.433 -25.383
-48.433 -25.417
-48.417 -25.433
-48.467 -25.450
-48.467 -25.483
-48.517 -25.483
-48.517 -25.450
-48.550 -25.450
-48.567 -25.467
-48.600 -25.450
-48.617 -25.467
-48.650 -25.450
-48.667 -25.433
-48.683 -25.433
-48.700 -25.417
-48.717 -25.367
-48.733 -25.383
-48.717 -25.417
-48.683 -25.467
-48.683 -25.483
-48.733 -25.483
-48.717 -25.500
-48.650 -25.500
-48.633 -25.517
-48.650 -25.517
-48.633 -25.533
-48.617 -25.533
-48.600 -25.517
-48.517 -25.517
-48.483 -25.533
-48.417 -25.550
-48.383 -25.550
-48.367 -25.567
-48.367 -25.583
-48.417 -25.600
-48.450 -25.650
-48.483 -25.700
-48.517 -25.767
-48.533 -25.817
-48.533 -25.850
-48.583 -25.850
-48.600 -25.817
-48.633 -25.817
-48.600 -25.850
-48.683 -25.850
-48.717 -25.867
-48.700 -25.883
-48.617 -25.883
-48.567 -25.867
-48.567 -25.883
-48.583 -25.933
-48.600 -25.983
-48.600 -25.983
-48.617 -26.050
-48.583 -26.150
-48.600 -26.183
-48.633 -26.183
-48.683 -26.233
-48.717 -26.250
-48.750 -26.217
-48.750 -26.183
-48.783 -26.133
-48.783 -26.100
-48.817 -26.067
-48.800 -26.100
-48.783 -26.167
-48.767 -26.200
-48.767 -26.233
-48.767 -26.250
-48.767 -26.267
-48.767 -26.283
-48.783 -26.283
-48.817 -26.300
-48.750 -26.300
-48.733 -26.333
-48.717 -26.350
-48.667 -26.367
-48.667 -26.383
-48.633 -26.433
-48.617 -26.450
-48.667 -26.517
-48.700 -26.617
-48.700 -26.683
-48.683 -26.750
-48.650 -26.750
-48.633 -26.783
-48.600 -26.767
-48.600 -26.800
-48.617 -26.817
-48.633 -26.833
-48.633 -26.883
-48.667 -26.900
-48.633 -26.917
-48.617 -26.950
-48.633 -26.983
-48.617 -27.000
-48.600 -26.983
-48.583 -27.017
-48.567 -27.017
-48.600 -27.067
-48.617 -27.117
-48.600 -27.133
-48.583 -27.167
-48.550 -27.150
-48.533 -27.117
-48.517 -27.117
-48.517 -27.150
-48.483 -27.133
-48.483 -27.150
-48.517 -27.167
-48.500 -27.200
-48.533 -27.200
-48.550 -27.183
-48.617 -27.217
-48.633 -27.250
-48.633 -27.283
-48.617 -27.317
-48.600 -27.317
-48.567 -27.300
-48.550 -27.317
-48.567 -27.350
-48.550 -27.383
-48.567 -27.367
-48.583 -27.350
-48.583 -27.400
-48.583 -27.417
-48.617 -27.417
-48.633 -27.433
-48.650 -27.450
-48.650 -27.500
-48.617 -27.550
-48.583 -27.583
-48.583 -27.600
-48.617 -27.600
-48.667 -27.650
-48.650 -27.650
-48.633 -27.700
-48.633 -27.733
-48.617 -27.750
-48.633 -27.783
-48.600 -27.817
-48.583 -27.833
-48.567 -27.867
-48.583 -27.883
-48.617 -27.933
-48.633 -28.000
-48.617 -28.000
-48.600 -28.017
-48.617 -28.067
-48.633 -28.083
-48.650 -28.117
-48.667 -28.183
-48.650 -28.200
-48.667 -28.217
-48.650 -28.233
-48.667 -28.250
-48.700 -28.317
-48.700 -28.350
-48.717 -28.350
-48.733 -28.367
-48.733 -28.417
-48.767 -28.467
-48.750 -28.500
-48.767 -28.533
-48.783 -28.550
-48.783 -28.567
-48.817 -28.583
-48.833 -28.600
-48.883 -28.617
-48.967 -28.667
-48.983 -28.667
-49.033 -28.700
-49.200 -28.817
-49.300 -28.900
-49.400 -28.983
-49.533 -29.100
-49.667 -29.250
-49.742 -29.328
-49.742 -29.328
-49.917 -29.600
-50.067 -29.867
-50.133 -30.033
-50.283 -30.400
-50.333 -30.500
-50.450 -30.650
-50.533 -30.783
-50.683 -30.983
-50.767 -31.100
-50.883 -31.217
-51.083 -31.400
-51.183 -31.483
-51.250 -31.567
-51.483 -31.733
-51.650 -31.817
-51.800 -31.900
-51.933 -31.983
-51.950 -32.000
-52.067 -32.117
-52.083 -32.183
-52.100 -32.133
-52.050 -32.067
-52.050 -32.000
-52.100 -32.000
-52.117 -32.017
-52.183 -32.033
-52.217 -32.033
-52.200 -32.000
-52.233 -32.000
-52.267 -32.050
-52.233 -32.033
-52.217 -32.050
-52.217 -32.083
-52.117 -32.033
-52.067 -32.033
-52.117 -32.133
-52.100 -32.167
-52.133 -32.167
-52.183 -32.217
-52.250 -32.267
-52.317 -32.367
-52.350 -32.417
-52.383 -32.483
-52.433 -32.633
-52.450 -32.700
-52.467 -32.750
-52.533 -32.917
-52.567 -32.967
-52.583 -33.017
-52.633 -33.117
-52.767 -33.267
-52.883 -33.383
-53.000 -33.467
-53.250 -33.667
-53.317 -33.700
-53.383 -33.750
>999 999       278  1
-49.850 -29.250
-49.833 -29.283
-49.750 -29.300
-49.750 -29.317
-49.742 -29.328
>999 999        198  1
-48.167 -25.133
-48.167 -25.150
-48.183 -25.183
-48.150 -25.233
-48.083 -25.233
-48.083 -25.300
>999 999           29  1
-41.850  -2.800
-41.850  -2.900
-41.800  -2.933
-41.800  -2.950
-41.800  -2.983
>999 999         100  1
-46.150  -1.300
-46.133  -1.300
-46.133  -1.333
-46.100  -1.317
-46.133  -1.383
-46.150  -1.417
-46.133  -1.417
-46.167  -1.467
-46.167  -1.483
-46.150  -1.500
-46.133  -1.550
-46.150  -1.617
-46.150  -1.667
-46.167  -1.700
-46.200  -1.700
-46.217  -1.733
-46.233  -1.717
-46.250  -1.717
-46.317  -1.733
-46.317  -1.783
-46.267  -1.783
>999 999        909  1
-37.483 -11.533
-37.417 -11.483
-37.383 -11.467
-37.333 -11.450
>999 999        568  1
-36.817 -10.217
-36.783 -10.217
-36.733 -10.267
>999 999          79  1
-35.383  -8.867
-35.333  -8.883
-35.317  -8.867
-35.217  -8.883
-35.183  -8.883
-35.150  -8.900
>999 999        201  1
-37.250  -4.831
>999 999        79  1
-34.817  -7.533
>999 999        125  1
-35.017  -6.517
-34.983  -6.500
-34.967  -6.483
>999 999        189  1
-50.400   2.133
-50.383   2.117
-50.367   2.100
-50.350   2.033
-50.333   2.017
-50.300   1.950
-50.333   1.917
-50.383   1.867
-50.433   1.867
-50.450   1.883
-50.467   1.933
-50.483   1.967
-50.500   1.983
-50.517   2.000
-50.517   2.117
-50.567   2.150
-50.550   2.167
-50.517   2.200
-50.450   2.200
-50.433   2.183
-50.400   2.150
-50.417   2.117
-50.400   2.133
>999 999         14  1
-49.950   1.033
-49.950   1.000
-49.950    .983
-49.967    .967
-50.000    .933
-50.033    .917
-50.050    .917
-50.117    .933
-50.083    .983
-50.050   1.033
-50.033   1.050
-50.000   1.033
-49.967   1.050
-49.950   1.033
>999 999        18  1
-50.017    .850
-50.050    .833
-50.067    .783
-50.117    .750
-50.167    .750
-50.217    .733
-50.267    .733
-50.283    .767
-50.283    .800
-50.250    .850
-50.200    .883
-50.100    .867
-50.067    .883
-50.050    .867
-50.033    .900
-50.017    .900
-50.017    .883
-50.017    .850
>999 999         23  1
-50.083    .633
-50.050    .600
-50.033    .583
-50.050    .517
-50.083    .533
-50.117    .450
-50.133    .417
-50.167    .400
-50.183    .383
-50.200    .383
-50.217    .367
-50.233    .350
-50.267    .333
-50.300    .350
-50.300    .450
-50.300    .517
-50.267    .600
-50.233    .600
-50.200    .600
-50.167    .583
-50.133    .583
-50.100    .633
-50.083    .633
>999 999         25  1
-50.383    .600
-50.367    .617
-50.350    .617
-50.333    .567
-50.317    .550
-50.333    .433
-50.317    .367
-50.300    .317
-50.283    .300
-50.300    .283
-50.333    .283
-50.333    .250
-50.400    .250
-50.433    .217
-50.417    .167
-50.433    .167
-50.500    .200
-50.533    .217
-50.533    .267
-50.483    .283
-50.483    .300
-50.450    .383
-50.433    .450
-50.417    .533
-50.383    .600
>999 999         9  1
-50.067    .350
-50.067    .333
-50.150    .267
-50.217    .250
-50.250    .250
-50.250    .267
-50.217    .283
-50.150    .350
-50.067    .350
>999 999         16  1
-50.533    .000
-50.583    .033
-50.650    .100
-50.650    .133
-50.633    .167
-50.617    .183
-50.583    .200
-50.517    .183
-50.450    .150
-50.450    .117
-50.433    .050
-50.450    .000
-50.483   -.033
-50.500   -.033
-50.517   -.033
-50.533    .000
>999 999        47  1
-50.033    .000
-50.050    .017
-50.100    .033
-50.150    .033
-50.200    .050
-50.250    .050
-50.283    .033
-50.350    .033
-50.383    .100
-50.400    .117
-50.400    .150
-50.383    .167
-50.400    .200
-50.400    .233
-50.367    .217
-50.300    .217
-50.283    .233
-50.267    .233
-50.217    .217
-50.133    .217
-50.117    .250
-50.050    .300
-50.017    .300
-50.000    .317
-49.967    .333
-49.917    .317
-49.850    .333
-49.783    .333
-49.767    .350
-49.750    .317
-49.733    .350
-49.700    .367
-49.650    .350
-49.633    .333
-49.600    .283
-49.617    .267
-49.633    .267
-49.633    .233
-49.667    .217
-49.733    .183
-49.800    .117
-49.833    .067
-49.817    .033
-49.900    .000
-50.000   -.050
-50.017   -.050
-50.033    .000
>999 999        18  1
-49.733    .000
-49.717    .017
-49.700    .033
-49.633    .067
-49.583    .083
-49.500    .083
-49.450    .067
-49.383    .033
-49.400    .017
-49.367    .000
-49.400   -.050
-49.433   -.083
-49.450   -.083
-49.450   -.100
-49.567   -.133
-49.717   -.150
-49.850   -.100
-49.733    .000
>999 999        13  1
-50.783    .000
-50.850   -.033
-50.917   -.033
-50.983   -.033
-50.950    .000
-50.917    .017
-50.833    .033
-50.783    .050
-50.750    .050
-50.717    .033
-50.717    .017
-50.750    .017
-50.783    .000
>999 999         16  1
-51.417   -.433
-51.367   -.400
-51.317   -.367
-51.300   -.317
-51.283   -.250
-51.217   -.150
-51.183   -.150
-51.133   -.167
-51.133   -.217
-51.167   -.250
-51.167   -.300
-51.267   -.400
-51.333   -.433
-51.383   -.467
-51.417   -.467
-51.417   -.433
>999 999        58  1
-51.467   -.567
-51.417   -.533
-51.350   -.533
-51.367   -.550
-51.367   -.600
-51.367   -.617
-51.383   -.633
-51.367   -.633
-51.333   -.650
-51.317   -.667
-51.300   -.683
-51.283   -.683
-51.267   -.667
-51.250   -.683
-51.233   -.700
-51.200   -.700
-51.183   -.700
-51.217   -.783
-51.233   -.833
-51.267  -1.000
-51.283  -1.033
-51.300  -1.000
-51.317   -.983
-51.333  -1.017
-51.383  -1.083
-51.433  -1.183
-51.650  -1.350
-51.783  -1.467
-51.833  -1.467
-51.900  -1.500
-51.917  -1.483
-51.950  -1.433
-51.883  -1.333
-51.867  -1.250
-51.800  -1.200
-51.767  -1.167
-51.733  -1.150
-51.683  -1.133
-51.667  -1.100
-51.667  -1.050
-51.683  -1.017
-51.683   -.917
-51.667   -.867
-51.633   -.800
-51.600   -.683
-51.467   -.567
-51.350   -.533
-51.333   -.517
-51.283   -.517
-51.267   -.533
-51.233   -.533
-51.217   -.567
-51.217   -.600
-51.183   -.600
-51.167   -.617
-51.167   -.667
-51.183   -.683
-51.183   -.700
>999 999         14  1
-51.200   -.867
-51.183   -.867
-51.217  -1.067
-51.233  -1.117
-51.267  -1.183
-51.333  -1.200
-51.400  -1.217
-51.417  -1.217
-51.400  -1.200
-51.367  -1.117
-51.250  -1.017
-51.233   -.933
-51.217   -.900
-51.200   -.867
>999 999        8  1
-51.150   -.700
-51.133   -.733
-51.150   -.817
-51.183   -.850
-51.183   -.800
-51.167   -.767
-51.167   -.717
-51.150   -.700
>999 999         25  1
-51.067   -.650
-51.100   -.650
-51.117   -.633
-51.200   -.583
-51.217   -.533
-51.267   -.500
-51.233   -.467
-51.150   -.417
-51.050   -.267
-51.033   -.250
-50.983   -.300
-50.967   -.283
-50.917   -.267
-50.867   -.317
-50.767   -.217
-50.767   -.317
-50.783   -.333
-50.833   -.367
-50.817   -.383
-50.783   -.383
-50.767   -.433
-50.817   -.483
-50.883   -.517
-51.017   -.583
-51.067   -.650
>999 999         20  1
-50.683    .000
-50.667   -.033
-50.633   -.100
-50.717   -.183
-50.750   -.183
-50.800   -.217
-50.833   -.233
-50.883   -.283
-50.917   -.250
-50.950   -.267
-50.983   -.250
-51.000   -.233
-51.017   -.233
-51.050   -.233
-51.033   -.183
-50.983   -.067
-50.967   -.067
-50.867   -.050
-50.833   -.033
-50.750    .000
>999 999         15  1
-48.333  -1.100
-48.317  -1.117
-48.333  -1.150
-48.333  -1.167
-48.367  -1.217
-48.400  -1.217
-48.433  -1.183
-48.467  -1.167
-48.467  -1.133
-48.417  -1.083
-48.417  -1.067
-48.383  -1.067
-48.367  -1.067
-48.350  -1.067
-48.333  -1.100
>999 999          28  1
-51.150  -1.167
-51.200  -1.083
-51.167   -.983
-51.167   -.900
-51.133   -.850
-51.133   -.817
-51.133   -.767
-51.100   -.717
-51.067   -.700
-51.050   -.667
-51.033   -.667
-51.017   -.667
-50.983   -.617
-50.950   -.583
-50.867   -.567
-50.833   -.550
-50.817   -.567
-50.817   -.617
-50.817   -.667
-50.817   -.700
-50.850   -.783
-50.833   -.817
-50.817   -.833
-50.817   -.867
-50.833   -.917
-50.833  -1.000
-50.817  -1.050
-50.750  -1.100
>999 999      143  1
-50.750  -1.100
-50.733  -1.100
-50.783  -1.050
-50.800  -1.000
-50.800   -.917
-50.783   -.800
-50.783   -.767
-50.783   -.700
-50.783   -.633
-50.733   -.550
-50.683   -.650
-50.633   -.633
-50.683   -.617
-50.683   -.600
-50.700   -.567
-50.733   -.517
-50.733   -.483
-50.717   -.433
-50.700   -.367
-50.667   -.300
-50.650   -.250
-50.567   -.200
-50.533   -.183
-50.517   -.167
-50.467   -.150
-50.400   -.167
-50.383   -.133
-50.383   -.100
-50.367   -.083
-50.317   -.100
-50.267   -.117
-50.267   -.117
-50.250   -.133
-50.167   -.133
-50.133   -.133
-50.050   -.150
-49.950   -.167
-49.850   -.200
-49.817   -.183
-49.767   -.217
-49.717   -.233
-49.667   -.250
-49.617   -.250
-49.550   -.233
-49.483   -.233
-49.433   -.217
-49.417   -.200
-49.367   -.183
-49.350   -.167
-49.283   -.150
-49.250   -.167
-49.217   -.150
-49.200   -.133
-49.183   -.150
-49.133   -.167
-49.017   -.167
-49.000   -.183
-49.000   -.183
-48.950   -.217
-48.917   -.233
-48.833   -.217
-48.783   -.217
-48.767   -.250
-48.700   -.250
-48.650   -.233
-48.500   -.233
-48.467   -.233
-48.433   -.250
-48.417   -.250
-48.383   -.300
-48.383   -.367
-48.433   -.400
-48.450   -.433
-48.483   -.533
-48.483   -.583
-48.483   -.700
-48.517   -.767
-48.517   -.783
-48.517   -.850
-48.517   -.883
-48.533   -.917
-48.583   -.933
-48.617   -.950
-48.617   -.950
-48.633   -.983
-48.633  -1.017
-48.617  -1.050
-48.633  -1.067
-48.700  -1.133
-48.733  -1.167
-48.800  -1.217
-48.750  -1.200
-48.750  -1.233
-48.783  -1.267
-48.800  -1.333
-48.817  -1.383
-48.817  -1.433
-48.867  -1.450
-48.900  -1.500
-48.933  -1.500
-49.000  -1.517
-49.067  -1.550
-49.083  -1.517
-49.100  -1.533
-49.083  -1.550
-49.100  -1.550
-49.117  -1.567
-49.183  -1.567
-49.183  -1.600
-49.167  -1.617
-49.350  -1.617
-49.383  -1.650
-49.417  -1.650
-49.450  -1.633
-49.483  -1.633
-49.517  -1.650
-49.550  -1.683
-49.550  -1.700
-49.567  -1.717
-49.650  -1.733
-49.683  -1.783
-49.717  -1.783
-49.733  -1.700
-49.750  -1.783
-49.950  -1.767
-50.033  -1.750
-50.050  -1.733
-50.100  -1.733
-50.183  -1.783
-50.250  -1.767
-50.300  -1.783
-50.350  -1.783
-50.400  -1.767
-50.433  -1.767
-50.433  -1.767
-50.500  -1.750
-50.550  -1.733
-50.600  -1.667
-50.717  -1.583
-50.750  -1.100
>999 999         9  1
-49.600  -1.783
-49.550  -1.783
-49.600  -1.783
>999 999       15  1
-48.583  -1.317
-48.550  -1.317
-48.550  -1.333
-48.550  -1.367
-48.533  -1.383
-48.533  -1.417
-48.533  -1.500
-48.517  -1.533
-48.533  -1.533
-48.567  -1.500
-48.583  -1.450
-48.600  -1.400
-48.600  -1.383
-48.600  -1.350
-48.583  -1.317
>999 999        10  1
-52.100  -1.500
-52.083  -1.500
-52.067  -1.483
-52.017  -1.450
-51.983  -1.450
-51.950  -1.483
-52.000  -1.467
-52.017  -1.467
-52.067  -1.517
-52.100  -1.500
>999 999        15  1
-52.233  -1.517
-52.217  -1.500
-52.117  -1.500
-52.067  -1.517
-52.000  -1.483
-51.983  -1.483
-51.950  -1.500
-51.900  -1.517
-51.933  -1.550
-52.050  -1.600
-52.067  -1.550
-52.150  -1.567
-52.200  -1.583
-52.233  -1.550
-52.233  -1.517
>999 999        10  1
-52.200  -1.367
-52.150  -1.417
-52.333  -1.500
-52.400  -1.533
-52.467  -1.533
-52.533  -1.550
-52.500  -1.500
-52.383  -1.433
-52.300  -1.417
-52.200  -1.367
>999 999        14  1
-49.117  -1.767
-49.017  -1.683
-48.983  -1.600
-48.900  -1.583
-48.950  -1.717
-48.933  -1.733
-48.933  -1.750
-48.967  -1.783
-49.000  -1.783
-49.117  -1.767
>999 999          6  1
-45.633  -1.217
-45.633  -1.117
-45.617  -1.117
-45.600  -1.133
-45.617  -1.183
-45.633  -1.217
>999 999       28  1
-44.383  -2.750
-44.383  -2.667
-44.350  -2.633
-44.367  -2.567
-44.350  -2.533
-44.317  -2.533
-44.283  -2.567
-44.300  -2.550
-44.300  -2.483
-44.183  -2.467
-44.167  -2.450
-44.133  -2.433
-44.083  -2.417
-44.033  -2.417
-44.017  -2.467
-44.050  -2.450
-44.033  -2.517
-44.033  -2.567
-44.067  -2.567
-44.100  -2.600
-44.100  -2.633
-44.150  -2.683
-44.183  -2.700
-44.217  -2.717
-44.233  -2.733
-44.250  -2.733
-44.317  -2.767
-44.383  -2.750
>999 999         17  1
-44.650  -2.967
-44.600  -2.917
-44.567  -2.917
-44.567  -2.967
-44.550  -2.917
-44.567  -2.883
-44.583  -2.833
-44.567  -2.767
-44.500  -2.733
-44.467  -2.750
-44.467  -2.883
-44.483  -2.917
-44.483  -2.967
-44.550  -2.983
>999 999         6  1
-34.850  -7.700
-34.833  -7.700
-34.833  -7.750
-34.833  -7.817
-34.883  -7.800
-34.850  -7.700
>999 999        14  1
-38.683 -12.883
-38.633 -12.917
-38.600 -12.967
-38.650 -13.033
-38.717 -13.067
-38.783 -13.133
-38.800 -13.133
-38.783 -13.050
-38.733 -13.017
-38.667 -12.967
-38.683 -12.950
-38.667 -12.950
-38.700 -12.900
-38.683 -12.883
>999 999         4  1
-38.817 -13.067
-38.817 -13.117
-38.867 -13.100
-38.817 -13.067
>999 999        15  1
-38.917 -13.367
-38.900 -13.433
-38.900 -13.467
-38.917 -13.483
-38.917 -13.500
-38.933 -13.533
-38.933 -13.583
-38.983 -13.600
-39.067 -13.567
-39.083 -13.533
-39.033 -13.467
-39.033 -13.417
-39.033 -13.400
-38.967 -13.400
-38.917 -13.367
>999 999         8  1
-38.933 -13.583
-38.917 -13.583
-38.917 -13.633
-38.900 -13.633
-38.917 -13.667
-38.967 -13.667
-38.983 -13.600
-38.983 -13.600
>999 999        23  1
-45.450 -23.933
-45.467 -23.917
-45.467 -23.883
-45.417 -23.850
-45.383 -23.817
-45.367 -23.733
-45.317 -23.717
-45.300 -23.717
-45.283 -23.733
-45.250 -23.750
-45.250 -23.817
-45.233 -23.833
-45.267 -23.833
-45.267 -23.867
-45.217 -23.900
-45.233 -23.917
-45.217 -23.933
-45.250 -23.950
-45.267 -23.950
-45.283 -23.917
-45.300 -23.900
-45.383 -23.933
-45.450 -23.933
>999 999      22  1
-44.350 -23.217
-44.350 -23.183
-44.383 -23.183
-44.333 -23.150
-44.300 -23.117
-44.283 -23.133
-44.233 -23.083
-44.200 -23.100
-44.200 -23.117
-44.167 -23.117
-44.150 -23.133
-44.133 -23.117
-44.150 -23.150
-44.100 -23.167
-44.133 -23.183
-44.150 -23.167
-44.183 -23.183
-44.200 -23.200
-44.267 -23.200
-44.283 -23.183
-44.300 -23.183
-44.350 -23.217
>999 999       12  1
-43.250 -22.817
-43.250 -22.800
-43.250 -22.800
-43.233 -22.783
-43.200 -22.800
-43.167 -22.783
-43.183 -22.800
-43.183 -22.833
-43.217 -22.817
-43.217 -22.833
-43.250 -22.833
-43.250 -22.817
>999 999       8  1
-42.883 -22.950
-42.833 -22.917
-42.833 -22.933
-42.817 -22.933
-42.783 -22.950
-42.733 -22.950
-42.717 -22.967
-42.883 -22.950
>999 999        26  1
-42.383 -22.917
-42.367 -22.900
-42.350 -22.883
-42.250 -22.883
-42.217 -22.850
-42.200 -22.867
-42.167 -22.867
-42.117 -22.833
-42.117 -22.883
-42.083 -22.850
-42.067 -22.867
-42.067 -22.883
-42.100 -22.883
-42.100 -22.950
-42.117 -22.950
-42.183 -22.917
-42.150 -22.950
-42.200 -22.933
-42.233 -22.900
-42.250 -22.933
-42.283 -22.917
-42.300 -22.933
-42.317 -22.900
-42.350 -22.900
-42.367 -22.917
-42.383 -22.917
>999 999      29  1
-48.533 -26.167
-48.550 -26.167
-48.583 -26.183
-48.567 -26.200
-48.567 -26.217
-48.650 -26.233
-48.650 -26.267
-48.683 -26.267
-48.700 -26.283
-48.717 -26.300
-48.717 -26.317
-48.683 -26.333
-48.633 -26.383
-48.633 -26.417
-48.617 -26.433
-48.583 -26.433
-48.567 -26.433
-48.567 -26.417
-48.600 -26.400
-48.600 -26.383
-48.550 -26.350
-48.567 -26.317
-48.533 -26.267
-48.517 -26.250
-48.500 -26.233
-48.500 -26.217
-48.517 -26.217
-48.533 -26.200
-48.533 -26.167
>999 999        51  1
-48.417 -27.383
-48.433 -27.367
-48.450 -27.383
-48.450 -27.417
-48.483 -27.417
-48.533 -27.433
-48.550 -27.450
-48.533 -27.450
-48.550 -27.467
-48.533 -27.483
-48.533 -27.517
-48.517 -27.533
-48.533 -27.550
-48.517 -27.567
-48.550 -27.567
-48.567 -27.583
-48.550 -27.600
-48.533 -27.600
-48.533 -27.617
-48.550 -27.633
-48.567 -27.633
-48.567 -27.650
-48.583 -27.667
-48.567 -27.683
-48.567 -27.733
-48.583 -27.750
-48.567 -27.767
-48.567 -27.800
-48.567 -27.817
-48.533 -27.783
-48.533 -27.767
-48.500 -27.783
-48.483 -27.767
-48.483 -27.750
-48.500 -27.733
-48.483 -27.700
-48.500 -27.683
-48.483 -27.667
-48.467 -27.650
-48.450 -27.617
-48.433 -27.600
-48.433 -27.583
-48.400 -27.567
-48.417 -27.550
-48.417 -27.517
-48.383 -27.483
-48.367 -27.450
-48.350 -27.433
-48.367 -27.433
-48.417 -27.433
-48.417 -27.383
>999 999         192  1
-52.233 -32.000
-52.233 -31.983
-52.217 -31.967
-52.183 -31.967
-52.150 -31.933
-52.150 -31.950
-52.117 -31.950
-52.133 -31.917
-52.183 -31.900
-52.217 -31.867
-52.217 -31.883
-52.233 -31.867
-52.250 -31.900
-52.250 -31.833
-52.217 -31.833
-52.217 -31.800
-52.233 -31.800
-52.233 -31.783
-52.217 -31.783
-52.217 -31.733
-52.133 -31.683
-52.067 -31.667
-52.033 -31.683
-52.000 -31.600
-52.017 -31.517
-52.000 -31.433
-51.967 -31.367
-51.950 -31.333
-51.917 -31.317
-51.883 -31.317
-51.850 -31.317
-51.783 -31.267
-51.750 -31.283
-51.717 -31.267
-51.617 -31.267
-51.633 -31.250
-51.650 -31.200
-51.617 -31.133
-51.600 -31.117
-51.567 -31.117
-51.450 -31.083
-51.483 -31.033
-51.500 -30.983
-51.500 -30.917
-51.500 -30.900
-51.450 -30.867
-51.383 -30.883
-51.417 -30.800
-51.417 -30.733
-51.383 -30.633
-51.367 -30.633
-51.333 -30.633
-51.317 -30.700
-51.300 -30.733
-51.300 -30.667
-51.317 -30.583
-51.267 -30.467
-51.250 -30.433
-51.217 -30.417
-51.200 -30.400
-51.167 -30.417
-51.150 -30.433
-51.133 -30.400
-51.100 -30.367
-51.133 -30.367
-51.183 -30.383
-51.200 -30.383
-51.217 -30.350
-51.217 -30.300
-51.250 -30.317
-51.267 -30.300
-51.300 -30.300
-51.300 -30.233
-51.333 -30.233
-51.317 -30.200
-51.333 -30.183
-51.317 -30.117
-51.333 -30.100
-51.317 -30.083
-51.333 -30.067
-51.317 -30.050
-51.317 -30.017
-51.300 -30.000
-51.267 -30.017
-51.267 -30.050
-51.233 -30.000
-51.217 -29.983
-51.217 -30.000
-51.233 -30.050
-51.250 -30.083
-51.267 -30.100
-51.267 -30.133
-51.217 -30.150
-51.233 -30.167
-51.250 -30.183
-51.250 -30.200
-51.217 -30.200
-51.183 -30.217
-51.183 -30.233
-51.167 -30.233
-51.150 -30.250
-51.133 -30.267
-51.117 -30.250
-51.100 -30.267
-51.100 -30.233
-51.067 -30.250
-51.067 -30.267
-51.033 -30.283
-51.017 -30.317
-51.033 -30.333
-51.050 -30.350
-51.050 -30.400
-51.000 -30.400
-51.000 -30.400
-50.950 -30.433
-50.917 -30.433
-50.933 -30.417
-50.933 -30.350
-50.917 -30.333
-50.850 -30.333
-50.800 -30.333
-50.800 -30.317
-50.783 -30.283
-50.683 -30.300
-50.667 -30.283
-50.700 -30.217
-50.700 -30.200
-50.683 -30.217
-50.667 -30.200
-50.617 -30.200
-50.583 -30.250
-50.550 -30.250
-50.550 -30.367
-50.567 -30.383
-50.567 -30.450
-50.583 -30.483
-50.617 -30.483
-50.650 -30.450
-50.667 -30.433
-50.633 -30.417
-50.700 -30.350
-50.733 -30.367
-50.700 -30.417
-50.683 -30.517
-50.683 -30.600
-50.700 -30.700
-50.717 -30.767
-50.750 -30.783
-50.783 -30.817
-50.850 -30.850
-50.883 -30.883
-50.933 -30.900
-50.967 -30.900
-50.950 -30.933
-50.950 -30.933
-50.950 -30.983
-50.983 -31.033
-51.033 -31.050
-51.100 -31.100
-51.133 -31.100
-51.167 -31.067
-51.183 -31.100
-51.183 -31.150
-51.167 -31.217
-51.167 -31.333
-51.200 -31.400
-51.233 -31.433
-51.283 -31.483
-51.333 -31.517
-51.367 -31.533
-51.417 -31.517
-51.417 -31.483
-51.467 -31.533
-51.450 -31.600
-51.467 -31.583
-51.483 -31.567
-51.500 -31.583
-51.567 -31.667
-51.650 -31.750
-51.700 -31.783
-51.800 -31.783
-51.833 -31.800
-51.800 -31.800
-51.800 -31.833
-51.883 -31.867
-52.017 -31.817
-52.067 -31.817
-52.100 -31.833
-52.017 -31.917
-52.000 -31.950
-52.050 -31.983
-52.050 -32.000
>999 999         5  1
-52.200 -32.000
-52.167 -31.967
-52.117 -31.967
-52.083 -31.983
-52.100 -32.000
>999 999        66  1
-53.133 -33.533
-53.150 -33.517
-53.150 -33.500
-53.133 -33.500
-53.133 -33.483
-53.117 -33.467
-53.100 -33.433
-53.083 -33.417
-53.067 -33.400
-53.050 -33.383
-53.050 -33.367
-53.033 -33.350
-53.017 -33.317
-52.983 -33.300
-52.933 -33.233
-52.933 -33.217
-52.900 -33.200
-52.900 -33.183
-52.850 -33.133
-52.833 -33.117
-52.817 -33.083
-52.733 -33.000
-52.733 -32.967
-52.700 -32.950
-52.700 -32.917
-52.667 -32.883
-52.633 -32.867
-52.650 -32.850
-52.633 -32.850
-52.650 -32.833
-52.633 -32.817
-52.600 -32.817
-52.617 -32.800
-52.617 -32.783
-52.600 -32.767
-52.533 -32.767
-52.533 -32.800
-52.550 -32.817
-52.550 -32.800
-52.567 -32.800
-52.567 -32.850
-52.550 -32.867
-52.583 -32.900
-52.583 -32.883
-52.600 -32.917
-52.617 -32.917
-52.617 -33.000
-52.633 -33.050
-52.650 -33.017
-52.650 -33.067
-52.700 -33.133
-52.717 -33.133
-52.717 -33.150
-52.733 -33.150
-52.750 -33.167
-52.767 -33.200
-52.783 -33.200
-52.783 -33.217
-52.800 -33.217
-52.833 -33.267
-52.867 -33.300
-52.883 -33.317
-52.967 -33.400
-53.017 -33.433
-53.100 -33.517
-53.133 -33.533
>999 999        69  1
-53.167 -32.650
-53.150 -32.633
-53.100 -32.633
-53.067 -32.600
-53.033 -32.600
-53.000 -32.583
-53.000 -32.567
-52.983 -32.517
-52.967 -32.483
-52.917 -32.467
-52.850 -32.450
-52.783 -32.433
-52.750 -32.400
-52.733 -32.383
-52.717 -32.367
-52.750 -32.350
-52.783 -32.367
-52.800 -32.367
-52.783 -32.350
-52.817 -32.350
-52.817 -32.333
-52.800 -32.333
-52.817 -32.317
-52.800 -32.283
-52.783 -32.267
-52.783 -32.233
-52.750 -32.217
-52.733 -32.200
-52.783 -32.200
-52.733 -32.183
-52.750 -32.167
-52.700 -32.167
-52.633 -32.150
-52.633 -32.150
-52.667 -32.217
-52.700 -32.300
-52.633 -32.417
-52.583 -32.500
-52.600 -32.550
-52.633 -32.667
-52.767 -32.867
-52.817 -32.900
-52.883 -32.900
-53.000 -32.800
-53.000 -32.750
-53.033 -32.783
-53.050 -32.817
-53.083 -32.817
-53.100 -32.800
-53.117 -32.783
-53.133 -32.783
-53.167 -32.850
-53.167 -32.967
-53.217 -33.033
-53.250 -33.067
-53.267 -33.100
-53.333 -33.083
-53.333 -33.067
-53.417 -33.167
-53.450 -33.150
-53.450 -33.200
-53.483 -33.250
-53.433 -33.433
-53.450 -33.517
-53.467 -33.517
-53.483 -33.567
-53.500 -33.550
-53.517 -33.533
-53.533 -33.550
>999 999



