 -65.3829  10.0811
 -65.5291  10.0405
 -65.7530  10.0215
 -66.0095  10.0008
 -66.1918   9.9501
 -66.3629   9.8806
 -66.5038   9.8232
 -66.6463   9.8036
 -66.7846   9.8230
 -66.8756   9.8441
 -67.0330   9.7651
 -67.2069   9.6633
 -67.4282   9.5866
 -67.6281   9.5386
 -67.8054   9.5842
 -67.9679   9.6074
 -68.1316   9.6293
 -68.3202   9.6259
 -68.5073   9.6107
 -68.6636   9.5688
 -68.8284   9.5302
 -68.9588   9.4746
 -69.0527   9.4043
 -69.1494   9.3552
 -69.2006   9.3270
 -69.2634   9.4247
 -69.3385   9.5314
 -69.4998   9.4090
 -69.7047   9.2997
 -69.8720   9.1911
 -70.0208   9.1159
 -70.0640   9.1102
 -70.2132   9.0513
 -70.3698   8.9216
 -70.5650   8.7567
 -70.7035   8.5906
 -70.8384   8.3939
 -70.9423   8.1695
 -71.0751   8.0305
 -71.2326   7.8826
 -71.4064   7.7212
 -71.6187   7.6532
 -71.8533   7.6093
 -72.0011   7.6242
 -72.0998   7.6062
 -72.1566   7.4772
 -72.1268   7.1852
 -72.1195   7.1795
 -72.1195   7.1795
 -72.0539   7.0347
 -71.9551   6.9296
 -71.8302   6.8263
 -71.8301   6.8239
 -71.7960   6.6803
 -71.7726   6.4949
 -71.7877   6.3192
 -71.8723   6.1537
 -71.9669   6.0070
 -72.0844   5.7933
 -72.1966   5.6449
 -72.2687   5.5496
 -72.3836   5.4177
 -72.4652   5.3257
 -72.5689   5.2179
 -72.6769   5.0992
 -72.8063   4.9871
 -72.9504   4.8522
 -73.0718   4.7545
 -73.2087   4.6234
 -73.3407   4.5266
 -73.4580   4.4184
 -73.5498   4.3676
 -73.6160   4.3292
 -73.6564   4.2596
 -73.6588   4.2596
 -73.7131   4.1447
 -73.7708   4.0227
 -73.8033   3.9261
 -73.8179   3.8206
 -73.8321   3.7044
 -73.8556   3.6199
 -73.8886   3.5400
 -73.9408   3.4713
 -74.0111   3.4200
 -74.0572   3.3870
 -74.1040   3.3374
 -74.1551   3.2712
 -74.2032   3.2263
 -74.2031   3.2228
 -74.2397   3.1888
 -74.3044   3.1494
 -74.3912   3.1001
 -74.4484   3.0491
 -74.4884   3.0091
 -74.5063   2.9391
 -74.5062   2.9368
 -74.5073   2.8519
 -74.4926   2.7909
 -74.4669   2.7539
 -74.4668   2.7515
 -74.4296   2.6794
 -74.4070   2.5868
 -74.4322   2.4790
 -74.4903   2.3751
 -74.5554   2.3088
 -74.6290   2.2587
 -74.6864   2.2126
 -74.7364   2.1549
 -74.7780   2.0939
 -74.8451   2.0181
 -74.9065   1.9096
 -74.9577   1.8120
 -75.0256   1.7258
 -75.0909   1.6291
 -75.1366   1.5470
 -75.1973   1.4974
 -75.3076   1.4700
 -75.4097   1.4440
 -75.5331   1.4279
 -75.6197   1.4338
 -75.7344   1.4003
 -75.8069   1.3644
 -75.8104   1.3644
 -75.8792   1.3215
 -75.9591   1.2562
 -76.0074   1.1484
 -76.0791   1.0412
 -76.1853   0.9600
 -76.2902   0.8754
 -76.4212   0.8111
 -76.5250   0.7754
 -76.6630   0.6747
 -76.7715   0.5994
 -76.8932   0.5457
 -76.9787   0.4838
 -77.0876   0.4294
 -77.1512   0.3798
 -77.1512   0.3798
 -77.1311   0.3211
 -77.1502   0.2555
 -77.1659   0.1470
 -77.1408   0.0305
 -77.0949  -0.0854
 -77.0228  -0.1843
 -76.9639  -0.2232
 -76.8426  -0.2002
 -76.6867  -0.2181
 -76.5893  -0.2609
 -76.5344  -0.3245
 -76.5039  -0.4375
 -76.5546  -0.5536
 -76.6234  -0.6457
 -76.7132  -0.7278
 -76.8344  -0.7528
 -76.9395  -0.7683
 -77.0158  -0.8257
 -77.0905  -0.9074
 -76.9989  -0.9617
 -76.9033  -0.9917
 -76.8556  -1.0564
 -76.8205  -1.1260
 -76.7560  -1.2192
 -76.7964  -1.2837
 -76.7225  -1.3293
 -76.7081  -1.4132
 -76.7008  -1.4903
 -76.7200  -1.5738
 -76.7113  -1.6704
 -76.7123  -1.7395
 -76.9196  -1.7314
 -77.0507  -1.7160
 -77.0998  -1.6297
 -77.1594  -1.5367
 -77.2713  -1.4957
 -77.3889  -1.5125
 -77.4627  -1.5776
 -77.4962  -1.6923
 -77.4355  -1.7849
 -77.4444  -1.8621
 -77.5592  -1.9005
 -77.5670  -1.9764
 -77.5799  -2.0913
 -77.6110  -2.1597
 -77.6056  -2.2660
 -77.5557  -2.3518
 -77.5499  -2.3539
 -77.5026  -2.4181
 -77.4690  -2.4962
 -77.4592  -2.5999
 -77.4870  -2.6645
 -77.5006  -2.7538
 -77.5528  -2.8131
 -77.6377  -2.8389
 -77.7374  -2.8810
 -77.7746  -2.9376
 -77.7737  -2.9956
 -77.8257  -3.0340
 -77.8726  -3.0502
 -77.9239  -3.0848
 -77.9752  -3.1273
 -78.0412  -3.1847
 -78.0809  -3.2396
 -78.1390  -3.2946
 -78.2039  -3.3599
 -78.2206  -3.4578
 -78.2191  -3.5261
 -78.2601  -3.5627
 -78.3094  -3.5572
 -78.3485  -3.5050
 -78.3865  -3.4506
 -78.4540  -3.4555
 -78.4801  -3.5022
 -78.4820  -3.5761
 -78.4817  -3.6533
 -78.4837  -3.7431
 -78.4995  -3.8249
 -78.5176  -3.8794
 -78.4946  -3.9440
 -78.4772  -4.0416
 -78.4530  -4.1755
 -78.4335  -4.2571
 -78.4175  -4.3808
 -78.4049  -4.4454
 -78.3935  -4.5056
 -78.4119  -4.6178
 -78.4315  -4.6835
 -78.4706  -4.8024
 -78.4961  -4.8941
 -78.5215  -4.9710
 -78.5345  -5.0808
 -78.5211  -5.1680
 -78.4644  -5.2678
 -78.3731  -5.3191
 -78.2978  -5.3681
 -78.2350  -5.4115
 -78.1977  -5.4943
 -78.1776  -5.5749
 -78.1644  -5.6531
 -78.1285  -5.7597
 -78.1199  -5.8266
 -78.1079  -5.8991
 -78.0452  -5.9460
 -77.9493  -5.9864
 -77.8786  -6.0311
 -77.8169  -6.0565
 -77.7225  -6.1401
 -77.6474  -6.2099
 -77.5826  -6.2728
 -77.5260  -6.3448
 -77.4911  -6.4177
 -77.4713  -6.4950
 -77.4563  -6.5836
 -77.4239  -6.6610
 -77.3767  -6.7398
 -77.3307  -6.8265
 -77.3062  -6.8892
 -77.2822  -6.9836
 -77.2708  -7.0676
 -77.2639  -7.1459
 -77.2434  -7.2357
 -77.2021  -7.3145
 -77.1489  -7.3663
 -77.0842  -7.4239
 -77.0843  -7.4262
 -77.0236  -7.5121
 -76.9853  -7.5637
 -76.9383  -7.6393
 -76.8979  -7.6967
 -76.8119  -7.7831
 -76.7394  -7.8490
 -76.6632  -7.9592
 -76.5876  -8.0423
 -76.5310  -8.1511
 -76.4813  -8.2599
 -76.3955  -8.3489
 -76.3089  -8.4505
 -76.2404  -8.5904
 -76.1997  -8.7264
 -76.1359  -8.8617
 -76.0972  -8.9807
 -76.0209  -9.1187
 -75.9696  -9.2346
 -75.9230  -9.3958
 -75.8795  -9.5002
 -75.8497  -9.5497
 -75.7994  -9.5703
 -75.7199  -9.6223
 -75.6768  -9.6938
 -75.6207  -9.8373
 -75.5598  -9.9332
 -75.5144 -10.0776
 -75.5144 -10.0776
 -75.5085 -10.1903
 -75.4969 -10.3008
 -75.4585 -10.4030
 -75.4193 -10.4802
 -75.3961 -10.5502
 -75.3883 -10.6311
 -75.3676 -10.7055
 -75.3677 -10.7089
 -75.3064 -10.7789
 -75.2577 -10.8815
 -75.2162 -10.9555
 -75.1572 -10.9915
 -75.0636 -11.0001
 -74.9930 -11.0057
 -74.8978 -11.0372
 -74.7988 -11.0938
 -74.7356 -11.1459
 -74.6501 -11.1908
 -74.5778 -11.2137
 -74.5338 -11.2515
 -74.5191 -11.3249
 -74.4993 -11.4201
 -74.4602 -11.4932
 -74.4099 -11.5781
 -74.3504 -11.6337
 -74.2835 -11.6793
 -74.2286 -11.7633
 -74.1831 -11.8811
 -74.1574 -11.9675
 -74.1110 -12.0866
 -74.0114 -12.1564
 -73.9145 -12.2090
 -73.8068 -12.2244
 -73.7394 -12.2018
 -73.7068 -12.1436
 -73.7031 -12.0238
 -73.7002 -11.8903
 -73.6831 -11.8086
 -73.6831 -11.8086
 -73.6219 -11.8542
 -73.5648 -11.9442
 -73.4821 -12.0638
 -73.4491 -12.0856
 -73.3369 -12.1102
 -73.2032 -12.1517
 -73.0564 -12.1880
 -72.9453 -12.2139
 -72.8288 -12.2227
 -72.7855 -12.1910
 -72.7692 -12.1354
 -72.7702 -12.0712
 -72.7679 -11.9817
 -72.7111 -11.9631
 -72.5579 -11.9628
 -72.4678 -11.9625
 -72.3678 -11.9764
 -72.2753 -12.0061
 -72.1685 -12.0594
 -72.0532 -12.1049
>999 999
 -77.7498  -3.0700
 -77.6719  -3.2282
 -77.6033  -3.3888
 -77.5429  -3.5552
 -77.5124  -3.7171
 -77.5096  -3.8597
 -77.5254  -3.9727
 -77.5332  -4.0981
 -77.5387  -4.2337
 -77.5490  -4.3978
 -77.5651  -4.5083
 -77.5743  -4.6096
 -77.5687  -4.6802
 -77.5242  -4.8134
 -77.4419  -4.9399
 -77.3677  -5.0619
 -77.2463  -5.1534
 -77.1353  -5.2598
 -77.0023  -5.3412
 -76.9120  -5.4271
 -76.7710  -5.5202
 -76.6770  -5.5732
 -76.4935  -5.6873
 -76.3259  -5.7648
 -76.1651  -5.8493
 -76.0263  -5.9360
 -75.8539  -6.0162
 -75.6858  -6.0702
 -75.5555  -6.0896
 -75.3856  -6.0829
 -75.2920  -6.0813
 -75.2056  -6.1233
 -75.1312  -6.2135
 -75.0075  -6.3385
 -74.9168  -6.4186
 -74.7984  -6.4990
 -74.6868  -6.5668
 -74.4826  -6.6459
 -74.3797  -6.6711
 -74.2430  -6.6887
 -74.0832  -6.7100
 -73.9732  -6.7342
 -73.8365  -6.7646
 -73.7757  -6.8310
 -73.7340  -6.9318
 -73.6999  -7.0868
 -73.6614  -7.2465
 -73.6440  -7.4081
 -73.6210  -7.5802
 -73.5896  -7.7225
 -73.5292  -7.8652
 -73.4272  -8.0167
 -73.3109  -8.1501
 -73.2167  -8.2763
 -73.1168  -8.4073
 -73.0333  -8.5404
 -72.9319  -8.7062
 -72.9319  -8.7097
 -72.8865  -8.8168
 -72.8468  -8.9710
 -72.8158  -9.1436
 -72.8214  -9.2795
 -72.8425  -9.4692
 -72.8707  -9.6149
 -72.9115  -9.8304
 -72.9247  -9.9728
 -72.9228 -10.1477
 -72.9092 -10.3207
 -72.8881 -10.4719
 -72.8483 -10.6180
 -72.7852 -10.7624
 -72.7232 -10.9000
 -72.6541 -11.0355
 -72.5329 -11.1808
 -72.4090 -11.2837
 -72.2691 -11.3976
 -72.1086 -11.5226
 -71.9945 -11.6048
 -71.8677 -11.6921
 -71.7646 -11.7567
 -71.7270 -11.7660
 -71.5520 -11.8700
 -71.3590 -11.9590
 -71.1700 -12.0440
 -71.0120 -12.1250
 -70.7770 -12.2290
 -70.6300 -12.3080
 -70.4690 -12.4150
 -70.2760 -12.5020
 -70.1320 -12.5880
 -69.9990 -12.6470
 -69.9050 -12.6780
 -69.8070 -12.7210
 -69.7400 -12.7710
 -69.6520 -12.8880
 -69.5490 -12.9900
 -69.4540 -13.0820
 -69.3250 -13.1580
 -69.1840 -13.2300
 -69.0530 -13.2960
 -68.8900 -13.3530
 -68.7970 -13.4030
 -68.6770 -13.4660
 -68.5980 -13.5300
 -68.4330 -13.5860
 -68.3130 -13.6590
 -68.2060 -13.7440
 -68.0890 -13.8940
 -67.9670 -13.9900
 -67.8850 -14.0950
 -67.6870 -14.2570
 -67.5640 -14.3550
 -67.4400 -14.4200
 -67.3300 -14.5010
 -67.2600 -14.5720
 -67.1850 -14.6440
 -67.1180 -14.7920
 -67.0600 -14.9060
 -67.0090 -15.0200
 -66.9400 -15.1060
 -66.8480 -15.1720
 -66.7670 -15.2320
 -66.7120 -15.2630
 -66.6240 -15.3330
 -66.5570 -15.3770
 -66.5070 -15.4580
 -66.4730 -15.5090
 -66.4020 -15.5470
 -66.3080 -15.6330
 -66.2650 -15.7550
 -66.2280 -15.8310
 -66.1910 -15.8660
 -66.1570 -15.9190
 -66.1420 -16.0010
 -66.1110 -16.0490
 -66.0540 -16.0850
 -66.0000 -16.1390
 -65.9460 -16.2220
 -65.8750 -16.3060
 -65.8330 -16.4090
 -65.8010 -16.4830
 -65.7650 -16.5210
 -65.6790 -16.5690
 -65.6140 -16.6380
 -65.5750 -16.7030
 -65.4990 -16.7680
 -65.4080 -16.8140
 -65.3340 -16.8540
 -65.2830 -16.8770
 -65.2280 -16.9230
 -65.1650 -16.9760
 -65.1090 -17.0040
 -65.0450 -17.0080
 -64.9550 -17.0100
 -64.9040 -17.0240
 -64.8830 -17.0640
 -64.8740 -17.1330
 -64.8620 -17.1730
 -64.8260 -17.1830
 -64.7300 -17.1650
 -64.6470 -17.1460
 -64.5060 -17.1540
 -64.3930 -17.2120
 -64.3070 -17.2890
 -64.2250 -17.3910
 -64.1320 -17.4410
 -64.0540 -17.4120
 -64.0150 -17.3290
 -63.9780 -17.3110
 -63.8970 -17.3210
 -63.8150 -17.3240
 -63.7490 -17.2930
 -63.7200 -17.2770
 -63.6680 -17.2730
 -63.5860 -17.3140
 -63.4600 -17.3870
 -63.3730 -17.4320
 -63.2530 -17.4980
 -63.2160 -17.6520
 -63.2570 -17.7600
 -63.3210 -17.8500
 -63.3340 -17.9170
 -63.2990 -17.9680
 -63.2500 -17.9960
 -63.2300 -18.0410
 -63.2190 -18.1410
 -63.2210 -18.2100
 -63.2430 -18.2240
 -63.2850 -18.2500
 -63.2750 -18.3540
 -63.2640 -18.4380
 -63.2610 -18.5340
 -63.2790 -18.5790
 -63.3280 -18.5850
 -63.3770 -18.5950
 -63.3830 -18.6650
 -63.3640 -18.7800
 -63.3490 -18.8740
 -63.3370 -18.9460
 -63.2950 -18.9880
 -63.2380 -18.9750
 -63.2070 -18.9920
 -63.1970 -19.1140
 -63.2120 -19.2050
 -63.2190 -19.3030
 -63.2090 -19.4150
 -63.2000 -19.5320
 -63.1960 -19.6740
 -63.1920 -19.8020
 -63.1870 -19.9530
 -63.1870 -20.0680
 -63.1730 -20.1310
 -63.1520 -20.2130
 -63.1000 -20.2780
 -63.0570 -20.4240
 -63.0250 -20.5350
 -62.9890 -20.6530
 -62.9590 -20.7990
 -62.9710 -20.9790
 -62.9850 -21.1370
 -62.9910 -21.2930
 -62.9890 -21.4390
 -63.0020 -21.5860
 -63.0120 -21.6740
 -63.0460 -21.7530
 -63.1220 -21.7800
 -63.2180 -21.7270
 -63.2450 -21.6180
 -63.2530 -21.4650
 -63.2650 -21.3420
 -63.3000 -21.2470
 -63.4090 -21.2290
 -63.4790 -21.2570
 -63.5200 -21.3460
 -63.5500 -21.4420
 -63.5720 -21.5370
>999 999
 -72.0240 -12.1130
 -71.9280 -12.1180
 -71.8450 -12.1210
 -71.6960 -12.1720
 -71.5970 -12.2300
 -71.5070 -12.3180
 -71.4620 -12.4020
 -71.4960 -12.4540
 -71.5030 -12.5440
 -71.4640 -12.6760
 -71.4300 -12.7740
 -71.3240 -12.8870
 -71.1780 -12.9850
 -71.0360 -13.0720
 -70.8890 -13.1480
 -70.7240 -13.2310
 -70.5470 -13.3180
 -70.3750 -13.3780
 -70.1340 -13.4610
 -69.9570 -13.5560
 -69.7630 -13.6480
 -69.5720 -13.7250
 -69.3770 -13.8380
 -69.1410 -13.9790
 -69.0020 -14.1060
 -68.8520 -14.2630
 -68.7190 -14.3910
 -68.6200 -14.5330
 -68.5040 -14.6040
 -68.3810 -14.6560
 -68.2410 -14.7800
 -68.1180 -14.9020
 -67.9860 -15.0350
 -67.9010 -15.1520
 -67.7720 -15.2970
 -67.6700 -15.4430
 -67.4750 -15.6010
 -67.3130 -15.7410
 -67.1420 -15.8590
 -67.0030 -15.9780
 -66.8890 -16.0610
 -66.8190 -16.1680
 -66.7270 -16.3090
 -66.6110 -16.4410
 -66.4950 -16.5410
 -66.3620 -16.6390
 -66.2530 -16.7190
 -66.1330 -16.7860
 -66.0260 -16.8950
 -65.9010 -16.9820
 -65.8260 -17.0440
 -65.7700 -17.0600
 -65.7210 -17.0210
 -65.6800 -16.9750
 -65.6040 -16.9830
 -65.4940 -17.0320
 -65.3200 -17.1100
 -65.1420 -17.1850
 -64.9160 -17.2700
 -64.7720 -17.3230
 -64.6390 -17.3830
 -64.5170 -17.4270
 -64.4610 -17.4410
 -64.3920 -17.5260
 -64.3110 -17.6620
 -64.2220 -17.7610
 -64.1770 -17.8650
 -64.1540 -17.9190
 -64.1950 -17.9780
 -64.2280 -18.0220
 -64.2120 -18.1560
 -64.1890 -18.3600
 -64.1730 -18.5170
 -64.1670 -18.7230
 -64.1640 -18.9120
 -64.1560 -19.1040
 -64.1660 -19.3040
 -64.1790 -19.5180
 -64.2020 -19.7190
 -64.2120 -19.8910
 -64.2160 -20.0870
 -64.2220 -20.3040
 -64.2220 -20.3040
 -64.2480 -20.5120
 -64.2660 -20.7280
 -64.2910 -20.9100
 -64.3600 -21.0860
 -64.4320 -21.2560
 -64.4440 -21.4010
 -64.4450 -21.5110
 -64.4410 -21.5270
 -64.4370 -21.5430
 -64.4900 -21.6710
 -64.5420 -21.7450
 -64.5550 -21.7950
 -64.5850 -21.8690
 -64.6220 -21.9690
 -64.6520 -22.0740
 -64.6930 -22.1960
 -64.7210 -22.3370
 -64.7510 -22.4560
 -64.8090 -22.6120
 -64.8110 -22.6120
 -64.8610 -22.7420
 -64.8760 -22.8460
 -64.8350 -22.8990
 -64.8300 -22.9020
 -64.7770 -22.9630
 -64.7750 -23.0840
 -64.8150 -23.1790
 -64.8740 -23.3000
 -64.9560 -23.3610
 -65.0430 -23.3840
 -65.1280 -23.3850
 -65.1430 -23.4350
 -65.1430 -23.4370
 -65.1410 -23.5310
 -65.1410 -23.5310
 -65.1570 -23.6370
 -65.2090 -23.7400
 -65.2780 -23.8280
 -65.3530 -23.9170
 -65.4060 -24.0050
 -65.4310 -24.1030
 -65.4320 -24.1050
 -65.4270 -24.1760
 -65.3960 -24.2690
 -65.3550 -24.3780
 -65.2890 -24.4650
 -65.2510 -24.5460
 -65.2590 -24.7070
 -65.2590 -24.7090
 -65.2980 -24.8500
 -65.2980 -24.8530
 -65.3780 -24.9570
 -65.3810 -24.9590
 -65.4880 -25.0460
 -65.6340 -25.1120
 -65.7920 -25.1620
 -65.7920 -25.1640
 -65.9100 -25.1660
 -66.0230 -25.1450
 -66.1150 -25.1320
 -66.1950 -25.1820
 -66.1950 -25.1820
 -66.2550 -25.2860
 -66.2940 -25.4120
 -66.2940 -25.4120
 -66.2940 -25.4120
 -66.2750 -25.5660
 -66.1690 -25.6700
 -66.1690 -25.6720
 -66.0800 -25.7350
 -65.9990 -25.8060
 -65.9110 -25.9430
 -65.8660 -26.0330
 -65.8000 -26.0710
 -65.6530 -26.1220
 -65.5600 -26.2110
 -65.5060 -26.3410
 -65.5060 -26.3450
 -65.4870 -26.4940
 -65.4050 -26.5590
 -65.2730 -26.5710
 -65.1580 -26.5440
 -65.0490 -26.4680
 -64.9450 -26.3790
 -64.8480 -26.2790
 -64.7760 -26.1340
 -64.6930 -26.0180
 -64.5930 -25.8750
 -64.5450 -25.7340
 -64.4790 -25.6150
 -64.4040 -25.4770
 -64.3650 -25.3210
 -64.3500 -25.2140
 -64.3830 -25.0780
 -64.3860 -24.9560
 -64.3610 -24.7410
 -64.3310 -24.6270
 -64.2540 -24.4950
 -64.2050 -24.3730
 -64.2050 -24.3730
 -64.1670 -24.2630
 -64.1060 -24.1260
 -64.1060 -24.1210
 -64.0880 -24.0380
 -64.0860 -23.9730
 -64.1500 -23.8890
 -64.2260 -23.8450
 -64.2260 -23.8450
 -64.3420 -23.8890
 -64.4120 -23.9400
 -64.4890 -23.9740
 -64.6030 -23.9680
 -64.6050 -23.9680
 -64.6670 -23.9170
 -64.7010 -23.8600
 -64.7010 -23.7780
 -64.6940 -23.6790
 -64.6450 -23.5870
 -64.6450 -23.5870
 -64.5660 -23.5250
 -64.5660 -23.5250
 -64.4700 -23.4570
 -64.3980 -23.3740
 -64.3980 -23.3740
 -64.3090 -23.2820
 -64.2140 -23.1700
 -64.2070 -23.1700
 -64.1680 -23.0660
 -64.1300 -22.9880
 -64.0840 -22.9090
 -63.9520 -22.7510
 -63.8990 -22.7160
 -63.8560 -22.6800
 -63.8320 -22.6060
 -63.8130 -22.5090
 -63.7900 -22.4450
 -63.8290 -22.4170
 -63.8720 -22.3890
 -63.8810 -22.3460
 -63.8480 -22.2650
 -63.8160 -22.2040
 -63.7780 -22.1360
 -63.7300 -22.0470
 -63.6650 -21.9090
 -63.6400 -21.8100
 -63.6220 -21.6690
 -63.5990 -21.5680
>999 999
 -65.8690 -26.0880
 -65.9220 -26.2420
 -65.9700 -26.3550
 -66.0490 -26.4870
 -66.1290 -26.6680
 -66.1290 -26.6690
 -66.2040 -26.8280
 -66.2910 -26.9960
 -66.3610 -27.1730
 -66.4400 -27.2550
 -66.5680 -27.3400
 -66.7170 -27.3640
 -66.7210 -27.3630
 -66.9010 -27.3810
 -67.0300 -27.4370
 -67.2020 -27.5060
 -67.3280 -27.5470
 -67.4160 -27.5820
 -67.4650 -27.6310
 -67.5090 -27.7650
 -67.5250 -27.9200
 -67.5150 -28.1040
 -67.5180 -28.3230
 -67.5010 -28.6440
 -67.5110 -28.7690
 -67.5560 -28.9450
 -67.5800 -29.1910
 -67.5740 -29.3910
 -67.5740 -29.3930
 -67.5390 -29.5870
 -67.4660 -29.6980
 -67.4280 -29.8700
 -67.4220 -30.0170
 -67.4220 -30.0170
 -67.4520 -30.1140
 -67.5550 -30.1110
 -67.5590 -30.1110
 -67.7280 -30.0870
 -67.8880 -30.0760
 -67.8880 -30.0760
 -67.9650 -30.1320
 -68.0360 -30.2260
 -68.1980 -30.1560
 -68.2890 -30.0530
 -68.2920 -30.0530
 -68.3390 -29.9760
 -68.3440 -29.9760
 -68.4760 -29.9720
 -68.5450 -30.0440
 -68.5450 -30.0440
 -68.5800 -30.1900
 -68.5880 -30.3740
 -68.6050 -30.5250
 -68.6050 -30.5250
 -68.6010 -30.6960
 -68.6050 -30.8710
 -68.6000 -31.0830
 -68.5860 -31.2470
 -68.6170 -31.4950
 -68.6520 -31.6650
 -68.6850 -31.8570
 -68.7340 -32.0420
 -68.7680 -32.1860
 -68.7930 -32.3600
 -68.8140 -32.5090
 -68.8610 -32.6440
 -68.9070 -32.7660
 -68.8970 -32.9420
 -68.8970 -32.9420
 -68.8520 -33.0520
 -68.8000 -33.1700
 -68.6870 -33.2290
 -68.5720 -33.2450
 -68.4670 -33.2720
 -68.4580 -33.4210
 -68.4580 -33.4210
 -68.4820 -33.5480
 -68.4860 -33.5510
 -68.5300 -33.7200
 -68.5600 -33.8510
 -68.5740 -33.9820
 -68.5480 -34.1100
 -68.5270 -34.2010
 -68.4930 -34.3300
 -68.4930 -34.3300
 -68.4540 -34.4380
 -68.4150 -34.5880
 -68.3810 -34.7390
 -68.3820 -34.7410
 -68.3590 -34.8940
 -68.3640 -35.0250
 -68.4250 -35.1930
 -68.3700 -35.2990
 -68.2500 -35.3310
 -68.0460 -35.3600
 -67.9920 -35.4000
 -67.9780 -35.5230
 -68.0150 -35.6550
 -68.0910 -35.7820
 -68.1670 -35.8560
 -68.2760 -35.9590
 -68.4160 -36.0460
 -68.5420 -36.1470
 -68.6340 -36.2510
 -68.6450 -36.3850
 -68.6450 -36.3860
 -68.5950 -36.4860
 -68.5270 -36.5360
 -68.5280 -36.5390
 -68.5280 -36.5400
 -68.4040 -36.5420
 -68.4040 -36.5420
 -68.2880 -36.4960
 -68.2300 -36.4490
 -68.2300 -36.4490
 -68.2300 -36.4490
 -68.1320 -36.4560
 -67.9730 -36.5220
 -67.9730 -36.5220
 -67.8690 -36.5880
 -67.7580 -36.6570
 -67.6900 -36.7470
 -67.6900 -36.7470
 -67.6490 -36.8230
 -67.6460 -36.9220
 -67.6350 -36.9630
 -67.6450 -37.0170
 -67.6450 -37.0170
 -67.6630 -37.0930
 -67.6820 -37.1930
 -67.6980 -37.2830
 -67.7370 -37.4240
 -67.7720 -37.5090
 -67.8470 -37.5630
 -67.9940 -37.6060
 -68.1370 -37.6320
 -68.2000 -37.7310
 -68.2450 -37.8540
 -68.3090 -37.9360
 -68.3630 -37.9890
 -68.4530 -38.0010
 -68.5050 -37.9700
 -68.5920 -37.9030
 -68.6810 -37.8540
 -68.7780 -37.8190
 -68.9410 -37.8080
 -69.0800 -37.7910
 -69.2140 -37.7590
 -69.2350 -37.6440
 -69.1930 -37.5620
 -69.0320 -37.5080
 -68.8670 -37.4010
 -68.7700 -37.3030
 -68.8410 -37.1880
 -68.9610 -37.1250
 -69.1180 -37.0380
 -69.3380 -36.9970
 -69.5170 -37.0610
 -69.6890 -37.2050
 -69.6940 -37.2090
 -69.8050 -37.3180
 -69.8080 -37.3200
 -69.9200 -37.4840
 -69.9360 -37.6470
 -69.9210 -37.7680
 -69.9580 -37.9330
 -70.0060 -38.0350
 -70.0230 -38.1770
 -69.9930 -38.2970
 -69.9360 -38.4390
 -69.9240 -38.5570
 -69.9130 -38.6920
 -69.8810 -38.8250
 -69.8590 -38.9420
 -69.8420 -39.0320
 -69.7850 -39.0650
 -69.6540 -39.0980
 -69.5300 -39.1220
 -69.4700 -39.1920
 -69.4380 -39.3220
 -69.4000 -39.3920
 -69.3670 -39.4760
 -69.3420 -39.5410
 -69.3080 -39.6520
 -69.2870 -39.7580
 -69.2560 -39.8730
 -69.2560 -39.8730
 -69.2100 -39.9660
 -69.1610 -40.0440
 -69.2460 -40.0740
 -69.3790 -40.0740
 -69.4800 -40.0640
 -69.6060 -40.0710
 -69.7030 -40.1030
 -69.8350 -40.1250
 -69.9700 -40.1370
 -70.0770 -40.1160
 -70.1770 -40.0540
 -70.2660 -39.9800
 -70.3870 -39.8980
 -70.4900 -39.8430
 -70.5990 -39.8250
 -70.6720 -39.8760
 -70.6360 -39.9710
 -70.5430 -40.0150
 -70.3870 -40.0270
 -70.3520 -40.0790
 -70.3350 -40.1290
 -70.3370 -40.1630
 -70.3620 -40.2640
 -70.3860 -40.3370
 -70.4270 -40.4490
 -70.4810 -40.5580
 -70.5370 -40.6290
 -70.6350 -40.6630
 -70.7300 -40.6780
 -70.7550 -40.7350
 -70.7330 -40.7750
 -70.6990 -40.8310
 -70.6980 -40.9000
 -70.6740 -40.9540
 -70.5970 -41.0080
 -70.5530 -41.0340
 -70.5050 -41.0830
 -70.4400 -41.1000
 -70.3480 -41.0920
 -70.3060 -41.1230
 -70.2910 -41.1870
 -70.3390 -41.2610
 -70.3820 -41.3420
 -70.4420 -41.4220
 -70.5060 -41.4920
 -70.5810 -41.5300
 -70.6020 -41.6080
 -70.5960 -41.6820
 -70.5790 -41.7440
 -70.5720 -41.8380
 -70.6080 -41.8830
 -70.7130 -41.9110
 -70.8140 -41.9360
 -70.8780 -41.9750
 -70.9270 -42.0200
 -70.8630 -42.0720
 -70.8240 -42.1030
 -70.7990 -42.1570
 -70.8190 -42.2240
 -70.8740 -42.2470
 -70.9410 -42.2590
 -70.9730 -42.3010
 -71.0050 -42.3570
 -70.9900 -42.4340
 -70.9430 -42.4950
 -70.9210 -42.5560
 -70.9180 -42.6790
 -70.9260 -42.7570
 -70.9440 -42.8340
 -70.9630 -42.9560
 -70.9510 -43.0230
 -70.9180 -43.0770
 -70.8810 -43.1390
 -70.8310 -43.1960
 -70.8310 -43.2790
 -70.8580 -43.3460
 -70.9320 -43.3610
 -70.9890 -43.3880
 -71.0240 -43.4330
 -71.0470 -43.5040
 -71.0740 -43.5740
 -71.1420 -43.6500
 -71.1840 -43.7370
 -71.2040 -43.8450
 -71.2280 -43.9100
 -71.2070 -43.9640
 -71.2110 -44.0510
 -71.2150 -44.1170
 -71.2190 -44.1900
 -71.2090 -44.2800
 -71.2200 -44.3600
 -71.2390 -44.4100
 -71.2220 -44.4580
 -71.1880 -44.5120
 -71.1550 -44.5730
 -71.1420 -44.6390
 -71.0900 -44.6580
 -71.0150 -44.6380
 -70.9370 -44.6270
 -70.9060 -44.6690
 -70.9060 -44.7350
 -70.9800 -44.8520
 -71.0470 -44.9030
 -71.1530 -44.9820
 -71.3120 -45.0320
 -71.4380 -45.0760
 -71.5430 -45.1630
 -71.5970 -45.2530
 -71.5770 -45.3530
 -71.5620 -45.4230
 -71.5630 -45.4700
 -71.6160 -45.5370
 -71.7150 -45.6170
 -71.8120 -45.6780
 -71.8550 -45.7370
 -71.8900 -45.8540
 -71.9040 -45.9360
 -71.9130 -46.0030
 -71.9300 -46.1070
 -71.9310 -46.1750
 -71.9240 -46.2210
 -71.8580 -46.2790
 -71.8340 -46.3480
 -71.7890 -46.4300
 -71.7620 -46.5420
 -71.7880 -46.6230
 -71.7850 -46.7090
 -71.8080 -46.8160
 -71.8410 -46.9090
 -71.8600 -47.0250
 -71.9030 -47.1290
 -71.9190 -47.2480
 -71.9570 -47.3420
 -71.9830 -47.4710
 -71.9970 -47.5710
 -71.9930 -47.7090
 -71.9970 -47.8300
 -71.9940 -47.9670
 -72.0090 -48.1470
 -72.0420 -48.3300
 -72.0530 -48.4600
 -72.0570 -48.5340
 -72.0950 -48.6620
 -72.1680 -48.7610
 -72.2380 -48.8040
 -72.4170 -48.8660
 -72.5140 -48.9500
 -72.5420 -49.0650
 -72.4260 -49.1500
 -72.2540 -49.1910
 -72.1180 -49.2790
 -71.9990 -49.3880
 -71.9550 -49.4910
 -72.0100 -49.5750
 -72.1130 -49.5980
 -72.2920 -49.5910
 -72.3650 -49.6060
 -72.3980 -49.7160
 -72.4130 -49.8490
 -72.4230 -49.9580
 -72.4190 -50.0970
 -72.3920 -50.2250
 -72.3510 -50.4380
 -72.3170 -50.5180
 -72.2870 -50.6450
 -72.2260 -50.7560
 -72.1960 -50.8470
 -72.2050 -51.0100
 -72.2150 -51.1030
 -72.1810 -51.1920
 -72.1120 -51.2420
 -72.0630 -51.3090
 -72.0440 -51.4540
 -72.0570 -51.5580
 -72.1220 -51.6020
 -72.2660 -51.6200
 -72.3340 -51.7310
 -72.3300 -51.8690
 -72.2550 -51.9410
 -72.1960 -52.0140
 -72.1050 -52.0730
 -71.9880 -52.1120
 -71.7390 -52.1620
 -71.5770 -52.1820
 -71.4170 -52.2560
 -71.3340 -52.3360
 -71.2730 -52.4580
 -71.2010 -52.5530
 -71.1100 -52.6510
 -71.1040 -52.7560
 -70.9930 -52.7990
 -70.8690 -52.8280
>999 999
 -69.5660 -53.6220
 -69.4900 -53.7230
 -69.4900 -53.7230
 -69.3290 -53.7770
 -69.1220 -53.7970
 -68.9420 -53.8530
 -68.9420 -53.8550
 -68.7630 -53.9310
 -68.5460 -53.9840
 -68.3810 -54.0440
 -68.3060 -54.1240
 -68.3350 -54.2220
 -68.4580 -54.2860
 -68.5000 -54.4060
 -68.3580 -54.4840
 -68.1520 -54.5360
 -67.9630 -54.5530
 -67.6770 -54.5950
 -67.3240 -54.6480
 -67.0850 -54.6920
 -66.9220 -54.7720
 -66.8110 -54.8230
 -66.5530 -54.8720
 -66.4140 -54.8960
>999 999
