>99 10.0000
 -61.0833   8.4317
 -61.3568   8.3899
 -61.6253   8.4059
 -61.8920   8.4631
 -62.1457   8.4427
 -62.3610   8.4191
 -62.5270   8.3769
 -62.6251   8.2845
 -62.6615   8.2372
 -62.7538   8.1589
 -62.8628   8.0724
 -62.9581   8.0342
 -63.0592   8.0595
 -63.1576   8.0672
 -63.2986   8.0358
 -63.3963   7.9952
 -63.4905   7.9547
 -63.5409   7.8803
 -63.5839   7.7906
 -63.6542   7.7643
 -63.7287   7.7686
 -63.8039   7.7482
 -63.8847   7.6983
 -63.9705   7.6590
 -64.0394   7.6163
 -64.1099   7.5994
 -64.1945   7.6414
 -64.2660   7.6869
 -64.3467   7.7030
 -64.4291   7.6791
 -64.5175   7.6527
 -64.6115   7.6805
 -64.6609   7.6897
 -64.6884   7.6849
 -64.6875   7.6284
 -64.6861   7.5354
 -64.6680   7.4530
 -64.6516   7.4025
 -64.6532   7.3519
 -64.6779   7.3164
 -64.6917   7.2775
 -64.6752   7.2246
 -64.6831   7.1916
 -64.6967   7.1350
 -64.6961   7.0220
 -64.7441   6.9429
 -64.8185   6.8637
 -64.8951   6.8516
 -64.9579   6.8795
 -64.9973   6.9394
 -65.0556   6.9897
 -65.1142   7.0507
 -65.1713   7.1705
 -65.2133   7.2492
 -65.2442   7.3067
 -65.3359   7.3322
 -65.3991   7.3060
 -65.4597   7.2622
 -65.5246   7.1924
 -65.5729   7.1322
 -65.6249   7.0825
 -65.6720   7.0988
 -65.7114   7.1563
 -65.7607   7.1643
 -65.8410   7.1534
 -65.8798   7.0991
 -65.9374   7.0988
 -66.0187   7.1479
 -66.0701   7.2042
 -66.1081   7.2558
 -66.1284   7.3169
 -66.1710   7.3497
 -66.2223   7.3307
 -66.2981   7.3386
 -66.4054   7.3570
 -66.4371   7.3110
 -66.4311   7.2404
 -66.4699   7.1896
 -66.5283   7.1564
 -66.5393   7.0951
 -66.5512   7.0174
 -66.5670   6.9479
 -66.5961   6.8948
 -66.6183   6.8512
 -66.6245   6.7946
 -66.6394   6.7440
 -66.6564   6.6815
 -66.6696   6.6096
 -66.6984   6.5295
 -66.7196   6.5023
 -66.7757   6.4797
 -66.8370   6.4783
 -66.9200   6.4839
 -67.0183   6.4694
 -67.0773   6.4033
 -67.1399   6.3347
 -67.2147   6.2780
 -67.2749   6.2083
 -67.3399   6.1398
 -67.3809   6.0737
 -67.4088   6.0171
 -67.4050   5.9300
 -67.4499   5.8816
 -67.5047   5.8496
 -67.5671   5.8447
 -67.6371   5.8586
 -67.7259   5.8500
 -67.8105   5.8038
 -67.8771   5.7554
 -67.8771   5.7554
 -67.9354   5.6469
 -67.9378   5.6469
 -67.9881   5.5560
 -68.0152   5.4465
 -68.0460   5.3440
 -68.1134   5.1990
 -68.1721   5.1070
 -68.2313   4.9714
 -68.2923   4.8794
 -68.3687   4.7661
 -68.4489   4.6694
 -68.5172   4.5762
 -68.6072   4.4876
 -68.6779   4.3979
 -68.7402   4.3071
 -68.8120   4.2057
 -68.8644   4.0949
 -68.8644   4.0925
 -68.9135   4.0053
 -68.9685   3.9050
 -68.9684   3.9027
 -69.0269   3.7919
 -69.0809   3.7081
 -69.1213   3.5974
 -69.1629   3.4913
 -69.2070   3.3841
 -69.3012   3.2555
 -69.3707   3.1553
 -69.4222   3.0633
 -69.5017   2.9925
 -69.5762   2.9122
 -69.6411   2.8309
 -69.7138   2.7094
 -69.7138   2.7094
 -69.7726   2.6186
 -69.8219   2.5361
 -69.8804   2.4289
 -69.9700   2.3074
 -70.0515   2.1318
 -70.1025   2.0010
 -70.1529   1.9091
 -70.2136   1.7877
 -70.2469   1.6770
 -70.2561   1.5663
 -70.2778   1.3991
 -70.3130   1.2530
 -70.3481   1.0963
 -70.3829   0.9279
 -70.4273   0.7477
 -70.4503   0.5816
 -70.4676   0.4391
 -70.4611   0.3143
 -70.4454   0.2166
 -70.4454   0.2166
 -70.4170   0.0707
 -70.3498  -0.1093
 -70.2935  -0.2800
 -70.2437  -0.4153
 -70.1424  -0.5470
 -70.0380  -0.6398
 -69.9484  -0.7091
 -69.8325  -0.8596
 -69.7088  -0.9700
 -69.5730  -1.0899
 -69.4437  -1.1744
 -69.3200  -1.2871
 -69.2172  -1.3705
 -69.0365  -1.4467
 -68.8912  -1.4699
 -68.7524  -1.4495
 -68.6098  -1.4492
 -68.4791  -1.4594
 -68.3376  -1.4673
 -68.1710  -1.4763
 -67.9475  -1.4297
 -67.8248  -1.3775
 -67.7130  -1.3030
 -67.6129  -1.2556
 -67.4530  -1.2033
 -67.3193  -1.1711
-67.1 -1.1
-66.7 -0.9
-66.5 -0.6
-66.2 -0.3
-66.0 -0.25
-65.908 -0.268
-65.916 -0.268
-65.850 -0.282
-65.705 -0.303
-65.503 -0.302
-65.445 -0.323
-65.307 -0.380
-65.205 -0.409
-64.966 -0.408
-64.807 -0.429
-64.631 -0.399
-64.591 -0.334
-64.513 -0.277
-64.354 -0.226
-64.184 -0.225
-64.159 -0.167
-64.189 -0.107
-64.298 -0.067
-64.444 0.0325
-64.459 0.1401
-64.498 0.3414
-64.500 0.5135
-64.447 0.6467
-64.467 0.7294
-64.461 0.8158
-64.388 0.8374
-64.280 0.8270
-64.178 0.7809
-64.096 0.8498
-63.987 0.8468
-63.952 0.9149
-63.946 1.0554
-63.827 1.0773
-63.743 0.9844
-63.623 0.9706
-63.528 0.8921
-63.389 0.8063
-63.302 0.7848
-63.208 0.7494
-63.121 0.7855
-63.034 0.7790
-62.990 0.7071
-62.867 0.6932
-62.824 0.7798
-62.724 0.8522
-62.572 0.8851
-62.435 0.8533
-62.386 0.9971
-62.300 1.0914
-62.171 1.1565
-62.066 1.1678
-61.998 1.2361
-61.908 1.3126
-61.800 1.3090
-61.637 1.3275
-61.478 1.3823
-61.326 1.3506
-61.242 1.2031
-61.078 1.1713
-60.974 1.2438
-60.844 1.2731
-60.739 1.2047
-60.690 1.0172
-60.620 0.9382
-60.605 0.8447
-60.644 0.7689
-60.719 0.7144
-60.772 0.5842
-60.796 0.4397
-60.889 0.3604
-60.925 0.2447
-61.029 0.2196
-61.174 0.2297
-61.256 0.1718
-61.248 0.0637
-61.305 -0.023
-61.312 -0.138
-61.369 -0.210
-61.375 -0.354
-61.309 -0.506
-61.316 -0.571
-61.374 -0.607
-61.481 -0.723
-61.530 -0.882
-61.537 -1.091
-61.594 -1.243
 -61.5122  -1.5240
 -61.3388  -1.6373
 -61.0952  -1.7455
 -60.8470  -1.8442
 -60.6441  -1.9443
 -60.4140  -2.0231
 -60.0677  -2.0705
 -59.6779  -2.0397
 -59.4262  -1.9980
 -59.1368  -1.8995
 -58.9238  -1.7508
 -58.6751  -1.5959
 -58.4416  -1.5011
 -58.2293  -1.4537
 -58.0455  -1.4135
 -57.9388  -1.3679
 -57.8207  -1.2610
 -57.7571  -1.1568
 -57.6766  -1.1138
 -57.5650  -1.1154
 -57.4784  -1.1100
 -57.3703  -1.1257
 -57.3087  -1.1087
 -57.2234  -1.0610
 -57.1356  -1.0603
 -57.0691  -1.0810
 -56.9886  -1.0344
 -56.9118  -0.9737
 -56.8596  -0.9839
 -56.8084  -1.0189
 -56.6825  -1.0391
 -56.5971  -1.0349
 -56.5140  -1.0602
 -56.3942  -1.0664
 -56.3017  -1.0751
 -56.1889  -1.1095
 -56.1235  -1.1479
 -56.0713  -1.1640
 -56.0062  -1.1422
 -55.9458  -1.1382
 -55.8877  -1.1307
 -55.8108  -1.1029
 -55.7018  -1.0879
 -55.6141  -1.0919
 -55.5216  -1.1112
 -55.4374  -1.1222
 -55.3318  -1.1685
 -55.2831  -1.2105
 -55.2438  -1.2668
 -55.1939  -1.2982
 -55.1430  -1.3001
 -55.0719  -1.2995
 -55.0031  -1.3272
 -54.9497  -1.3692
 -54.8751  -1.3698
 -54.7792  -1.3642
 -54.6870  -1.3198
 -54.5769  -1.3330
 -54.4786  -1.3416
 -54.4004  -1.3822
 -54.3388  -1.3910
 -54.2939  -1.3624
 -54.2444  -1.2853
 -54.1914  -1.2294
 -54.1346  -1.2101
 -54.0650  -1.1587
 -53.9881  -1.1298
 -53.9032  -1.0512
 -53.8028  -0.9984
 -53.6799  -0.9549
 -53.6184  -0.9248
 -53.5511  -0.8818
 -53.4790  -0.8634
 -53.4270  -0.8547
 -53.3739  -0.8059
 -53.3018  -0.7746
 -53.2252  -0.6996
 -53.1497  -0.6446
 -53.0706  -0.5885
 -52.9690  -0.5569
 -52.8603  -0.5169
 -52.7587  -0.4830
 -52.6842  -0.4705
 -52.5991  -0.4626
 -52.4952  -0.4309
 -52.4185  -0.3854
 -52.2933  -0.3229
 -52.1658  -0.2898
 -52.0417  -0.2662
 -51.9212  -0.2461
 -51.7416  -0.2785
 -51.6566  -0.2493
 -51.5930  -0.1685
 -51.5283  -0.0500
 -51.4730   0.0685
 -51.4108   0.2224
 -51.3509   0.3597
 -51.3323   0.4743
 -51.3243   0.5710
 -51.3246   0.6512
 -51.2977   0.7540
 -51.2376   0.8183
 -51.1292   0.9208
 -51.0987   1.0048
 -51.0660   1.1231
 -51.0286   1.2602
 -51.0158   1.3216
 -50.9771   1.4270
 -50.8711   1.5283
 -50.8193   1.5972
 -50.7784   1.7332
 -50.7552   1.8631
 -50.7426   1.9882
 -50.6969   2.0747
>99 -2.3654
 -50.0291  -3.5377
 -50.1268  -3.4432
 -50.1762  -3.3552
 -50.2609  -3.2524
 -50.3457  -3.2084
 -50.4717  -3.2227
 -50.6143  -3.2077
 -50.7698  -3.2034
 -50.8959  -3.1776
 -50.9996  -3.1315
 -51.0833  -3.0816
 -51.2048  -3.0333
 -51.2920  -2.9634
 -51.3663  -2.9312
 -51.4642  -2.9262
 -51.5420  -2.9754
 -51.5739  -3.0229
 -51.6482  -3.1120
 -51.7036  -3.1680
 -51.7755  -3.2277
 -51.8711  -3.2569
 -51.9595  -3.2766
 -52.0574  -3.3165
 -52.1789  -3.3648
 -52.2710  -3.4294
 -52.3323  -3.5090
 -52.4066  -3.5451
 -52.4562  -3.5739
 -52.4739  -3.5894
 -52.5376  -3.6418
 -52.6025  -3.6778
 -52.6614  -3.6984
 -52.7169  -3.7072
 -52.7830  -3.7220
 -52.8562  -3.7451
 -52.9152  -3.7586
 -52.9706  -3.8063
 -53.0237  -3.8586
 -53.1122  -3.9043
 -53.1878  -3.9179
 -53.2870  -3.9306
 -53.3779  -3.9409
 -53.4499  -3.9356
 -53.5916  -3.9581
 -53.6825  -3.9436
 -53.7593  -3.9596
 -53.8136  -4.0179
 -53.8773  -4.0786
 -53.9871  -4.1350
 -54.1111  -4.1408
 -54.2470  -4.1537
 -54.3486  -4.1688
 -54.4573  -4.1992
 -54.5542  -4.2130
 -54.6700  -4.2210
 -54.7515  -4.2371
 -54.8709  -4.2723
 -54.9761  -4.2613
 -55.0494  -4.2395
 -55.1535  -4.2428
 -55.1535  -4.2428
 -55.2599  -4.2460
 -55.3770  -4.2411
 -55.4527  -4.2205
 -55.5011  -4.2385
 -55.5496  -4.2778
 -55.6465  -4.3305
 -55.7730  -4.3574
 -55.8700  -4.3724
 -55.9172  -4.4234
 -56.0059  -4.4595
 -56.1183  -4.4604
 -56.2059  -4.4693
 -56.3324  -4.5151
 -56.4247  -4.5465
 -56.5465  -4.5769
 -56.6517  -4.6449
 -56.7688  -4.6894
 -56.8670  -4.7160
 -56.9664  -4.7427
 -57.0528  -4.7693
 -57.0812  -4.7919
 -57.1379  -4.8312
 -57.2575  -4.8451
 -57.3250  -4.8538
 -57.3735  -4.8801
 -57.4315  -4.8829
 -57.4919  -4.9128
 -57.5273  -4.9625
 -57.5745  -5.0301
 -57.5921  -5.0927
 -57.6300  -5.1330
 -57.7129  -5.1372
 -57.7567  -5.1304
 -57.7934  -5.1247
 -57.8325  -5.1368
 -57.8953  -5.1502
 -57.9557  -5.1365
 -57.9925  -5.0919
 -58.0234  -5.0603
 -58.0803  -5.0607
 -58.1442  -5.1060
 -58.2092  -5.1677
 -58.2837  -5.2107
 -58.3607  -5.2430
 -58.4756  -5.2756
 -58.5241  -5.3137
 -58.5618  -5.3823
 -58.6376  -5.4347
 -58.7358  -5.4872
 -58.8294  -5.5114
 -58.9087  -5.5496
 -58.9786  -5.5772
 -59.0626  -5.6319
 -59.1444  -5.6513
 -59.2202  -5.6671
 -59.3209  -5.6902
 -59.4122  -5.7108
 -59.5047  -5.7055
 -59.5571  -5.6469
 -59.5704  -5.5515
 -59.5990  -5.4998
 -59.6405  -5.5095
 -59.6771  -5.5875
 -59.7326  -5.6586
 -59.7881  -5.7343
 -59.8045  -5.8276
 -59.8302  -5.9468
 -59.8715  -6.0508
 -59.9282  -6.1242
 -60.0075  -6.2048
 -60.0677  -6.3066
 -60.0722  -6.4139
 -60.1230  -6.4696
 -60.1895  -6.4546
 -60.2027  -6.3981
 -60.2443  -6.3654
 -60.3000  -6.3681
 -60.3248  -6.4283
 -60.3376  -6.5168
 -60.3432  -6.6277
 -60.3513  -6.7114
 -60.3522  -6.8234
 -60.3936  -6.9168
 -60.4716  -7.0339
 -60.5603  -7.1205
 -60.6266  -7.2022
 -60.7011  -7.2910
 -60.7603  -7.3197
 -60.8350  -7.3378
 -60.9287  -7.3642
 -61.0152  -7.3977
 -61.0827  -7.4370
 -61.1597  -7.4893
 -61.2296  -7.5533
 -61.2888  -7.6031
 -61.3528  -7.6412
 -61.4477  -7.6712
 -61.5509  -7.6717
 -61.6708  -7.6629
 -61.7608  -7.7258
 -61.8307  -7.7934
 -61.9386  -7.8623
 -62.0085  -7.8921
 -62.1463  -7.8869
 -62.2211  -7.8696
 -62.2865  -7.8499
 -62.4230  -7.8505
 -62.5548  -7.8830
 -62.6807  -7.8836
 -62.8220  -7.8889
 -62.9324  -7.9048
 -63.0393  -7.9229
 -63.1426  -7.9623
 -63.2469  -8.0288
 -63.3371  -8.0834
 -63.4319  -8.1746
 -63.5350  -8.2611
 -63.6346  -8.3275
 -63.7450  -8.3928
 -63.8351  -8.4439
 -63.9480  -8.4596
 -64.0360  -8.4624
 -64.1454  -8.4380
 -64.2215  -8.4619
 -64.3021  -8.5235
 -64.3399  -8.5944
 -64.3871  -8.7030
 -64.4998  -8.7836
 -64.5865  -8.8252
 -64.6958  -8.8398
 -64.8351  -8.8238
 -64.9446  -8.7817
 -65.0235  -8.7019
 -65.0798  -8.5948
 -65.1419  -8.5172
 -65.2018  -8.4161
 -65.2807  -8.3457
 -65.3439  -8.3011
 -65.4334  -8.2495
 -65.5313  -8.1803
 -65.6351  -8.1489
 -65.7575  -8.1988
 -65.8978  -8.2546
 -66.0000  -8.2927
 -66.1294  -8.3874
 -66.2325  -8.4985
 -66.2325  -8.5008
 -66.3406  -8.5766
 -66.3406  -8.5766
 -66.4283  -8.6652
 -66.4900  -8.7314
 -66.6075  -8.8202
 -66.7048  -8.9112
 -66.8069  -8.9952
 -66.8734  -9.0531
 -66.9243  -9.1275
 -66.9371  -9.1876
 -66.9190  -9.2453
 -66.9081  -9.2877
 -66.9102  -9.3655
 -66.8921  -9.4056
 -66.8921  -9.4056
 -66.8443  -9.4455
 -66.7572  -9.4865
 -66.6749  -9.5181
 -66.5486  -9.5283
 -66.3985  -9.5550
 -66.2710  -9.5971
 -66.1506  -9.6462
 -66.0420  -9.7119
 -65.9906  -9.7883
 -65.9474  -9.8872
 -65.9370 -10.0200
 -65.9330 -10.1770
 -65.8830 -10.2360
 -65.8140 -10.3030
 -65.7630 -10.4070
 -65.7440 -10.4850
 -65.6980 -10.5180
 -65.6750 -10.6010
 -65.6410 -10.7390
 -65.6270 -10.8310
 -65.6140 -10.9430
 -65.5550 -11.0440
 -65.5050 -11.1770
 -65.4700 -11.3270
 -65.4360 -11.4980
 -65.4170 -11.7050
 -65.4050 -11.8590
 -65.3800 -11.9440
 -65.3270 -12.0230
 -65.3170 -12.1130
 -65.2720 -12.1930
 -65.1980 -12.2960
 -65.1600 -12.3560
 -65.0940 -12.3770
 -65.0360 -12.3900
 -64.9990 -12.4110
 -64.8810 -12.4890
 -64.7460 -12.5730
 -64.5610 -12.6250
 -64.4430 -12.6190
 -64.3780 -12.5670
 -64.3260 -12.5560
 -64.2680 -12.5510
 -64.1950 -12.4790
 -64.1220 -12.4380
 -64.0190 -12.4340
 -63.8650 -12.4500
 -63.7980 -12.5150
 -63.7740 -12.5770
 -63.7660 -12.6290
 -63.7740 -12.6870
 -63.6790 -12.8290
 -63.6100 -12.8980
 -63.5420 -12.9690
 -63.4800 -13.0530
 -63.4330 -13.1300
 -63.4230 -13.2400
 -63.4340 -13.3620
 -63.4940 -13.5120
 -63.5510 -13.6170
 -63.5940 -13.7530
 -63.6100 -13.8390
 -63.6150 -13.9610
 -63.5940 -14.0750
 -63.5600 -14.1880
 -63.5430 -14.2730
 -63.5300 -14.3500
 -63.5060 -14.4590
 -63.5040 -14.5460
 -63.5230 -14.6290
 -63.5290 -14.7080
 -63.5310 -14.7530
 -63.5530 -14.7700
 -63.5770 -14.7940
 -63.5840 -14.8460
 -63.5780 -14.9110
 -63.5720 -14.9580
 -63.5560 -14.9940
 -63.5030 -15.0260
 -63.4630 -15.0540
 -63.4170 -15.0600
 -63.3870 -15.0220
 -63.3530 -15.0040
 -63.3350 -15.0170
 -63.3130 -15.0820
 -63.2890 -15.1360
 -63.2710 -15.1820
 -63.2930 -15.2110
 -63.2970 -15.2660
 -63.2930 -15.3400
 -63.2650 -15.3910
 -63.1860 -15.4250
 -63.1550 -15.4810
 -63.1330 -15.5670
 -63.1520 -15.6130
 -63.2040 -15.6280
 -63.2540 -15.6560
 -63.2710 -15.7090
 -63.2670 -15.8090
 -63.2230 -15.8970
 -63.1740 -16.0070
 -63.1060 -16.1050
 -63.1060 -16.1050
 -63.0260 -16.1740
 -62.9700 -16.2470
 -62.9560 -16.2950
 -62.9250 -16.3350
 -62.8890 -16.3560
 -62.8620 -16.3860
 -62.8260 -16.4100
 -62.7710 -16.4170
 -62.7120 -16.4190
 -62.6900 -16.4600
 -62.6610 -16.5010
 -62.6210 -16.5030
 -62.5670 -16.5190
 -62.5000 -16.6110
 -62.4580 -16.7000
 -62.4260 -16.7850
 -62.3830 -16.8360
 -62.2850 -16.8840
 -62.1860 -16.9540
 -62.0980 -16.9800
 -61.9990 -17.0380
 -61.9080 -17.0620
 -61.7810 -17.0810
 -61.6700 -17.1300
 -61.5320 -17.2140
 -61.4700 -17.2410
 -61.3770 -17.2380
 -61.3160 -17.2250
 -61.2780 -17.1700
 -61.2610 -17.1160
 -61.2150 -17.1110
 -61.1730 -17.1770
 -61.1390 -17.2490
 -61.1070 -17.2840
 -61.0430 -17.2980
 -60.9940 -17.2930
 -60.9500 -17.2770
 -60.9170 -17.2780
 -60.8930 -17.3130
 -60.8560 -17.3500
 -60.7840 -17.3860
 -60.7120 -17.3890
 -60.6540 -17.4030
 -60.6130 -17.4350
 -60.5260 -17.4580
 -60.4540 -17.4610
 -60.3780 -17.4690
 -60.3220 -17.4950
 -60.2680 -17.5340
 -60.2070 -17.5520
 -60.1140 -17.5610
 -60.0460 -17.5700
 -59.9700 -17.5960
 -59.8850 -17.6400
 -59.7880 -17.6920
 -59.7210 -17.7090
 -59.6020 -17.7190
 -59.5040 -17.7650
 -59.4160 -17.7970
 -59.3220 -17.8260
 -59.2520 -17.8540
 -59.2390 -17.8990
 -59.2360 -17.9480
 -59.1550 -17.9900
 -59.0460 -18.0170
 -58.9070 -18.0780
 -58.7880 -18.1190
 -58.6760 -18.1730
 -58.5790 -18.1990
 -58.4960 -18.2380
 -58.4570 -18.2820
 -58.4440 -18.3400
 -58.4380 -18.4160
 -58.4380 -18.4870
 -58.4110 -18.5340
 -58.3380 -18.5940
 -58.2580 -18.6690
 -58.2050 -18.7390
 -58.1890 -18.8330
 -58.2510 -18.9040
 -58.2940 -18.9600
 -58.3140 -19.0220
 -58.3120 -19.1420
 -58.2570 -19.2240
 -58.1870 -19.3030
 -58.0570 -19.3540
 -57.9190 -19.3470
 -57.7740 -19.3330
 -57.7090 -19.3550
 -57.5950 -19.4120
 -57.4840 -19.4590
 -57.3900 -19.5520
 -57.3290 -19.6410
 -57.2740 -19.7110
 -57.2190 -19.8120
 -57.1610 -19.8890
 -57.1090 -19.9620
 -57.0500 -20.0640
 -57.0000 -20.1370
 -56.9480 -20.2230
 -56.9290 -20.3510
 -56.9580 -20.4530
 -57.0090 -20.5460
 -57.0830 -20.6190
 -57.1500 -20.6900
 -57.1940 -20.8010
 -57.2700 -20.8490
 -57.3000 -20.9100
 -57.3030 -21.0020
 -57.2970 -21.0540
 -57.3080 -21.0930
 -57.3430 -21.1420
 -57.4410 -21.2210
 -57.5090 -21.2790
 -57.5640 -21.3560
 -57.6160 -21.4670
 -57.6700 -21.5630
 -57.6700 -21.6800
 -57.6420 -21.7610
 -57.6320 -21.8240
 -57.6070 -21.8910
 -57.5830 -21.9400
 -57.5890 -21.9980
 -57.6080 -22.0570
 -57.6090 -22.1270
 -57.6210 -22.2160
 -57.6300 -22.2970
 -57.6240 -22.4020
 -57.5900 -22.5350
 -57.5480 -22.6220
 -57.4860 -22.7070
 -57.3880 -22.7830
 -57.3130 -22.8190
 -57.2230 -22.8120
 -57.1160 -22.8000
 -57.0310 -22.7170
 -56.9590 -22.6680
 -56.8880 -22.5940
 -56.8410 -22.5200
 -56.7900 -22.4310
 -56.7540 -22.3090
 -56.7170 -22.2540
 -56.6240 -22.2160
 -56.5910 -22.1790
 -56.5750 -22.0970
 -56.5520 -22.0060
 -56.5400 -21.8930
 -56.5220 -21.8270
 -56.5360 -21.7950
 -56.5800 -21.7720
 -56.6010 -21.7350
 -56.5820 -21.6600
 -56.4950 -21.5150
 -56.4330 -21.4230
 -56.3730 -21.3590
 -56.2930 -21.3030
 -56.2070 -21.1850
 -56.1600 -21.0930
 -56.1170 -21.0640
 -56.0400 -20.9850
 -56.0030 -20.8750
 -55.9600 -20.8130
 -55.8960 -20.6990
 -55.8510 -20.6030
 -55.8110 -20.5000
 -55.7580 -20.3790
 -55.6980 -20.3080
 -55.5950 -20.2450
 -55.5260 -20.2050
 -55.4650 -20.1050
 -55.3930 -20.0220
 -55.3210 -19.9320
 -55.3190 -19.8810
 -55.3820 -19.8760
 -55.3880 -19.8460
 -55.3880 -19.8460
 -55.3300 -19.7670
 -55.2940 -19.6860
 -55.2520 -19.6170
 -55.1830 -19.5340
 -55.1130 -19.4080
 -55.0660 -19.3080
 -55.0360 -19.2280
 -55.0310 -19.1700
 -55.0410 -19.0560
 -55.0400 -18.9540
 -55.0380 -18.8880
 -55.0310 -18.8180
 -55.0000 -18.7460
 -54.9780 -18.7000
 -54.9830 -18.6570
 -54.9780 -18.6030
 -54.9600 -18.5270
 -54.9240 -18.4790
 -54.9030 -18.4340
 -54.8800 -18.3870
 -54.8360 -18.3790
 -54.8210 -18.3430
 -54.8390 -18.3010
 -54.8420 -18.2490
 -54.8280 -18.2080
 -54.7920 -18.1800
 -54.7650 -18.0950
 -54.7250 -18.0180
 -54.7050 -17.9510
 -54.7230 -17.8620
 -54.7560 -17.7820
 -54.7800 -17.7080
 -54.7970 -17.6040
 -54.7980 -17.5410
 -54.7530 -17.4610
 -54.7010 -17.3410
 -54.6780 -17.2670
 -54.6680 -17.1840
 -54.6670 -17.0930
 -54.6800 -17.0290
 -54.6930 -16.9270
 -54.7040 -16.8570
 -54.7210 -16.7720
 -54.7410 -16.6760
 -54.7430 -16.6200
 -54.7350 -16.5500
 -54.7550 -16.5010
 -54.8100 -16.4910
 -54.8610 -16.5180
 -54.9010 -16.5280
 -54.9310 -16.5110
 -54.9860 -16.5350
 -55.0440 -16.5610
 -55.0830 -16.5560
 -55.1030 -16.5230
 -55.1070 -16.4300
 -55.1080 -16.3760
 -55.1170 -16.3270
 -55.1550 -16.2690
 -55.1720 -16.1980
 -55.1740 -16.1110
 -55.1640 -15.9940
 -55.1530 -15.9030
 -55.1500 -15.8440
 -55.1430 -15.7690
 -55.1380 -15.7120
 -55.1450 -15.6880
 -55.1940 -15.6660
 -55.2660 -15.6240
 -55.3180 -15.5540
 -55.3500 -15.5060
 -55.4240 -15.4690
 -55.5240 -15.4450
 -55.5940 -15.4320
 -55.6700 -15.4140
 -55.7530 -15.4010
 -55.8350 -15.3380
 -55.9140 -15.2760
 -55.9450 -15.2420
 -55.9330 -15.1930
 -55.9200 -15.1320
 -55.9200 -15.0770
 -55.8850 -15.0480
 -55.8240 -15.0350
 -55.7670 -15.0390
 -55.6820 -15.0070
 -55.6000 -15.0000
 -55.5040 -14.9990
 -55.3870 -14.9840
 -55.2610 -14.9770
 -55.1630 -14.9710
 -55.0700 -14.9790
 -54.9950 -14.9630
 -54.9450 -14.9620
 -54.9080 -14.9680
 -54.8180 -14.9600
 -54.7780 -14.9150
 -54.7310 -14.8870
 -54.6740 -14.8690
 -54.6150 -14.7890
 -54.5730 -14.7210
 -54.4960 -14.6920
 -54.4160 -14.6830
 -54.3570 -14.6380
 -54.3090 -14.6000
 -54.2160 -14.5690
 -54.1380 -14.5410
 -54.0770 -14.4990
 -53.9950 -14.4640
 -53.9050 -14.4360
 -53.7820 -14.4310
 -53.7190 -14.4560
 -53.6930 -14.5010
 -53.6860 -14.5900
 -53.7150 -14.6530
 -53.7130 -14.6970
 -53.6820 -14.7060
 -53.6340 -14.6790
 -53.5600 -14.6350
 -53.5030 -14.5720
 -53.4490 -14.5270
 -53.4000 -14.5190
 -53.3530 -14.5430
 -53.2860 -14.5430
 -53.2490 -14.4980
 -53.2220 -14.4670
 -53.1930 -14.4480
 -53.1700 -14.4470
 -53.1510 -14.4770
 -53.1100 -14.5030
 -53.0440 -14.5120
 -52.9710 -14.5020
 -52.8890 -14.5150
 -52.8390 -14.5500
 -52.7750 -14.5990
 -52.7310 -14.6280
 -52.7150 -14.6730
 -52.7170 -14.7180
 -52.6840 -14.7660
 -52.6320 -14.8140
 -52.5980 -14.8430
 -52.5930 -14.8790
 -52.5310 -14.9120
 -52.4820 -14.9020
 -52.4420 -14.9030
 -52.4170 -14.9210
 -52.4160 -14.9740
 -52.4210 -15.0580
 -52.4300 -15.1000
 -52.4310 -15.1560
 -52.4220 -15.2120
 -52.4030 -15.2880
 -52.3870 -15.3320
 -52.3410 -15.3510
 -52.2840 -15.3670
 -52.2320 -15.3530
 -52.2030 -15.3700
 -52.1950 -15.4090
 -52.1960 -15.4560
 -52.2260 -15.5020
 -52.2530 -15.5450
 -52.2770 -15.6000
 -52.2920 -15.6700
 -52.2750 -15.7630
 -52.2320 -15.8330
 -52.2050 -15.9000
 -52.1590 -15.9800
 -52.1030 -16.0210
 -52.0590 -16.0380
 -52.0030 -16.0500
 -51.9860 -16.0660
 -51.9910 -16.1110
 -52.0290 -16.1710
 -52.0900 -16.2260
 -52.1140 -16.2810
 -52.0530 -16.3480
 -52.0180 -16.3920
 -51.9610 -16.4160
 -51.9130 -16.4270
 -51.8810 -16.4620
 -51.8470 -16.4910
 -51.7930 -16.4960
 -51.7570 -16.4870
 -51.6830 -16.4770
 -51.6430 -16.4610
 -51.6020 -16.4310
 -51.5250 -16.4050
 -51.4750 -16.3480
 -51.4540 -16.3220
 -51.4420 -16.2860
 -51.3840 -16.2680
 -51.3240 -16.2820
 -51.2770 -16.3150
 -51.2430 -16.4000
 -51.2240 -16.4390
 -51.1830 -16.4570
 -51.1750 -16.5070
 -51.1640 -16.5650
 -51.1370 -16.6110
 -51.1100 -16.6730
 -51.0230 -16.7400
 -50.9280 -16.7820
 -50.7820 -16.7840
 -50.7360 -16.7760
 -50.4720 -16.9460
 -50.4420 -16.9840
 -50.4080 -17.0100
 -50.3320 -17.0390
 -50.2970 -17.0940
 -50.3100 -17.1420
 -50.2570 -17.2590
 -50.2250 -17.3160
 -50.2020 -17.3860
 -50.1660 -17.4470
 -50.1210 -17.5040
 -50.0820 -17.5710
 -50.0510 -17.6410
 -50.0510 -17.6410
 -50.0280 -17.7140
 -50.0100 -17.7830
 -49.9440 -17.8280
 -49.8850 -17.7760
 -49.8060 -17.7270
 -49.7250 -17.6830
 -49.7250 -17.6830
 -49.6080 -17.7010
 -49.5680 -17.7690
 -49.5190 -17.8270
 -49.5050 -17.8840
 -49.5050 -17.8840
 -49.4750 -17.9310
 -49.3980 -17.9380
 -49.3380 -17.9420
 -49.2410 -17.9880
 -49.1720 -18.0000
 -49.1720 -18.0020
 -49.0910 -18.0370
 -48.9710 -18.1690
 -48.9400 -18.2420
 -48.9570 -18.2930
 -48.9720 -18.3490
 -48.9030 -18.4250
 -48.8090 -18.4300
 -48.7000 -18.4350
 -48.5980 -18.4750
 -48.4740 -18.5110
 -48.4240 -18.5120
 -48.4250 -18.5050
 -48.4190 -18.4590
 -48.3990 -18.4270
 -48.2900 -18.4420
 -48.2900 -18.4430
 -48.1880 -18.4500
 -48.0400 -18.4530
 -47.9900 -18.5450
 -47.8420 -18.6700
 -47.8270 -18.7190
 -47.7910 -18.7890
 -47.7460 -18.8610
 -47.6900 -18.9080
 -47.6900 -18.9080
 -47.5540 -19.0730
 -47.3010 -19.3050
 -47.2310 -19.3360
 -47.2310 -19.3360
 -47.1790 -19.5020
 -47.1740 -19.5920
 -47.1660 -19.6340
 -47.1970 -19.7390
 -47.2380 -19.7970
 -47.2500 -19.8480
 -47.2020 -19.9340
 -47.2200 -19.9700
 -47.2690 -19.9860
 -47.3340 -19.9730
 -47.3760 -19.9870
 -47.3900 -20.0350
 -47.3620 -20.0840
 -47.2760 -20.1680
 -47.2000 -20.2390
 -47.1310 -20.3120
 -47.0810 -20.3700
 -47.0810 -20.3720
 -47.0130 -20.4010
 -46.9680 -20.4450
 -46.9230 -20.4770
 -46.7940 -21.0060
 -46.7750 -21.2620
 -46.8090 -21.2950
 -46.8500 -21.3660
 -46.8760 -21.3920
 -46.8950 -21.4220
 -46.8970 -21.4540
 -46.8860 -21.5230
 -46.8700 -21.5790
 -46.8540 -21.6360
 -46.8360 -21.7000
 -46.8230 -21.7630
 -46.8000 -21.8330
 -46.7740 -21.9350
 -46.7600 -22.0040
 -46.7570 -22.0660
 -46.7480 -22.1160
 -46.7450 -22.2050
 -46.7560 -22.2390
 -46.7930 -22.3000
 -46.8500 -22.3520
 -46.8750 -22.4640
 -46.8920 -22.5400
 -46.8930 -22.5830
 -46.9040 -22.6640
 -46.9460 -22.7170
 -46.9730 -22.7640
 -46.9960 -22.8060
 -46.9790 -22.8740
 -46.9880 -22.9450
 -47.0390 -23.0360
 -47.0750 -23.1240
 -47.1000 -23.1960
 -47.1440 -23.2260
 -47.1900 -23.2470
 -47.2660 -23.2620
 -47.2720 -23.2950
 -47.2550 -23.3400
 -47.3180 -23.4160
 -47.3660 -23.4640
 -47.4110 -23.4960
 -47.4440 -23.5490
 -47.5140 -23.6110
 -47.5690 -23.6630
 -47.6180 -23.6950
 -47.6600 -23.7250
 -47.6790 -23.7630
 -47.6760 -23.8310
 -47.7230 -23.9150
 -47.7620 -23.9550
 -47.8190 -23.9640
 -47.8760 -23.9790
 -47.9670 -24.0020
 -48.0290 -24.0110
 -48.1000 -24.0270
 -48.1650 -24.0460
 -48.2530 -24.0540
 -48.3010 -24.0570
 -48.3440 -24.0730
 -48.3960 -24.1070
 -48.4860 -24.1310
 -48.5640 -24.1300
 -48.6380 -24.1240
 -48.7240 -24.1240
 -48.7870 -24.1180
 -48.8470 -24.1280
 -48.9050 -24.1320
 -48.9550 -24.1290
 -48.9890 -24.1470
 -49.0030 -24.2070
 -49.0450 -24.2190
 -49.0700 -24.2320
 -49.0790 -24.2680
 -49.1150 -24.2950
 -49.1410 -24.2910
 -49.1880 -24.2980
 -49.2210 -24.3310
 -49.2770 -24.3500
 -49.3080 -24.3450
 -49.3350 -24.3230
 -49.3750 -24.3280
 -49.4110 -24.3510
 -49.4730 -24.3640
 -49.5400 -24.3620
 -49.6040 -24.3590
 -49.6540 -24.3450
 -49.7190 -24.3520
 -49.7630 -24.3810
 -49.8390 -24.3860
 -49.8860 -24.4070
 -49.9560 -24.4520
 -50.0340 -24.5100
 -50.0960 -24.5590
 -50.1310 -24.5990
 -50.1690 -24.6300
 -50.2480 -24.6590
 -50.2880 -24.7010
 -50.3020 -24.7650
 -50.3040 -24.8130
 -50.2660 -24.8440
 -50.2300 -24.8610
 -50.1880 -24.8870
 -50.1620 -24.9440
 -50.1470 -25.0040
 -50.1110 -25.0540
 -50.0740 -25.1080
 -50.0420 -25.1600
 -50.0070 -25.2140
 -49.9710 -25.2470
 -49.9420 -25.2830
 -49.8870 -25.3190
 -49.8410 -25.3530
 -49.8150 -25.3980
 -49.7930 -25.4540
 -49.8100 -25.5130
 -49.8300 -25.5660
 -49.8470 -25.6450
 -49.8330 -25.7150
 -49.7970 -25.7560
 -49.7600 -25.7800
 -49.7500 -25.8430
 -49.7300 -25.9140
 -49.6860 -25.9650
 -49.6500 -26.0020
 -49.6060 -26.0390
 -49.5830 -26.1450
 -49.5780 -26.2190
 -49.5930 -26.3100
 -49.6030 -26.3890
 -49.6310 -26.4440
 -49.6640 -26.4740
 -49.6410 -26.5720
 -49.6130 -26.6060
 -49.5550 -26.6210
 -49.5040 -26.6520
 -49.5000 -26.7010
 -49.5320 -26.7350
 -49.5210 -26.7850
 -49.5720 -26.8070
 -49.5830 -26.8530
 -49.5890 -26.8910
 -49.5610 -26.9270
 -49.5100 -26.9260
 -49.4650 -26.9410
 -49.4730 -26.9880
 -49.5810 -27.0600
 -49.6300 -27.1090
 -49.6610 -27.1510
 -49.6940 -27.1920
 -49.7190 -27.2550
 -49.6850 -27.3010
 -49.6520 -27.3120
 -49.6310 -27.2680
 -49.5870 -27.2470
 -49.5000 -27.2070
 -49.4250 -27.2320
 -49.4210 -27.3210
 -49.4160 -27.3730
 -49.4000 -27.4380
 -49.3700 -27.4910
 -49.3110 -27.5010
 -49.2630 -27.4980
 -49.1960 -27.5070
 -49.1660 -27.5450
 -49.1760 -27.5890
 -49.2160 -27.6410
 -49.2050 -27.7180
 -49.1840 -27.7820
 -49.1560 -27.8340
 -49.1470 -27.8800
 -49.1120 -27.9220
 -49.0900 -27.9560
 -49.1070 -27.9850
 -49.1620 -28.0020
 -49.2320 -28.0450
 -49.2590 -28.0820
 -49.2720 -28.1520
 -49.2890 -28.2550
 -49.3020 -28.3330
 -49.3090 -28.3950
 -49.3160 -28.4800
 -49.3040 -28.5440
 -49.3040 -28.6470
 -49.2850 -28.7150
 -49.2880 -28.7770
 -49.2890 -28.8260
>99 -27.5880
 -51.3500 -30.1910
 -51.4480 -30.2290
 -51.5310 -30.2560
 -51.6100 -30.2430
 -51.7090 -30.2220
 -51.7910 -30.2100
 -51.8370 -30.2150
 -51.8690 -30.2700
 -51.9450 -30.2780
 -52.0400 -30.2630
 -52.0880 -30.2450
 -52.1260 -30.2190
 -52.1740 -30.2560
 -52.2420 -30.3000
 -52.2810 -30.3380
 -52.3360 -30.3200
 -52.3790 -30.3280
 -52.5070 -30.3530
 -52.6320 -30.3690
 -52.7560 -30.3610
 -52.8640 -30.3590
 -52.9570 -30.3680
 -53.0230 -30.3950
 -53.1040 -30.4720
 -53.1430 -30.4850
 -53.2470 -30.4520
 -53.3570 -30.4300
 -53.4340 -30.3960
 -53.5230 -30.3560
 -53.6290 -30.3150
 -53.6910 -30.2430
 -53.7560 -30.2410
 -53.8710 -30.2790
 -53.9640 -30.3060
 -54.0280 -30.3220
 -54.0900 -30.3280
 -54.1600 -30.3330
 -54.2150 -30.3610
 -54.2380 -30.4130
 -54.2630 -30.5100
 -54.2840 -30.5990
 -54.3090 -30.6610
 -54.3350 -30.7280
 -54.3910 -30.7920
 -54.4700 -30.8250
 -54.5450 -30.8720
 -54.5860 -30.9090
 -54.6180 -30.9410
 -54.6060 -31.0280
 -54.6030 -31.0960
 -54.5460 -31.1710
 -54.5060 -31.2640
 -54.4590 -31.3270
 -54.4030 -31.3810
 -54.3520 -31.4320
 -54.3120 -31.4600
 -54.2750 -31.4570
 -54.2290 -31.4850
 -54.1330 -31.4860
 -54.0710 -31.4850
 -53.9770 -31.5140
 -53.9100 -31.5000
 -53.8590 -31.4920
 -53.8000 -31.4980
 -53.7530 -31.5430
 -53.7340 -31.5660
 -53.6680 -31.5790
 -53.6190 -31.6190
 -53.6180 -31.6360
 -53.8250 -31.8240
 -53.7580 -31.8530
 -53.6960 -31.8510
 -53.6640 -31.8690
 -53.6280 -31.9440
 -53.5950 -31.9630
 -53.5630 -31.9740
 -53.8570 -32.2230
 -53.8310 -32.2800
 -53.8310 -32.3430
 -53.8460 -32.4190
 -53.8710 -32.4650
 -53.8840 -32.5190
 -53.9170 -32.5910
 -53.9880 -32.6400
 -54.1050 -32.6790
 -54.2100 -32.7070
 -54.3380 -32.7140
 -54.4430 -32.6940
 -54.5150 -32.6820
 -54.6020 -32.6760
 -54.6700 -32.6300
 -54.7230 -32.5960
 -54.7720 -32.5970
 -54.8190 -32.6220
 -54.8830 -32.6410
 -54.9360 -32.6420
 -54.9830 -32.6760
 -55.0250 -32.7200
 -55.0950 -32.7330
 -55.2000 -32.7640
 -55.2530 -32.8150
 -55.2980 -32.8520
 -55.3570 -32.9420
 -55.4450 -32.9850
 -55.5060 -33.0080
 -55.5690 -33.0360
 -55.6450 -33.1000
 -55.7470 -33.1890
 -55.8200 -33.2410
 -55.8740 -33.2570
 -55.9660 -33.2670
 -56.0440 -33.2680
 -56.0950 -33.2760
 -56.1440 -33.3020
 -56.2520 -33.3110
 -56.3720 -33.3080
 -56.3720 -33.3080
 -56.4850 -33.2700
 -56.4850 -33.2700
 -56.6050 -33.2320
 -56.6910 -33.1980
 -56.7870 -33.1590
 -56.8420 -33.0790
 -56.9540 -33.0600
 -56.9570 -33.0600
 -57.0560 -33.0570
 -57.1370 -33.0580
 -57.2100 -33.0880
 -57.2820 -33.0940
 -57.3640 -33.1050
 -57.4170 -33.1700
 -57.4410 -33.2650
 -57.4500 -33.3290
 -57.4670 -33.4360
 -57.5010 -33.4820
 -57.5090 -33.5260
 -57.4840 -33.5880
 -57.4830 -33.6890
 -57.4780 -33.7470
 -57.5110 -33.7940
 -57.6020 -33.8140
 -57.6830 -33.7870
 -57.7290 -33.7560
 -57.7930 -33.7230
 -57.8620 -33.7340
 -57.9110 -33.7750
 -57.9150 -33.8410
 -57.8750 -33.9270
 -57.8660 -34.0050
 -57.8670 -34.1080
 -57.8640 -34.1880
 -57.9050 -34.2380
 -57.9870 -34.2650
>99 -25.1060
 -49.9960  -3.4770
 -49.9350  -3.5110
 -49.8550  -3.5100
 -49.8550  -3.5100
 -49.7690  -3.4210
 -49.7360  -3.2900
 -49.7040  -3.1360
 -49.6590  -3.1670
 -49.6450  -3.2660
 -49.6350  -3.4190
 -49.6220  -3.4990
 -49.5790  -3.5780
 -49.4930  -3.6050
 -49.4220  -3.5900
 -49.3380  -3.5720
 -49.2580  -3.5840
 -49.2200  -3.6050
 -49.2030  -3.6700
 -49.1960  -3.7440
 -49.2070  -3.8290
 -49.2340  -3.9260
 -49.2540  -4.0180
 -49.2620  -4.0980
 -49.2380  -4.1810
 -49.1670  -4.2800
 -49.1130  -4.3600
 -49.0900  -4.4260
 -49.0830  -4.5330
 -49.0860  -4.6220
 -49.0820  -4.7130
 -49.0630  -4.7820
 -49.0620  -4.8200
 -49.0600  -4.9090
 -49.0310  -4.9920
 -48.9940  -5.0600
 -48.9200  -5.1090
 -48.8690  -5.1350
 -48.8420  -5.1910
 -48.8020  -5.2180
 -48.7760  -5.3000
 -48.7670  -5.3440
 -48.7460  -5.4000
 -48.7330  -5.4410
 -48.6570  -5.4320
 -48.5900  -5.4240
 -48.5370  -5.4230
 -48.4680  -5.4260
 -48.4530  -5.5230
 -48.4430  -5.6420
 -48.4420  -5.7680
 -48.4290  -5.8920
 -48.4040  -5.9980
 -48.4130  -6.1750
 -48.4160  -6.3140
 -48.4230  -6.4700
 -48.4280  -6.5920
 -48.4290  -6.7110
 -48.4160  -6.8080
 -48.4090  -6.8990
 -48.4110  -6.9840
 -48.4400  -7.0690
 -48.4710  -7.1410
 -48.4940  -7.2120
 -48.4900  -7.2760
 -48.4770  -7.3320
 -48.4780  -7.3900
 -48.5100  -7.4950
 -48.5350  -7.5760
 -48.5750  -7.5920
 -48.6150  -7.5180
 -48.6360  -7.4330
 -48.6710  -7.4230
 -48.6830  -7.5080
 -48.6760  -7.5760
 -48.6690  -7.6420
 -48.6610  -7.7120
 -48.6490  -7.7530
 -48.6670  -7.8080
 -48.6580  -7.8830
 -48.6470  -7.9730
 -48.6550  -8.0500
 -48.6240  -8.1100
 -48.5770  -8.1590
 -48.5560  -8.1940
 -48.5840  -8.2540
 -48.5740  -8.3090
 -48.5790  -8.3630
 -48.5410  -8.4160
 -48.5680  -8.4570
 -48.5700  -8.5090
 -48.5620  -8.5510
 -48.5980  -8.6420
 -48.6280  -8.7180
 -48.6390  -8.8140
 -48.6430  -8.9150
 -48.6550  -9.0050
 -48.6750  -9.1050
 -48.7250  -9.1430
 -48.7740  -9.0950
 -48.7970  -8.9730
 -48.7950  -8.8660
 -48.8170  -8.7880
 -48.8560  -8.7760
 -48.8920  -8.8020
 -48.9230  -8.9120
 -48.9500  -9.0140
 -48.9680  -9.1300
 -48.9610  -9.1770
 -48.9230  -9.1840
 -48.8980  -9.2140
 -48.8960  -9.2800
 -48.8900  -9.4140
 -48.8700  -9.4830
 -48.8380  -9.5880
 -48.8100  -9.6690
 -48.7750  -9.7460
 -48.7650  -9.8570
 -48.7500  -9.9220
 -48.7330 -10.0040
 -48.6810 -10.0880
 -48.7110 -10.1460
 -48.6630 -10.2240
 -48.6220 -10.3140
 -48.5800 -10.3550
 -48.5860 -10.3930
 -48.6190 -10.4350
 -48.6160 -10.5100
 -48.5690 -10.5470
 -48.5310 -10.5670
 -48.5130 -10.5920
 -48.5320 -10.6410
 -48.5220 -10.6600
 -48.4710 -10.6540
 -48.4070 -10.6360
 -48.3820 -10.6740
 -48.3390 -10.6810
 -48.2910 -10.6110
 -48.2590 -10.5810
 -48.2590 -10.4470
 -48.2810 -10.3380
 -48.2920 -10.2450
 -48.3100 -10.1280
 -48.2900 -10.0960
 -48.2650 -10.1000
 -48.2400 -10.1460
 -48.2130 -10.2130
 -48.1820 -10.2860
 -48.1780 -10.3580
 -48.1800 -10.4440
 -48.1720 -10.5230
 -48.1390 -10.5930
 -48.1260 -10.6950
 -48.1270 -10.7970
 -48.1190 -10.8720
 -48.0570 -10.9570
 -48.0050 -11.0230
 -47.9680 -11.1220
 -47.9310 -11.2230
 -47.8710 -11.2690
 -47.8090 -11.2930
 -47.7680 -11.2730
 -47.7270 -11.2750
 -47.6880 -11.2870
 -47.6290 -11.2530
 -47.6260 -11.2020
 -47.6410 -11.0920
 -47.6650 -11.0210
 -47.6680 -10.9900
 -47.6380 -10.9800
 -47.5950 -11.0090
 -47.5100 -11.0360
 -47.4140 -11.0480
 -47.3430 -11.0770
 -47.2720 -11.1060
 -47.2010 -11.1690
 -47.1610 -11.2050
 -47.1290 -11.2400
 -47.1380 -11.2910
 -47.1120 -11.3880
 -47.0470 -11.4160
 -46.9450 -11.4160
 -46.8820 -11.4020
 -46.7910 -11.3760
 -46.6900 -11.3480
 -46.6010 -11.3200
 -46.4340 -11.3110
 -46.2420 -11.2940
 -46.0870 -11.2870
 -45.8530 -11.2510
 -45.6450 -11.2180
 -45.4650 -11.1620
 -45.3850 -11.1060
 -45.3100 -11.0280
 -45.2580 -10.9100
 -45.2270 -10.8350
 -45.1760 -10.6990
 -45.1380 -10.6260
 -45.0740 -10.5090
 -45.0090 -10.4200
 -44.9100 -10.3420
 -44.8440 -10.2790
 -44.7840 -10.2140
 -44.6830 -10.1960
 -44.5500 -10.1760
 -44.4370 -10.1320
 -44.3570 -10.0850
 -44.3530 -10.0850
 -44.2700  -9.9920
 -44.1740  -9.9180
 -44.0540  -9.8340
 -43.9410  -9.7700
 -43.8200  -9.7020
 -43.7070  -9.6640
 -43.5810  -9.6050
 -43.5060  -9.5530
 -43.4330  -9.5050
 -43.4070  -9.4490
 -43.3940  -9.3870
 -43.3820  -9.3410
 -43.3390  -9.2670
 -43.2340  -9.1930
 -43.1580  -9.1570
 -43.1020  -9.1190
 -43.0470  -9.0770
 -43.0070  -9.0280
 -42.9710  -8.9610
 -42.9210  -8.9280
 -42.8550  -8.9090
 -42.8130  -8.8350
 -42.7880  -8.7790
 -42.6790  -8.7630
 -42.6120  -8.7560
 -42.5250  -8.7100
 -42.4390  -8.6540
 -42.3840  -8.6020
 -42.3550  -8.5430
 -42.2160  -8.4970
 -42.1350  -8.4740
 -42.0460  -8.4430
 -41.9460  -8.4000
 -41.8700  -8.3470
 -41.7730  -8.2290
 -41.7180  -8.1590
 -41.6320  -8.0990
 -41.5310  -8.0300
 -41.4170  -7.9750
 -41.3270  -7.9060
 -41.2380  -7.7540
 -41.1570  -7.6710
 -41.1050  -7.6080
 -41.0600  -7.5280
 -41.0210  -7.4740
 -41.0000  -7.4110
 -40.9690  -7.3460
 -40.9450  -7.2950
 -40.9360  -7.2480
 -40.9110  -7.1880
 -40.8780  -7.1150
 -40.8630  -7.0450
 -40.8670  -6.9880
 -40.8660  -6.9300
 -40.8520  -6.8310
 -40.8290  -6.7720
 -40.7750  -6.7470
 -40.7120  -6.7800
 -40.6760  -6.7890
 -40.6520  -6.7750
 -40.5910  -6.7510
 -40.5300  -6.6970
 -40.5300  -6.6380
 -40.5600  -6.5940
 -40.5780  -6.5420
 -40.6030  -6.5090
 -40.6590  -6.4920
 -40.6830  -6.5210
 -40.7110  -6.5450
 -40.7340  -6.5460
 -40.7770  -6.5030
 -40.7910  -6.4260
 -40.8040  -6.3470
 -40.8070  -6.2960
 -40.7690  -6.2180
 -40.7880  -6.1370
 -40.8200  -6.0620
 -40.8390  -5.9620
 -40.8730  -5.9220
 -40.8930  -5.8730
 -40.8790  -5.8100
 -40.8700  -5.7360
 -40.8740  -5.7030
 -40.9000  -5.6570
 -40.9080  -5.5790
 -40.9160  -5.4800
 -40.9070  -5.4110
 -40.8780  -5.3450
 -40.8580  -5.2750
 -40.8700  -5.2260
 -40.8810  -5.1890
 -40.9080  -5.1450
 -40.9120  -5.0990
 -40.9300  -5.0350
 -40.9190  -4.9850
 -40.8870  -4.9430
 -40.8620  -4.9010
 -40.8600  -4.8390
 -40.8480  -4.7710
 -40.8210  -4.6600
 -40.8040  -4.5530
 -40.7770  -4.4790
 -40.7480  -4.3700
 -40.7110  -4.3000
 -40.6650  -4.2330
 -40.7040  -4.1400
 -40.7390  -4.0710
 -40.7760  -4.0080
 -40.8100  -3.9190
 -40.8190  -3.8390
 -40.8560  -3.7730
 -40.8800  -3.7460
 -40.9110  -3.6470
 -40.9400  -3.6110
 -41.0080  -3.5810
 -41.0570  -3.5610
 -41.0910  -3.4960
 -41.1290  -3.4380
 -41.1980  -3.3780
 -41.2290  -3.3460
 -41.2660  -3.3360
 -41.3280  -3.3430
 -41.3470  -3.2980
 -41.3730  -3.2590
 -41.4330  -3.2550
 -41.4880  -3.2570
 -41.5390  -3.2520
 -41.5740  -3.2480
 -41.6280  -3.2040
 -41.7190  -3.1810
 -41.7960  -3.1490
 -41.8610  -3.0990
 -41.9030  -3.0520
 -41.8340  -2.9810
 -41.7830  -2.9230
>99 99.9999
 -49.6593  -3.8573
 -49.6593  -3.8573
 -49.6907  -4.0975
 -49.6455  -4.3724
 -49.5815  -4.5413
 -49.4940  -4.6192
 -49.3670  -4.7685
 -49.2991  -5.0288
 -49.3455  -5.3044
 -49.4176  -5.6626
 -49.4186  -5.7591
 -49.4083  -5.8906
 -49.4083  -5.8906
 -49.4864  -6.0868
 -49.4789  -6.1949
 -49.4496  -6.4085
 -49.4137  -6.5856
 -49.4541  -6.7061
 -49.4308  -6.8316
 -49.4875  -6.9653
 -49.5922  -7.0609
 -49.6137  -7.2553
 -49.6348  -7.5356
 -49.6348  -7.5356
 -49.7474  -7.7385
 -49.8332  -7.9199
 -49.9073  -8.0929
 -49.9413  -8.3194
 -49.9437  -8.3218
 -49.9397  -8.5419
 -49.9698  -8.8414
 -49.9698  -8.8414
 -49.9805  -9.0935
 -49.9805  -9.0959
 -50.0160  -9.5957
 -50.1851 -10.4669
 -50.3290 -11.1036
 -50.5465 -11.7068
 -50.5465 -11.7068
 -50.7371 -12.4455
 -50.7371 -12.4455
 -51.0346 -13.0679
 -51.4879 -13.6836
 -51.8409 -14.1061
 -52.1139 -14.3071
>99 99.9999
 -52.2008 -14.3053
 -52.6245 -14.3586
 -53.1015 -14.3173
 -53.4878 -14.3658
 -53.8573 -14.4026
 -54.3907 -14.4216
 -54.7727 -14.5407
 -55.4721 -14.6135
 -55.9207 -14.5925
 -56.2179 -14.6095
 -56.4875 -14.8006
 -56.8202 -15.1695
 -56.9591 -15.5102
 -57.1195 -15.8565
 -57.2431 -16.2690
 -57.3740 -16.8926
 -57.4298 -17.5143
 -57.3922 -18.1743
 -57.2563 -18.9389
 -57.1394 -19.4071
>99 99.9999
-37.1304 -11.1109
-37.1873 -11.0128
-37.2481 -10.9516
-37.3214 -10.8815
-37.4313 -10.8199
-37.5546 -10.7814
-37.6987 -10.7598
-37.8706 -10.7747
-38.0181 -10.7976
-38.1069 -10.7884
-38.1896 -10.7692
-38.2446 -10.7085
-38.3520 -10.6236
-38.4012 -10.5960
-38.4897 -10.5369
-38.5748 -10.5287
-38.6676 -10.5305
-38.7983 -10.4430
-38.9283 -10.3346
-39.0700 -10.1978
-39.1257 -10.1397
-39.1291 -9.99599
-39.1270 -9.88878
-39.1809 -9.80019
-39.3207 -9.64668
-39.4420 -9.54649
-39.4911 -9.53743
-39.5584 -9.47151
-39.6167 -9.41636
-39.6977 -9.40533
-39.7372 -9.38774
-39.8030 -9.27992
-39.8400 -9.27660
-39.9614 -9.39202
-39.9934 -9.39009
-40.0272 -9.34973
-40.0302 -9.28892
-40.0269 -9.18619
-40.0594 -9.17140
-40.1175 -9.21531
-40.1713 -9.31361
-40.2388 -9.33544
-40.3567 -9.28528
-40.4132 -9.25684
-40.4703 -9.21714
-40.4917 -8.92879
-40.5055 -8.87949
-40.5412 -8.86464
-40.5888 -8.88231
-40.6882 -8.97725
-40.7824 -9.07528
-40.8436 -9.04997
-40.8804 -9.00934
-40.9024 -9.04063
-40.9207 -9.19898
-40.9197 -9.37446
-40.8818 -9.51165
-40.8752 -9.58389
-40.9373 -9.69243
-40.9970 -9.70583
-41.0810 -9.70232
-41.1036 -9.64505
-41.1140 -9.40838
-41.1591 -9.37118
-41.2950 -9.35944
-41.3565 -9.28554
-41.4256 -9.27154
-41.4344 -9.05071
-41.4697 -9.04368
-41.5287 -9.15679
-41.5613 -9.13353
-41.5819 -9.03079
-41.5667 -8.90443
-41.5509 -8.79263
-41.6311 -8.78353
-41.6407 -8.70307
-41.6691 -8.70059
-41.7272 -8.75057
-41.7503 -8.85132
-41.7656 -8.88728
-41.8284 -8.90026
-41.8717 -8.99355
-41.9819 -9.03528
-42.0246 -9.05419
-42.0968 -9.13377
-42.1715 -9.14380
-42.2152 -9.13357
-42.2895 -9.05766
-42.3531 -9.05110
-42.4463 -9.10360
-42.5906 -9.17676
-42.6510 -9.16680
-42.6835 -9.13994
-42.6746 -9.05207
-42.6804 -8.97428
-42.7213 -8.94432
-42.7877 -8.94898
-42.8293 -9.00508
-42.8905 -9.07461
-42.9945 -9.21663
-43.1085 -9.24993
-43.1190 -9.28920
-43.1238 -9.35116
-43.2939 -9.40843
-43.3928 -9.50660
-43.4152 -9.70600
-43.4764 -9.78397
-43.5866 -9.84178
-43.7660 -9.94185
-43.8456 -10.0791
-43.9610 -10.1944
-44.1712 -10.2264
-44.2510 -10.2476
-44.3653 -10.4121
-44.4426 -10.5235
-44.6862 -10.6332
-44.7634 -10.6938
-44.8936 -10.9068
-45.0156 -10.9914
-45.1974 -11.0457
-45.5006 -11.0904
-45.9896 -11.1720
-46.1568 -11.2172
-46.3028 -11.3053
-46.4451 -11.4182
-46.5861 -11.5178
-46.7712 -11.6895
-46.9101 -11.9008
-47.0103 -12.1118
-47.0149 -12.2835
-46.9870 -12.4681
-46.9521 -12.5826
-46.9338 -12.6373
-46.8605 -12.6528
-46.8527 -12.6960
-46.8711 -12.7713
-46.8921 -12.8750
-46.8344 -12.9406
-46.8039 -13.0001
-46.8208 -13.1271
-46.8334 -13.2223
-46.9732 -13.4518
-46.9714 -13.5152
-46.9373 -13.5729
-46.9067 -13.6290
-46.9340 -13.6847
-46.9729 -13.7522
-46.9872 -13.8995
-47.0194 -13.9603
-47.1147 -14.0258
-47.2379 -14.0752
-47.2913 -14.0612
-47.3658 -14.0225
-47.4066 -14.0283
-47.3908 -14.3863
-47.4056 -14.5691
-47.4502 -14.7259
-47.5469 -14.9712
-47.5874 -15.1466
-47.5544 -15.2582
-47.4536 -15.3396
-47.4158 -15.3856
-47.3855 -15.5089
-47.3791 -15.6832
-47.3694 -15.8474
-47.3006 -16.0199
-47.1541 -16.3074
-47.0187 -16.5983
-46.8820 -16.8603
-46.7815 -17.0764
-46.7675 -17.1866
-46.7660 -17.3257
-46.8018 -17.4110
-46.8837 -17.5182
-46.9342 -17.5890
-46.9224 -17.6524
-46.8434 -17.6611
-46.7895 -17.6589
-46.7619 -17.7216
-46.7619 -17.7888
-46.8270 -17.9157
-46.9320 -18.0476
-46.9836 -18.1657
-47.0637 -18.3086
-47.1174 -18.3865
-47.0999 -18.4868
-47.0280 -18.5865
-46.9804 -18.6249
-46.9452 -18.5948
-46.9167 -18.5061
-46.8835 -18.4055
-46.8372 -18.3547
-46.8040 -18.3533
-46.7565 -18.3883
-46.7256 -18.4744
-46.7498 -18.6385
-46.7364 -18.7539
-46.6546 -18.9268
-46.5300 -19.1329
-46.4558 -19.1966
-46.3563 -19.2406
-46.2925 -19.3332
-46.2836 -19.3916
-46.2932 -19.4644
-46.2709 -19.5389
-46.1663 -19.6025
-46.0602 -19.6877
-46.0344 -19.7586
-46.0528 -19.8554
-46.1142 -19.8905
-46.1189 -19.9547
-46.1405 -20.0567
-46.1984 -20.0917
-46.3390 -20.1075
-46.3120 -20.1415
-46.2479 -20.1734
-46.1456 -20.3009
-46.1034 -20.3743
-46.1016 -20.4533
-45.9925 -20.5683
-45.8400 -20.6909
-45.6468 -20.8562
-45.4203 -21.0056
-45.2770 -21.1093
-45.0548 -21.1910
-44.7839 -21.2289
-44.6381 -21.2428
-44.5048 -21.2105
-44.2923 -21.1209
-44.0634 -20.9934
-43.8298 -20.9022
-43.6274 -20.8248
-43.5038 -20.7445
-43.4774 -20.6560
-43.4870 -20.5850
-43.6096 -20.4835
-43.6606 -20.4270
-43.7465 -20.3779
-43.7638 -20.3190
-43.7486 -20.2430
-43.6722 -20.0880
-43.6149 -19.9610
-43.5956 -19.8250
-43.6055 -19.6559
-43.6264 -19.5026
-43.6175 -19.3441
-43.6268 -19.2234
-43.6793 -19.0921
-43.7518 -18.9504
-43.8943 -18.7413
-43.9924 -18.5776
-44.0391 -18.4656
-44.0508 -18.3001
-44.0262 -18.0977
-43.9706 -17.9369
-43.8759 -17.8088
-43.8202 -17.5968
-43.7280 -17.4078
-43.6265 -17.2003
-43.5156 -16.9792
-43.4520 -16.8336
-43.4130 -16.6581
-43.3776 -16.5076
-43.3454 -16.3062
-43.3107 -16.1427
-43.2946 -16.0677
-43.3223 -15.9603
-43.3319 -15.8619
-43.3028 -15.7434
-43.2232 -15.6307
-43.1301 -15.5388
-43.0413 -15.4916
-42.9567 -15.4051
-42.8824 -15.2649
-42.8404 -15.1609
-42.7721 -15.0639
-42.7107 -14.9952
-42.6257 -14.9171
-42.5432 -14.7998
-42.4398 -14.6029
-42.3683 -14.5060
-42.2418 -14.4342
-42.1287 -14.3975
-41.8905 -14.3493
-41.7301 -14.3524
-41.5077 -14.3797
-41.3545 -14.4528
-41.2056 -14.4869
-41.0789 -14.5465
-40.8809 -14.6587
-40.7582 -14.7051
-40.6461 -14.7943
-40.5017 -14.8976
-40.4257 -14.9855
-40.3714 -15.1056
-40.2929 -15.1558
-40.2208 -15.2779
-40.0554 -15.3905
-39.7957 -15.4817
-39.6472 -15.5282
-39.4595 -15.5848
-39.3207 -15.6170
-39.2280 -15.6800
-39.0912 -15.7672
-38.9411 -15.8629
>99 99.9999
