-57.219002 -19.812000
-57.273998 -19.711000
-57.328999 -19.641001
-57.389999 -19.552000
-57.484001 -19.459000
-57.595001 -19.412001
-57.709000 -19.355000
-57.773998 -19.333000
-57.918999 -19.347000
-58.056999 -19.354000
-58.187000 -19.302999
-58.257000 -19.224001
-58.312000 -19.142000
-58.313999 -19.021999
-58.293999 -18.959999
-58.250999 -18.903999
-58.188999 -18.833000
-58.205002 -18.739000
-58.257999 -18.669001
-58.338001 -18.594000
-58.410999 -18.534000
-58.438000 -18.487000
-58.438000 -18.416000
-58.444000 -18.340000
-58.457001 -18.282000
-58.495998 -18.238001
-58.578999 -18.198999
-58.675999 -18.173000
-58.787998 -18.118999
-58.907001 -18.077999
-59.046001 -18.017000
-59.154999 -17.990000
-59.236000 -17.948000
-59.238998 -17.899000
-59.251999 -17.854000
-59.321999 -17.826000
-59.416000 -17.797001
-59.504002 -17.764999
-59.602001 -17.719000
-59.721001 -17.709000
-59.787998 -17.691999
-59.884998 -17.639999
-59.970001 -17.596001
-60.046001 -17.570000
-60.113998 -17.561001
-60.207001 -17.552000
-60.268002 -17.534000
-60.321999 -17.495001
-60.377998 -17.469000
-60.453999 -17.461000
-60.526001 -17.458000
-60.612999 -17.434999
-60.653999 -17.403000
-60.712002 -17.389000
-60.784000 -17.386000
-60.855999 -17.350000
-60.893002 -17.313000
-60.917000 -17.278000
-60.950001 -17.277000
-60.993999 -17.292999
-61.042999 -17.298000
-61.106998 -17.284000
-61.139000 -17.249001
-61.173000 -17.177000
-61.215000 -17.111000
-61.261002 -17.115999
-61.278000 -17.170000
-61.316002 -17.225000
-61.376999 -17.238001
-61.470001 -17.240999
-61.532001 -17.214001
-61.669998 -17.129999
-61.780998 -17.080999
-61.908001 -17.062000
-61.999001 -17.038000
-62.098000 -16.980000
-62.186001 -16.954000
-62.285000 -16.884001
-62.382999 -16.836000
-62.425999 -16.785000
-62.458000 -16.700001
-62.500000 -16.611000
-62.567001 -16.518999
-62.620998 -16.503000
-62.660999 -16.500999
-62.689999 -16.459999
-62.712002 -16.419001
-62.771000 -16.417000
-62.826000 -16.410000
-62.862000 -16.386000
-62.889000 -16.356001
-62.924999 -16.334999
-62.956001 -16.295000
-62.970001 -16.247000
-63.026001 -16.174000
-63.105999 -16.105000
-63.105999 -16.105000
-63.174000 -16.007000
-63.223000 -15.897000
-63.266998 -15.809000
-63.271000 -15.709000
-63.254002 -15.656000
-63.203999 -15.628000
-63.152000 -15.613000
-63.132999 -15.567000
-63.154999 -15.481000
-63.186001 -15.425000
-63.264999 -15.391000
-63.292999 -15.340000
-63.297001 -15.266000
-63.292999 -15.211000
-63.271000 -15.182000
-63.289001 -15.136000
-63.313000 -15.082000
-63.334999 -15.017000
-63.353001 -15.004000
-63.387001 -15.022000
-63.417000 -15.060000
-63.463001 -15.054000
-63.502998 -15.026000
-63.556000 -14.994000
-63.571999 -14.958000
-63.577999 -14.911000
-63.584000 -14.846000
-63.577000 -14.794000
-63.553001 -14.770000
-63.530998 -14.753000
-63.528999 -14.708000
-63.522999 -14.629000
-63.504002 -14.546000
-63.506001 -14.459000
-63.529999 -14.350000
-63.542999 -14.273000
-63.560001 -14.188000
-63.594002 -14.075000
-63.615002 -13.961000
-63.610001 -13.839000
-63.594002 -13.753000
-63.550999 -13.617000
-63.493999 -13.512000
-63.433998 -13.362000
-63.423000 -13.240000
-63.432999 -13.130000
-63.480000 -13.053000
-63.542000 -12.969000
-63.610001 -12.898000
-63.679001 -12.829000
-63.773998 -12.687000
-63.765999 -12.629000
-63.773998 -12.577000
-63.798000 -12.515000
-63.865002 -12.450000
-64.018997 -12.434000
-64.122002 -12.438000
-64.195000 -12.479000
-64.267998 -12.551000
-64.325996 -12.556000
-64.377998 -12.567000
-64.443001 -12.619000
-64.560997 -12.625000
-64.746002 -12.573000
-64.880997 -12.489000
-64.999001 -12.411000
-65.036003 -12.390000
-65.094002 -12.377000
-65.160004 -12.356000
-65.197998 -12.296000
-65.272003 -12.193000
-65.317001 -12.113000
-65.327003 -12.023000
-65.379997 -11.944000
-65.404999 -11.859000
-65.417000 -11.705000
-65.435997 -11.498000
-65.470001 -11.327000
-65.504997 -11.177000
-65.555000 -11.044000
-65.613998 -10.943000
-65.626999 -10.831000
-65.640999 -10.739000
-65.675003 -10.601000
-65.697998 -10.518000
-65.744003 -10.485000
-65.763000 -10.407000
-65.814003 -10.303000
-65.883003 -10.236000
-65.932999 -10.177000
-65.936996 -10.020000
-65.947403 -9.887200
-65.990601 -9.788300
-66.042000 -9.711900
-66.150597 -9.646200
-66.271004 -9.597100
-66.398499 -9.555000
-66.548599 -9.528300
-66.674896 -9.518100
-66.757202 -9.486500
-66.844299 -9.445500
-66.892097 -9.405600
-66.892097 -9.405600
-66.910202 -9.365500
-66.908096 -9.287700
-66.918999 -9.245300
-66.937103 -9.187600
-66.924301 -9.127500
-66.873398 -9.053100
-66.806900 -8.995200
-66.704803 -8.911200
-66.607498 -8.820200
-66.489998 -8.731400
-66.428299 -8.665200
-66.340599 -8.576600
-66.340599 -8.576600
-66.232498 -8.500800
-66.232498 -8.498500
-66.129402 -8.387400
-66.000000 -8.292700
-65.897797 -8.254600
-65.757500 -8.198800
-65.635101 -8.148900
-65.531303 -8.180300
-65.433403 -8.249500
-65.343903 -8.301100
-65.280701 -8.345700
-65.201797 -8.416100
-65.141899 -8.517200
-65.079803 -8.594800
-65.023499 -8.701900
-64.944603 -8.781700
-64.835098 -8.823800
-64.695801 -8.839800
-64.586502 -8.825200
-64.499802 -8.783600
-64.387100 -8.703000
-64.339897 -8.594400
-64.302101 -8.523500
-64.221497 -8.461900
-64.145401 -8.438000
-64.036003 -8.462400
-63.948002 -8.459600
-63.835098 -8.443900
-63.744999 -8.392800
-63.634602 -8.327500
-63.535000 -8.261100
-63.431900 -8.174600
-63.337101 -8.083400
-63.246899 -8.028800
-63.142601 -7.962300
-63.039299 -7.922900
-62.932400 -7.904800
-62.821999 -7.888900
-62.680698 -7.883600
-62.554798 -7.883000
-62.423000 -7.850500
-62.286499 -7.849900
-62.221100 -7.869600
-62.146301 -7.886900
-62.008499 -7.892100
-61.938599 -7.862300
-61.830700 -7.793400
-61.760799 -7.725800
-61.670799 -7.662900
-61.550900 -7.671700
-61.447701 -7.671200
-61.352798 -7.641200
-61.288799 -7.603100
-61.229599 -7.553300
-61.159698 -7.489300
-61.082699 -7.437000
-61.015202 -7.397700
-60.928699 -7.364200
-60.834999 -7.337800
-60.760300 -7.319700
-60.701099 -7.291000
-60.626598 -7.202200
-60.560299 -7.120500
-60.471600 -7.033900
-60.393600 -6.916800
-60.352200 -6.823400
-60.351299 -6.711400
-60.343201 -6.627700
-60.337601 -6.516800
-60.324799 -6.428300
-60.299999 -6.368100
-60.244301 -6.365400
-60.202702 -6.398100
-60.189499 -6.454600
-60.123001 -6.469600
-60.072201 -6.413900
-60.067699 -6.306600
-60.007500 -6.204800
-59.928200 -6.124200
-59.871498 -6.050800
-59.830200 -5.946800
-59.804501 -5.827600
-59.788101 -5.734300
-59.732601 -5.658600
-59.677101 -5.587500
-59.640499 -5.509500
-59.598999 -5.499800
-59.570400 -5.551500
-59.557098 -5.646900
-59.504700 -5.705500
-59.412201 -5.710800
-59.320900 -5.690200
-59.220200 -5.667100
-59.144402 -5.651300
-59.062599 -5.631900
-58.978600 -5.577200
-58.908699 -5.549600
-58.829399 -5.511400
-58.735802 -5.487200
-58.637600 -5.434700
-58.561798 -5.382300
-58.524101 -5.313700
-58.475601 -5.275600
-58.360699 -5.243000
-58.283699 -5.210700
-58.209202 -5.167700
-58.144199 -5.106000
-58.080299 -5.060700
-58.023399 -5.060300
-57.992500 -5.091900
-57.955700 -5.136500
-57.895302 -5.150200
-57.832500 -5.136800
-57.793400 -5.124700
-57.756699 -5.130400
-57.712898 -5.137200
-57.630001 -5.133000
-57.592098 -5.092700
-57.574501 -5.030100
-57.527302 -4.962500
-57.491901 -4.912800
-57.431499 -4.882900
-57.373501 -4.880100
-57.325001 -4.853800
-57.257500 -4.845100
-57.137901 -4.831200
-57.081200 -4.791900
-57.052799 -4.769300
-56.966400 -4.742700
-56.867001 -4.716000
-56.768799 -4.689400
-56.651699 -4.644900
-56.546501 -4.576900
-56.424702 -4.546500
-56.332401 -4.515100
-56.205898 -4.469300
-56.118301 -4.460400
-56.005901 -4.459500
-55.917198 -4.423400
-55.869999 -4.372400
-55.772999 -4.357400
-55.646500 -4.330500
-55.549599 -4.277800
-55.501099 -4.238500
-55.452702 -4.220500
-55.376999 -4.241100
-55.259899 -4.246000
-55.153500 -4.242800
-55.153500 -4.242800
-55.049400 -4.239500
-54.976101 -4.261300
-54.870899 -4.272300
-54.751499 -4.237100
-54.669998 -4.221000
-54.554199 -4.213000
-54.457298 -4.199200
-54.348598 -4.168800
-54.247002 -4.153700
-54.111099 -4.140800
-53.987099 -4.135000
-53.877300 -4.078600
-53.813599 -4.017900
-53.759300 -3.959600
-53.682499 -3.943600
-53.591599 -3.958100
-53.449902 -3.935600
-53.377899 -3.940900
-53.286999 -3.930600
-53.187801 -3.917900
-53.112202 -3.904300
-53.023701 -3.858600
-52.970600 -3.806300
-52.915199 -3.758600
-52.856201 -3.745100
-52.783001 -3.722000
-52.716900 -3.707200
-52.661400 -3.698400
-52.602501 -3.677800
-52.537601 -3.641800
-52.473900 -3.589400
-52.456200 -3.573900
-52.406601 -3.545100
-52.332298 -3.509000
-52.271000 -3.429400
-52.178902 -3.364800
-52.057400 -3.316500
-51.959499 -3.276600
-51.871101 -3.256900
-51.775501 -3.227700
-51.703602 -3.168000
-51.648201 -3.112000
-51.573898 -3.022900
-51.542000 -2.975400
-51.464199 -2.926200
-51.366299 -2.931200
-51.292000 -2.963400
-51.204800 -3.033300
-51.083302 -3.081600
-50.999599 -3.131500
-50.895901 -3.177600
-50.769798 -3.203400
-50.614300 -3.207700
-50.471699 -3.222700
-50.345699 -3.208400
-50.260899 -3.252400
-50.176201 -3.355200
-50.126801 -3.443200
-50.029099 -3.537700
-49.659302 -3.857300
-49.659302 -3.857300
-49.690701 -4.097500
-49.645500 -4.372400
-49.581501 -4.541300
-49.493999 -4.619200
-49.367001 -4.768500
-49.299099 -5.028800
-49.345501 -5.304400
-49.417599 -5.662600
-49.418598 -5.759100
-49.408298 -5.890600
-49.408298 -5.890600
-49.486401 -6.086800
-49.478901 -6.194900
-49.449600 -6.408500
-49.413700 -6.585600
-49.454102 -6.706100
-49.430801 -6.831600
-49.487499 -6.965300
-49.592201 -7.060900
-49.613701 -7.255300
-49.634800 -7.535600
-49.634800 -7.535600
-49.747398 -7.738500
-49.833199 -7.919900
-49.907299 -8.092900
-49.941299 -8.319400
-49.943699 -8.321800
-49.939701 -8.541900
-49.969799 -8.841400
-49.969799 -8.841400
-49.980499 -9.093500
-49.980499 -9.095900
-50.015999 -9.595700
-50.185101 -10.466900
-50.328999 -11.103600
-50.546501 -11.706800
-50.546501 -11.706800
-50.737099 -12.445500
-50.737099 -12.445500
-51.034599 -13.067900
-51.487900 -13.683600
-51.840900 -14.106100
-52.113899 -14.307100
-52.200802 -14.305300
-52.624500 -14.358600
-53.101501 -14.317300
-53.487801 -14.365800
-53.857300 -14.402600
-54.390701 -14.421600
-54.772701 -14.540700
-55.472099 -14.613500
-55.920700 -14.592500
-56.217899 -14.609500
-56.487499 -14.800600
-56.820202 -15.169500
-56.959099 -15.510200
-57.119499 -15.856500
-57.243099 -16.268999
-57.374001 -16.892599
-57.429798 -17.514299
-57.392200 -18.174299
-57.256302 -18.938900
-57.139400 -19.407101

