-61.356800 8.389900
-61.625301 8.405900
-61.891998 8.463100
-62.145699 8.442700
-62.361000 8.419100
-62.527000 8.376900
-62.625099 8.284500
-62.661499 8.237200
-62.753799 8.158900
-62.862801 8.072400
-62.958099 8.034200
-63.059200 8.059500
-63.157600 8.067200
-63.298599 8.035800
-63.396301 7.995200
-63.490501 7.954700
-63.540901 7.880300
-63.583900 7.790600
-63.654202 7.764300
-63.728699 7.768600
-63.803902 7.748200
-63.884701 7.698300
-63.970501 7.659000
-64.039398 7.616300
-64.109901 7.599400
-64.194504 7.641400
-64.265999 7.686900
-64.346703 7.703000
-64.429100 7.679100
-64.517502 7.652700
-64.611504 7.680500
-64.660896 7.689700
-64.688400 7.684900
-64.687500 7.628400
-64.686096 7.535400
-64.667999 7.453000
-64.651604 7.402500
-64.653198 7.351900
-64.677902 7.316400
-64.691704 7.277500
-64.675201 7.224600
-64.683098 7.191600
-64.696701 7.135000
-64.696098 7.022000
-64.744102 6.942900
-64.818497 6.863700
-64.895103 6.851600
-64.957901 6.879500
-64.997299 6.939400
-65.055603 6.989700
-65.114197 7.050700
-65.171303 7.170500
-65.213303 7.249200
-65.244202 7.306700
-65.335899 7.332200
-65.399101 7.306000
-65.459702 7.262200
-65.524597 7.192400
-65.572899 7.132200
-65.624901 7.082500
-65.671997 7.098800
-65.711403 7.156300
-65.760696 7.164300
-65.841003 7.153400
-65.879799 7.099100
-65.937401 7.098800
-66.018700 7.147900
-66.070099 7.204200
-66.108101 7.255800
-66.128403 7.316900
-66.170998 7.349700
-66.222298 7.330700
-66.298103 7.338600
-66.405403 7.357000
-66.437103 7.311000
-66.431099 7.240400
-66.469902 7.189600
-66.528297 7.156400
-66.539299 7.095100
-66.551201 7.017400
-66.567001 6.947900
-66.596100 6.894800
-66.618301 6.851200
-66.624496 6.794600
-66.639397 6.744000
-66.656403 6.681500
-66.669601 6.609600
-66.698402 6.529500
-66.719597 6.502300
-66.775703 6.479700
-66.836998 6.478300
-66.919998 6.483900
-67.018303 6.469400
-67.077301 6.403300
-67.139900 6.334700
-67.214699 6.278000
-67.274902 6.208300
-67.339897 6.139800
-67.380898 6.073700
-67.408798 6.017100
-67.404999 5.930000
-67.449898 5.881600
-67.504700 5.849600
-67.567101 5.844700
-67.637100 5.858600
-67.725899 5.850000
-67.810501 5.803800
-67.877098 5.755400
-67.877098 5.755400
-67.935402 5.646900
-67.937798 5.646900
-67.988098 5.556000
-68.015198 5.446500
-68.045998 5.344000
-68.113403 5.199000
-68.172096 5.107000
-68.231300 4.971400
-68.292297 4.879400
-68.368698 4.766100
-68.448898 4.669400
-68.517197 4.576200
-68.607201 4.487600
-68.677902 4.397900
-68.740196 4.307100
-68.811996 4.205700
-68.864403 4.094900
-68.864403 4.092500
-68.913498 4.005300
-68.968498 3.905000
-68.968399 3.902700
-69.026901 3.791900
-69.080902 3.708100
-69.121300 3.597400
-69.162903 3.491300
-69.207001 3.384100
-69.301201 3.255500
-69.370697 3.155300
-69.422203 3.063300
-69.501701 2.992500
-69.576202 2.912200
-69.641098 2.830900
-69.713799 2.709400
-69.713799 2.709400
-69.772598 2.618600
-69.821899 2.536100
-69.880402 2.428900
-69.970001 2.307400
-70.051498 2.131800
-70.102501 2.001000
-70.152901 1.909100
-70.213600 1.787700
-70.246902 1.677000
-70.256104 1.566300
-70.277802 1.399100
-70.313004 1.253000
-70.348099 1.096300
-70.382896 0.927900
-70.427299 0.747700
-70.450302 0.581600
-70.467598 0.439100
-70.461098 0.314300
-70.445396 0.216600
-70.445396 0.216600
-70.417000 0.070700
-70.349800 -0.109300
-70.293503 -0.280000
-70.243698 -0.415300
-70.142403 -0.547000
-70.038002 -0.639800
-69.948402 -0.709100
-69.832497 -0.859600
-69.708801 -0.970000
-69.572998 -1.089900
-69.443703 -1.174400
-69.320000 -1.287100
-69.217201 -1.370500
-69.036499 -1.446700
-68.891197 -1.469900
-68.752403 -1.449500
-68.609802 -1.449200
-68.479103 -1.459400
-68.337601 -1.467300
-68.170998 -1.476300
-67.947502 -1.429700
-67.824799 -1.377500
-67.712997 -1.303000
-67.612900 -1.255600
-67.453003 -1.203300
-67.319298 -1.171100
-67.116096 -1.148100
-66.950897 -1.147500
-66.806198 -1.141200
-66.656601 -1.137100
-66.514297 -1.130800
-66.363701 -1.117300
-66.244400 -1.094500
-66.120300 -1.062200
-65.984001 -1.054700
-65.840797 -1.032900
-65.740898 -0.979500
-65.635101 -0.916700
-65.527901 -0.875100
-65.347702 -0.843700
-65.137299 -0.845200
-65.002296 -0.843500
-64.869797 -0.828800
-64.869797 -0.828800
-64.688904 -0.752700
-64.552200 -0.684900
-64.396103 -0.645400
-64.230598 -0.591600
-64.091400 -0.527400
-63.951099 -0.464300
-63.818901 -0.429500
-63.630001 -0.462800
-63.479099 -0.517500
-63.285099 -0.589600
-63.098400 -0.657000
-62.919300 -0.809200
-62.814499 -0.937100
-62.662201 -1.047100
-62.484100 -1.102700
-62.230499 -1.206200
-62.120602 -1.248100
-61.910301 -1.320000
-61.692902 -1.400100
-61.512199 -1.524000
-61.338799 -1.637300
-61.095200 -1.745500
-60.847000 -1.844200
-60.644100 -1.944300
-60.414001 -2.023100
-60.067699 -2.070500
-59.677898 -2.039700
-59.426201 -1.998000
-59.136799 -1.899500
-58.923801 -1.750800
-58.675098 -1.595900
-58.441601 -1.501100
-58.229301 -1.453700
-58.045502 -1.413500
-57.938801 -1.367900
-57.820702 -1.261000
-57.757099 -1.156800
-57.676601 -1.113800
-57.564999 -1.115400
-57.478401 -1.110000
-57.370300 -1.125700
-57.308701 -1.108700
-57.223400 -1.061000
-57.135601 -1.060300
-57.069099 -1.081000
-56.988602 -1.034400
-56.911800 -0.973700
-56.859600 -0.983900
-56.808399 -1.018900
-56.682499 -1.039100
-56.597099 -1.034900
-56.514000 -1.060200
-56.394199 -1.066400
-56.301701 -1.075100
-56.188900 -1.109500
-56.123501 -1.147900
-56.071301 -1.164000
-56.006199 -1.142200
-55.945801 -1.138200
-55.887699 -1.130700
-55.810799 -1.102900
-55.701801 -1.087900
-55.614101 -1.091900
-55.521599 -1.111200
-55.437401 -1.122200
-55.331799 -1.168500
-55.283100 -1.210500
-55.243801 -1.266800
-55.193901 -1.298200
-55.143002 -1.300100
-55.071899 -1.299500
-55.003101 -1.327200
-54.949699 -1.369200
-54.875099 -1.369800
-54.779202 -1.364200
-54.687000 -1.319800
-54.576900 -1.333000
-54.478600 -1.341600
-54.400398 -1.382200
-54.338799 -1.391000
-54.293900 -1.362400
-54.244400 -1.285300
-54.191399 -1.229400
-54.134602 -1.210100
-54.064999 -1.158700
-53.988098 -1.129800
-53.903198 -1.051200
-53.802799 -0.998400
-53.679901 -0.954900
-53.618401 -0.924800
-53.551102 -0.881800
-53.479000 -0.863400
-53.426998 -0.854700
-53.373901 -0.805900
-53.301800 -0.774600
-53.225201 -0.699600
-53.149700 -0.644600
-53.070599 -0.588500
-52.969002 -0.556900
-52.860298 -0.516900
-52.758701 -0.483000
-52.684200 -0.470500
-52.599098 -0.462600
-52.495201 -0.430900
-52.418499 -0.385400
-52.293301 -0.322900
-52.165798 -0.289800
-52.041698 -0.266200
-51.921200 -0.246100
-51.741600 -0.278500
-51.656601 -0.249300
-51.592999 -0.168500
-51.528301 -0.050000
-51.473000 0.068500
-51.410801 0.222400
-51.350899 0.359700
-51.332298 0.474300
-51.324299 0.571000
-51.324600 0.651200
-51.297699 0.754000
-51.237598 0.818300
-51.129200 0.920800
-51.098701 1.004800
-51.066002 1.123100
-51.028599 1.260200
-51.015800 1.321600
-50.977100 1.427000
-50.871101 1.528300
-50.819302 1.597200
-50.778400 1.733200
-50.755199 1.863100
-50.742599 1.988200
-50.696899 2.074700
-50.675556 2.132778
-50.681946 2.132222
-50.687222 2.130833
-50.691387 2.128056
-50.696388 2.126111
-50.700279 2.123333
-50.705002 2.121111
-50.709999 2.119167
-50.713890 2.116389
-50.718887 2.114444
-50.724445 2.113056
-50.728889 2.110833
-50.733891 2.108889
-50.737221 2.105556
-50.740002 2.101389
-50.741390 2.095833
-50.742779 2.090278
-50.743332 2.084167
-50.744167 2.078056
-50.744167 2.077500
-50.744999 2.071111
-50.745556 2.065000
-50.745556 2.058333
-50.746944 2.052778
-50.748333 2.047222
-50.751667 2.043889
-50.756943 2.042500
-50.761944 2.044444
-50.766109 2.047222
-50.768890 2.051389
-50.770832 2.056111
-50.773056 2.060833
-50.775002 2.065833
-50.775555 2.071944
-50.776390 2.078056
-50.776390 2.085000
-50.775002 2.090278
-50.773609 2.095833
-50.771389 2.100556
-50.768890 2.104722
-50.766109 2.109444
-50.764721 2.115000
-50.764721 2.120556
-50.767223 2.124722
-50.770832 2.128056
-50.775002 2.130833
-50.778332 2.134167
-50.782501 2.136944
-50.785278 2.141111
-50.788612 2.144444
-50.791389 2.148611
-50.792778 2.154167
-50.790833 2.157500
-50.785278 2.156111
-50.782501 2.151944
-50.779720 2.148056
-50.776390 2.144444
-50.771389 2.142500
-50.766109 2.141111
-50.759998 2.140278
-50.753613 2.139722
-50.749443 2.136944
-50.744999 2.135000
-50.740002 2.134167
-50.735832 2.135556
-50.730556 2.136944
-50.724724 2.138333
-50.719444 2.136944
-50.712776 2.136944
-50.706669 2.137778
-50.700832 2.138889
-50.696388 2.141111
-50.692223 2.143889
-50.688610 2.147222
-50.685833 2.151389
-50.683056 2.155556
-50.680557 2.159444
-50.678890 2.165000
-50.678333 2.171111
-50.677776 2.177500
-50.676945 2.183611
-50.676945 2.190278
-50.676945 2.197222
-50.677776 2.203333
-50.678890 2.208889
-50.679722 2.215000
-50.679722 2.221944
-50.679722 2.228611
-50.679722 2.235556
-50.680557 2.241667
-50.683056 2.245833
-50.686390 2.249167
-50.690556 2.251944
-50.694721 2.254722
-50.698334 2.258056
-50.700279 2.263056
-50.702499 2.267778
-50.704445 2.272500
-50.706944 2.276667
-50.709999 2.280833
-50.712776 2.285000
-50.714722 2.289722
-50.716667 2.294444
-50.718887 2.299167
-50.720833 2.304167
-50.722778 2.308889
-50.724724 2.313611
-50.726944 2.318333
-50.728611 2.323889
-50.730556 2.328611
-50.731667 2.334167
-50.733055 2.339722
-50.735279 2.344444
-50.737221 2.349167
-50.739166 2.354167
-50.741390 2.358889
-50.743332 2.363611
-50.744167 2.369722
-50.742779 2.375278
-50.740833 2.380000
-50.738888 2.384722
-50.736668 2.389722
-50.735279 2.395000
-50.733891 2.400556
-50.733055 2.406667
-50.733055 2.413611
-50.734722 2.419167
-50.736668 2.423889
-50.738888 2.428611
-50.741390 2.432778
-50.744167 2.436944
-50.747501 2.440278
-50.750278 2.444444
-50.754444 2.447222
-50.757778 2.450556
-50.761944 2.453333
-50.766109 2.456111
-50.768890 2.460278
-50.772221 2.463611
-50.774445 2.468333
-50.776390 2.473056
-50.778332 2.478056
-50.780556 2.482778
-50.782501 2.487500
-50.785831 2.490833
-50.789444 2.494444
-50.794167 2.496389
-50.798332 2.499167
-50.803612 2.500556
-50.809723 2.499722
-50.813889 2.497222
-50.818054 2.494444
-50.821667 2.490833
-50.825001 2.487500
-50.829166 2.484722
-50.835278 2.485556
-50.839443 2.488333
-50.840000 2.494444
-50.838612 2.499722
-50.836666 2.504722
-50.833889 2.508611
-50.831390 2.512778
-50.828335 2.516944
-50.826389 2.521667
-50.824165 2.526667
-50.822224 2.531389
-50.820278 2.536111
-50.818890 2.541667
-50.818054 2.547778
-50.817501 2.553889
-50.816666 2.560000
-50.816666 2.566944
-50.816666 2.573889
-50.816113 2.580000
-50.816113 2.586944
-50.815556 2.593056
-50.815556 2.599722
-50.815556 2.606667
-50.815556 2.613611
-50.816113 2.619722
-50.816666 2.625833
-50.818054 2.631389
-50.820831 2.635278
-50.822224 2.640833
-50.823055 2.646944
-50.824165 2.652500
-50.825558 2.658056
-50.828335 2.662222
-50.831669 2.665556
-50.835835 2.668333
-50.840000 2.671111
-50.843613 2.674444
-50.846943 2.677778
-50.849724 2.681944
-50.850277 2.688056
-50.851112 2.692778
-50.850277 2.699167
-50.849724 2.705278
-50.849167 2.710000
-50.848331 2.716111
-50.847778 2.722222
-50.847778 2.729167
-50.848331 2.735278
-50.849724 2.740833
-50.852501 2.745000
-50.855831 2.748333
-50.860001 2.751111
-50.863335 2.754444
-50.866669 2.757778
-50.868889 2.762778
-50.870277 2.768056
-50.871666 2.773611
-50.873611 2.778333
-50.876389 2.782500
-50.880001 2.786111
-50.884445 2.788056
-50.889442 2.790000
-50.894169 2.792222
-50.899723 2.793611
-50.905277 2.795000
-50.910557 2.796111
-50.916389 2.797500
-50.920834 2.799722
-50.924442 2.803056
-50.924999 2.809167
-50.923058 2.814167
-50.920277 2.818056
-50.917500 2.822222
-50.915558 2.826944
-50.913334 2.831944
-50.912224 2.837222
-50.911388 2.843333
-50.910557 2.849722
-50.910000 2.855833
-50.910000 2.862778
-50.910000 2.864722
-50.910000 2.863889
-50.911388 2.869444
-50.913334 2.874167
-50.915558 2.879167
-50.918331 2.883056
-50.920277 2.888056
-50.923058 2.891944
-50.924999 2.896944
-50.927223 2.901667
-50.929169 2.906389
-50.930557 2.911944
-50.931110 2.918056
-50.932499 2.923611
-50.933334 2.929722
-50.934166 2.935833
-50.935280 2.941389
-50.937500 2.946111
-50.939445 2.950833
-50.942223 2.955000
-50.944443 2.959722
-50.946388 2.964722
-50.948334 2.969444
-50.949722 2.975000
-50.951942 2.979722
-50.953888 2.984444
-50.955833 2.989167
-50.958611 2.993333
-50.961388 2.997500
-50.964169 3.001667
-50.966667 3.005556
-50.969444 3.009722
-50.973057 3.013056
-50.975834 3.017222
-50.979168 3.020833
-50.981945 3.024722
-50.983891 3.029722
-50.986942 3.033611
-50.989445 3.037778
-50.991390 3.042500
-50.993057 3.048056
-50.993057 3.055000
-50.992222 3.061111
-50.991390 3.065833
-50.993057 3.071389
-50.995556 3.075556
-50.998890 3.078889
-51.002499 3.082222
-51.005833 3.085833
-51.008610 3.089722
-51.010834 3.094722
-51.012779 3.099444
-51.015278 3.103611
-51.017502 3.108333
-51.019169 3.113889
-51.020279 3.119167
-51.021667 3.124722
-51.023056 3.130278
-51.023609 3.136389
-51.023609 3.143333
-51.023609 3.150000
-51.023609 3.155556
-51.023056 3.161667
-51.021667 3.167222
-51.019444 3.171944
-51.019169 3.178056
-51.018333 3.184167
-51.017502 3.190556
-51.019169 3.195833
-51.019444 3.201944
-51.021667 3.206944
-51.023056 3.210833
-51.025276 3.215833
-51.027779 3.219722
-51.030556 3.223889
-51.033890 3.227500
-51.036945 3.231389
-51.038891 3.236389
-51.041389 3.240278
-51.044167 3.244444
-51.046391 3.249167
-51.048332 3.254167
-51.050556 3.258889
-51.051666 3.264444
-51.052502 3.270556
-51.053890 3.275833
-51.054443 3.281944
-51.055279 3.288333
-51.055832 3.294444
-51.056667 3.300556
-51.057499 3.306667
-51.058056 3.312778
-51.059444 3.318333
-51.060001 3.324444
-51.060833 3.330833
-51.061390 3.336944
-51.061943 3.343056
-51.063610 3.348333
-51.063610 3.355278
-51.064167 3.361389
-51.064167 3.368333
-51.064999 3.374444
-51.065556 3.379167
-51.064999 3.380556
-51.064999 3.384722
-51.065556 3.390833
-51.066113 3.396944
-51.066113 3.403889
-51.066113 3.410833
-51.066113 3.417500
-51.065556 3.423611
-51.066113 3.430000
-51.066944 3.436111
-51.066944 3.442778
-51.067501 3.448889
-51.067501 3.455833
-51.067501 3.462778
-51.067501 3.468056
-51.068333 3.474444
-51.068333 3.481111
-51.068333 3.488056
-51.067501 3.494167
-51.067501 3.501111
-51.067501 3.506389
-51.068333 3.511389
-51.069168 3.517500
-51.069443 3.523611
-51.071110 3.529722
-51.071667 3.535833
-51.072224 3.541944
-51.073055 3.548056
-51.073612 3.554444
-51.074444 3.560556
-51.075279 3.566667
-51.075279 3.573333
-51.075832 3.579722
-51.076389 3.585833
-51.075832 3.591944
-51.075832 3.598889
-51.075832 3.605556
-51.076389 3.611667
-51.077221 3.618056
-51.078609 3.623333
-51.078609 3.630278
-51.078609 3.637222
-51.077778 3.643333
-51.076389 3.648611
-51.075279 3.654167
-51.074444 3.658889
-51.073612 3.665000
-51.072224 3.670556
-51.072224 3.676111
-51.071667 3.682222
-51.071667 3.687778
-51.071110 3.693889
-51.070278 3.700000
-51.070278 3.706944
-51.070278 3.713611
-51.070278 3.720556
-51.071110 3.726667
-51.071110 3.733611
-51.072224 3.738889
-51.073055 3.745278
-51.074444 3.750556
-51.075832 3.756111
-51.076389 3.762222
-51.077221 3.768333
-51.077778 3.774444
-51.077778 3.781389
-51.077778 3.788333
-51.077778 3.795000
-51.077778 3.801944
-51.077778 3.808611
-51.077778 3.815556
-51.077778 3.822500
-51.077778 3.829167
-51.077778 3.834722
-51.078609 3.840833
-51.078609 3.847778
-51.077778 3.853889
-51.077778 3.860833
-51.077778 3.867500
-51.077778 3.874444
-51.077778 3.881111
-51.078609 3.887222
-51.079723 3.892778
-51.081390 3.898333
-51.083332 3.903056
-51.085556 3.907778
-51.088055 3.911944
-51.090832 3.916111
-51.094166 3.919444
-51.099724 3.920833
-51.103889 3.918056
-51.107777 3.915556
-51.111389 3.911944
-51.115002 3.908611
-51.118057 3.905278
-51.121944 3.901667
-51.123890 3.896944
-51.126389 3.892778
-51.129166 3.888611
-51.131390 3.883889
-51.134167 3.879722
-51.136665 3.875833
-51.138889 3.870833
-51.140835 3.866111
-51.142223 3.860833
-51.143890 3.855278
-51.144169 3.849167
-51.145832 3.843611
-51.146389 3.837500
-51.147778 3.831944
-51.148335 3.825833
-51.149166 3.819722
-51.150555 3.814167
-51.151112 3.808056
-51.151943 3.801944
-51.152500 3.795833
-51.153332 3.789444
-51.154167 3.783333
-51.154446 3.777222
-51.155277 3.771111
-51.156113 3.765000
-51.156113 3.758056
-51.156666 3.751944
-51.156666 3.745278
-51.157223 3.738889
-51.158054 3.732778
-51.158611 3.726667
-51.159443 3.720556
-51.160831 3.715000
-51.162224 3.709722
-51.163612 3.704167
-51.164722 3.698611
-51.165558 3.692500
-51.166943 3.686944
-51.167778 3.680833
-51.168888 3.675278
-51.171112 3.670556
-51.171944 3.664444
-51.173058 3.658889
-51.174442 3.653611
-51.175835 3.648056
-51.178612 3.648056
-51.180557 3.652778
-51.182499 3.657500
-51.184723 3.662500
-51.186111 3.667778
-51.186668 3.673889
-51.187500 3.680278
-51.187500 3.686944
-51.186668 3.693056
-51.186111 3.699444
-51.184723 3.704722
-51.182499 3.709722
-51.181389 3.715000
-51.180000 3.720556
-51.178612 3.726111
-51.178055 3.732222
-51.176388 3.737500
-51.175835 3.743889
-51.174442 3.749167
-51.173889 3.755278
-51.172501 3.760833
-51.171112 3.766389
-51.169724 3.771944
-51.168888 3.778056
-51.168331 3.784167
-51.167778 3.790278
-51.167778 3.797222
-51.167778 3.803889
-51.166943 3.810000
-51.166943 3.815556
-51.166389 3.821667
-51.166389 3.828611
-51.166389 3.835556
-51.166389 3.842222
-51.166389 3.849167
-51.166389 3.855833
-51.166389 3.862778
-51.166389 3.869444
-51.164722 3.875000
-51.164722 3.881944
-51.164722 3.888611
-51.164722 3.895556
-51.165558 3.901667
-51.165558 3.908611
-51.166389 3.914722
-51.166389 3.921667
-51.166389 3.928333
-51.166943 3.934444
-51.167778 3.940556
-51.168331 3.946944
-51.168888 3.953056
-51.169724 3.959167
-51.169724 3.966111
-51.169724 3.972778
-51.168888 3.978889
-51.168331 3.985000
-51.167778 3.991389
-51.166943 3.997500
-51.168888 4.002778
-51.171944 4.006944
-51.174442 4.011111
-51.178055 4.014444
-51.180557 4.018611
-51.182499 4.023333
-51.184166 4.028889
-51.184723 4.035000
-51.186111 4.040556
-51.187500 4.045833
-51.188889 4.051389
-51.190834 4.056111
-51.192780 4.061111
-51.195831 4.065000
-51.197777 4.070000
-51.200558 4.073889
-51.203335 4.078056
-51.206669 4.081389
-51.210278 4.085000
-51.212776 4.088889
-51.216389 4.092500
-51.219723 4.095833
-51.222500 4.100000
-51.224998 4.104167
-51.228058 4.108056
-51.230831 4.112222
-51.233334 4.116389
-51.236111 4.120556
-51.238888 4.124722
-51.241669 4.128611
-51.244446 4.132778
-51.246944 4.136944
-51.249722 4.141111
-51.252777 4.145000
-51.255280 4.149167
-51.258888 4.152500
-51.261391 4.156667
-51.264999 4.160000
-51.268333 4.163611
-51.271667 4.166944
-51.275276 4.170278
-51.278610 4.173889
-51.281944 4.177222
-51.285557 4.180556
-51.288891 4.184167
-51.292500 4.187500
-51.295834 4.190833
-51.299721 4.193611
-51.303333 4.196944
-51.306110 4.201111
-51.309444 4.204444
-51.312222 4.208611
-51.314999 4.212778
-51.318333 4.216111
-51.321110 4.220278
-51.323891 4.224444
-51.327499 4.227778
-51.331669 4.230556
-51.334721 4.233889
-51.338890 4.236667
-51.343887 4.238611
-51.347778 4.241389
-51.352779 4.243611
-51.356667 4.246111
-51.360832 4.248889
-51.365002 4.251667
-51.369999 4.253889
-51.373890 4.256389
-51.377499 4.260000
-51.381390 4.262500
-51.384167 4.266667
-51.387779 4.270278
-51.391109 4.273611
-51.392223 4.276389
-51.395832 4.279722
-51.399166 4.283056
-51.403332 4.285833
-51.408333 4.288056
-51.412777 4.290000
-51.416943 4.292778
-51.421112 4.295556
-51.426109 4.297500
-51.429443 4.300833
-51.432777 4.304444
-51.436943 4.306944
-51.440556 4.310556
-51.444443 4.313333
-51.448612 4.315833
-51.452499 4.318611
-51.457500 4.320556
-51.462502 4.322778
-51.466946 4.324722
-51.471943 4.326944
-51.476112 4.329722
-51.480831 4.331667
-51.485558 4.333611
-51.489723 4.336389
-51.493889 4.339167
-51.497223 4.342500
-51.501389 4.345278
-51.505280 4.348056
-51.508888 4.351389
-51.512501 4.354722
-51.515556 4.358333
-51.519169 4.361667
-51.521942 4.365833
-51.524723 4.370000
-51.527222 4.373889
-51.530277 4.378056
-51.532223 4.382778
-51.535000 4.386944
-51.537224 4.391667
-51.541111 4.394444
-51.545834 4.392500
-51.548611 4.388333
-51.551388 4.384167
-51.554169 4.380278
-51.556110 4.375278
-51.557499 4.370000
-51.558887 4.364444
-51.558887 4.357500
-51.559444 4.351389
-51.559444 4.344722
-51.559444 4.337778
-51.559444 4.331111
-51.559444 4.324167
-51.558887 4.318056
-51.558887 4.311111
-51.558334 4.305000
-51.556946 4.299444
-51.556110 4.293333
-51.555557 4.287222
-51.554169 4.281667
-51.553333 4.275556
-51.551388 4.270833
-51.549999 4.265278
-51.548058 4.260556
-51.546665 4.255000
-51.543888 4.251111
-51.541668 4.246111
-51.539165 4.242222
-51.536388 4.238056
-51.533333 4.233889
-51.532223 4.228333
-51.530834 4.223056
-51.529446 4.217500
-51.528889 4.211389
-51.528057 4.205278
-51.526669 4.199722
-51.525276 4.194167
-51.523888 4.188889
-51.522778 4.183333
-51.521111 4.177778
-51.519722 4.172500
-51.518612 4.166944
-51.517223 4.161389
-51.515556 4.156111
-51.514442 4.150556
-51.512501 4.145833
-51.511112 4.140278
-51.509445 4.134722
-51.508331 4.129444
-51.506111 4.124722
-51.505001 4.119167
-51.502777 4.114444
-51.500832 4.109444
-51.498055 4.105278
-51.495834 4.100556
-51.493889 4.095833
-51.491112 4.091667
-51.488335 4.087778
-51.486389 4.082778
-51.484165 4.078056
-51.483612 4.071944
-51.482777 4.065833
-51.481388 4.060278
-51.479443 4.055556
-51.477222 4.050833
-51.474724 4.046667
-51.471943 4.042500
-51.469166 4.038333
-51.466389 4.034444
-51.463612 4.030278
-51.461666 4.025556
-51.458611 4.021389
-51.456112 4.017222
-51.453335 4.013056
-51.450558 4.009167
-51.448055 4.005000
-51.444443 4.001667
-51.442501 3.996667
-51.439720 3.992500
-51.437778 3.987778
-51.436390 3.982500
-51.434444 3.977500
-51.432220 3.972778
-51.430557 3.967222
-51.430279 3.961111
-51.429443 3.955000
-51.428612 3.948889
-51.429443 3.942778
-51.430279 3.936667
-51.432220 3.931944
-51.434723 3.927778
-51.438332 3.928333
-51.438332 3.933889
-51.438889 3.940000
-51.440556 3.945556
-51.441113 3.951667
-51.442501 3.957222
-51.443890 3.962500
-51.445831 3.967222
-51.447224 3.972778
-51.449165 3.977500
-51.451942 3.981667
-51.454723 3.985833
-51.457500 3.990000
-51.460278 3.993889
-51.462776 3.998056
-51.465832 4.002222
-51.468613 4.006389
-51.471111 4.010556
-51.473888 4.014444
-51.476665 4.018611
-51.479443 4.022778
-51.482224 4.026944
-51.485001 4.030833
-51.487499 4.035000
-51.490555 4.039167
-51.493057 4.043333
-51.495834 4.047222
-51.498611 4.051389
-51.501389 4.055556
-51.503334 4.060278
-51.506111 4.064444
-51.508331 4.069167
-51.510277 4.073889
-51.512501 4.078889
-51.513611 4.084167
-51.514442 4.090278
-51.515556 4.095833
-51.516388 4.101944
-51.517776 4.107500
-51.519722 4.112222
-51.521942 4.116944
-51.525276 4.120556
-51.528057 4.124722
-51.530834 4.128611
-51.533054 4.133333
-51.535557 4.137500
-51.537224 4.143056
-51.538334 4.148333
-51.539722 4.153889
-51.540558 4.160000
-51.541111 4.166389
-51.543331 4.171111
-51.545277 4.175833
-51.547501 4.180556
-51.549442 4.185278
-51.551388 4.190278
-51.553333 4.195000
-51.554722 4.200556
-51.556110 4.205833
-51.557499 4.211389
-51.558887 4.216944
-51.560280 4.222222
-51.561111 4.228333
-51.562222 4.233889
-51.565277 4.238056
-51.570557 4.238056
-51.574722 4.235278
-51.578056 4.231944
-51.580002 4.227222
-51.581669 4.221667
-51.583057 4.216111
-51.584167 4.210833
-51.584999 4.204444
-51.585556 4.198333
-51.587223 4.192778
-51.588333 4.187500
-51.589722 4.181944
-51.591110 4.176389
-51.592499 4.171111
-51.593887 4.165556
-51.595280 4.160000
-51.596668 4.154722
-51.597778 4.149167
-51.599445 4.143611
-51.600555 4.138333
-51.601944 4.132778
-51.603611 4.127222
-51.604721 4.121944
-51.606110 4.116389
-51.608055 4.111667
-51.610279 4.106667
-51.611668 4.101389
-51.613888 4.096667
-51.616390 4.092500
-51.618332 4.087778
-51.621387 4.083611
-51.623333 4.078889
-51.625557 4.073889
-51.628056 4.070000
-51.630001 4.065000
-51.633057 4.061111
-51.636391 4.056944
-51.639999 4.053611
-51.644444 4.051389
-51.648609 4.048611
-51.653610 4.046667
-51.658333 4.044722
-51.662224 4.041944
-51.666389 4.039167
-51.671391 4.037222
-51.676109 4.035000
-51.680832 4.033056
-51.684444 4.033056
-51.684444 4.033611
-51.682499 4.037222
-51.680279 4.041944
-51.676666 4.045278
-51.674168 4.049444
-51.672222 4.054167
-51.669167 4.058333
-51.666389 4.063056
-51.664444 4.067778
-51.662224 4.072500
-51.661110 4.078056
-51.659721 4.083611
-51.658890 4.089722
-51.658890 4.096667
-51.658333 4.102778
-51.657501 4.108889
-51.656944 4.115000
-51.655556 4.120556
-51.654720 4.126667
-51.653610 4.131944
-51.652222 4.137500
-51.651390 4.143611
-51.650833 4.149722
-51.650276 4.156111
-51.648609 4.161389
-51.648056 4.167778
-51.647221 4.173889
-51.647221 4.180556
-51.647221 4.187500
-51.647221 4.194167
-51.648056 4.200556
-51.648609 4.206667
-51.650276 4.211944
-51.652222 4.216944
-51.653610 4.222222
-51.654720 4.225000
-51.657501 4.229167
-51.660278 4.233333
-51.663055 4.237222
-51.665833 4.241389
-51.668331 4.245556
-51.671391 4.249722
-51.674168 4.253889
-51.677502 4.257222
-51.680832 4.260556
-51.684444 4.263889
-51.686943 4.268056
-51.690556 4.271389
-51.693054 4.275556
-51.696667 4.278889
-51.699444 4.283056
-51.702221 4.287222
-51.704723 4.291389
-51.706944 4.296111
-51.708889 4.300833
-51.711109 4.305556
-51.712502 4.311111
-51.714443 4.315833
-51.716667 4.320556
-51.718056 4.326111
-51.719166 4.331667
-51.720001 4.337778
-51.720001 4.344722
-51.719166 4.350833
-51.718056 4.356111
-51.715832 4.361111
-51.712502 4.364444
-51.706390 4.365000
-51.699444 4.365000
-51.693890 4.365000
-51.689999 4.367778
-51.688610 4.373333
-51.689167 4.379444
-51.691944 4.383611
-51.695278 4.386944
-51.700279 4.389167
-51.706944 4.389167
-51.713890 4.389167
-51.719166 4.390556
-51.724167 4.393056
-51.728333 4.395833
-51.731667 4.399167
-51.734444 4.403333
-51.736942 4.407500
-51.739166 4.412222
-51.741943 4.416389
-51.743889 4.421111
-51.743889 4.428056
-51.741112 4.431944
-51.736942 4.434722
-51.731667 4.436111
-51.727501 4.438889
-51.726944 4.443611
-51.728889 4.448333
-51.732777 4.451111
-51.739166 4.450556
-51.744720 4.449167
-51.750832 4.450000
-51.752220 4.455278
-51.753056 4.461389
-51.753334 4.467500
-51.755001 4.471667
-51.756390 4.477222
-51.756943 4.483333
-51.757500 4.489444
-51.758331 4.494167
-51.759167 4.500278
-51.760277 4.505833
-51.761112 4.511944
-51.762501 4.517500
-51.763058 4.523611
-51.764999 4.528333
-51.765835 4.533333
-51.767223 4.538611
-51.768612 4.544167
-51.770832 4.548889
-51.772778 4.553611
-51.775002 4.558333
-51.777500 4.562500
-51.781113 4.566111
-51.784443 4.570000
-51.787777 4.573611
-51.791943 4.576111
-51.796112 4.578889
-51.799999 4.581667
-51.803612 4.585000
-51.805557 4.589722
-51.803055 4.593889
-51.798058 4.596111
-51.794724 4.599444
-51.793888 4.605556
-51.797501 4.608889
-51.802223 4.611667
-51.806946 4.613889
-51.811111 4.616667
-51.815834 4.618611
-51.820000 4.621389
-51.823612 4.624722
-51.827499 4.627500
-51.831112 4.630833
-51.834442 4.634167
-51.837223 4.638333
-51.840557 4.641667
-51.843887 4.645833
-51.846668 4.650000
-51.849998 4.653333
-51.853611 4.656667
-51.857777 4.659444
-51.862499 4.661667
-51.868610 4.662222
-51.874722 4.663056
-51.881111 4.663611
-51.888058 4.663611
-51.894722 4.663611
-51.900276 4.662222
-51.904999 4.660278
-51.908333 4.656667
-51.911945 4.653333
-51.914444 4.649444
-51.916668 4.644444
-51.918610 4.639722
-51.920277 4.634167
-51.922222 4.629444
-51.923611 4.624167
-51.924721 4.618611
-51.926388 4.613056
-51.926945 4.606944
-51.927502 4.600833
-51.928333 4.594722
-51.928890 4.588611
-51.929722 4.582500
-51.930557 4.576111
-51.930832 4.570000
-51.930832 4.563333
-51.930832 4.556389
-51.930832 4.549722
-51.930832 4.542778
-51.930832 4.535833
-51.930832 4.529167
-51.930557 4.523056
-51.930557 4.516111
-51.929722 4.510000
-51.929722 4.503056
-51.929722 4.496389
-51.928890 4.490278
-51.928890 4.483333
-51.928333 4.477222
-51.927502 4.471111
-51.926388 4.465556
-51.925556 4.459444
-51.924721 4.453333
-51.924168 4.446944
-51.924168 4.440278
-51.923611 4.434167
-51.923611 4.427222
-51.923611 4.420556
-51.924721 4.415000
-51.925556 4.408889
-51.926945 4.403333
-51.928890 4.398611
-51.931667 4.394444
-51.934444 4.390556
-51.936390 4.385556
-51.939999 4.382222
-51.943333 4.378889
-51.946667 4.375278
-51.950832 4.372500
-51.954445 4.369167
-51.958611 4.366389
-51.962776 4.363889
-51.967220 4.361667
-51.971390 4.358889
-51.976391 4.356944
-51.980556 4.354167
-51.984444 4.351389
-51.989166 4.349444
-51.994167 4.347500
-52.000278 4.346667
-52.006390 4.346111
-52.011944 4.344722
-52.016666 4.342500
-52.020832 4.339722
-52.025555 4.337778
-52.030556 4.335833
-52.035278 4.333611
-52.040001 4.331667
-52.043888 4.333056
-52.041389 4.337778
-52.038612 4.341944
-52.036667 4.346667
-52.033333 4.350000
-52.029167 4.352778
-52.025002 4.355556
-52.020832 4.358333
-52.015835 4.360278
-52.011944 4.363056
-52.007778 4.365833
-52.003056 4.367778
-51.998890 4.370556
-51.994167 4.372500
-51.990002 4.375278
-51.985832 4.378056
-51.981667 4.380833
-51.977501 4.383611
-51.973610 4.386389
-51.969444 4.389167
-51.966110 4.392500
-51.962776 4.395833
-51.958889 4.399167
-51.956390 4.403333
-51.954445 4.408056
-51.952221 4.413056
-51.951668 4.417778
-51.950832 4.423889
-51.950832 4.430833
-51.950279 4.436944
-51.950279 4.443611
-51.950832 4.450000
-51.950832 4.456667
-51.951668 4.462778
-51.952221 4.468889
-51.952778 4.475000
-51.954445 4.480556
-51.955002 4.486667
-51.956390 4.492222
-51.956944 4.498333
-51.958889 4.503056
-51.960556 4.508611
-51.961945 4.514167
-51.963055 4.519444
-51.965279 4.524167
-51.968056 4.528333
-51.970001 4.533333
-51.971390 4.538611
-51.973610 4.543333
-51.974167 4.549722
-51.974724 4.555833
-51.974724 4.562500
-51.975555 4.568611
-51.976391 4.574722
-51.976944 4.581111
-51.977501 4.587222
-51.978889 4.592500
-51.980556 4.598056
-51.982498 4.602778
-51.983891 4.608333
-51.985001 4.613889
-51.987221 4.618611
-51.989166 4.623333
-51.991390 4.628056
-51.992779 4.633611
-51.994720 4.638333
-51.996944 4.643056
-51.998890 4.648056
-52.001667 4.651944
-52.004444 4.656111
-52.006943 4.660278
-52.009167 4.665000
-52.011944 4.669167
-52.014721 4.673056
-52.017223 4.677222
-52.020000 4.682222
-52.023056 4.686111
-52.026390 4.689722
-52.029720 4.693056
-52.033333 4.696389
-52.036667 4.699722
-52.040001 4.703333
-52.042778 4.707222
-52.046112 4.710833
-52.048889 4.715000
-52.052223 4.718333
-52.055557 4.721667
-52.058613 4.725833
-52.061390 4.730000
-52.063889 4.733889
-52.068054 4.736667
-52.071667 4.740000
-52.076389 4.742222
-52.081112 4.744167
-52.085278 4.746944
-52.089443 4.749722
-52.092777 4.753056
-52.095554 4.757222
-52.098057 4.761389
-52.101665 4.764722
-52.105000 4.768056
-52.109165 4.770833
-52.113888 4.773056
-52.118610 4.775000
-52.123611 4.776944
-52.127777 4.778333
-52.133331 4.779722
-52.138611 4.781111
-52.143612 4.783056
-52.148056 4.785278
-52.152222 4.788056
-52.156387 4.790556
-52.160000 4.794722
-52.163334 4.798333
-52.166111 4.802222
-52.168331 4.806944
-52.170834 4.811111
-52.173611 4.815278
-52.176388 4.819444
-52.179722 4.822778
-52.182499 4.826944
-52.185280 4.830833
-52.188057 4.835000
-52.190277 4.839722
-52.192780 4.843889
-52.194721 4.848611
-52.197498 4.852778
-52.200558 4.856944
-52.203056 4.861111
-52.207222 4.863611
-52.211109 4.866389
-52.216667 4.867778
-52.221668 4.870000
-52.227779 4.870556
-52.230556 4.866389
-52.233055 4.862500
-52.236111 4.858333
-52.239445 4.855000
-52.243332 4.852222
-52.247501 4.849444
-52.253056 4.848056
-52.258610 4.846667
-52.264721 4.845833
-52.269444 4.843889
-52.274445 4.841944
-52.277779 4.838611
-52.281387 4.835000
-52.284721 4.831667
-52.287224 4.827500
-52.289444 4.822778
-52.291389 4.818056
-52.294167 4.813889
-52.296944 4.809722
-52.299168 4.805000
-52.300278 4.799444
-52.301666 4.794167
-52.303333 4.788611
-52.303612 4.782500
-52.305279 4.776944
-52.306667 4.771667
-52.308613 4.766667
-52.310555 4.761944
-52.313610 4.757778
-52.317501 4.755278
-52.321110 4.751667
-52.324444 4.748333
-52.327221 4.744167
-52.329723 4.740000
-52.331944 4.735278
-52.333332 4.730000
-52.333332 4.724444
-52.335278 4.721111
-52.340000 4.723056
-52.343613 4.726389
-52.345554 4.731389
-52.345554 4.738056
-52.345001 4.744167
-52.343613 4.749722
-52.340832 4.753889
-52.338055 4.757778
-52.335278 4.761944
-52.331944 4.765556
-52.329166 4.769444
-52.327221 4.774167
-52.324444 4.779167
-52.322224 4.783889
-52.319443 4.788056
-52.317501 4.792778
-52.316113 4.798333
-52.314167 4.803056
-52.312778 4.808333
-52.311390 4.813889
-52.309444 4.818611
-52.307220 4.823333
-52.305279 4.828333
-52.303333 4.833056
-52.300278 4.837222
-52.297501 4.841111
-52.294167 4.844722
-52.290001 4.847222
-52.285831 4.850000
-52.281944 4.852778
-52.277222 4.855556
-52.272221 4.857500
-52.268055 4.860278
-52.264721 4.863611
-52.261944 4.867778
-52.259167 4.871944
-52.257778 4.877500
-52.257778 4.884167
-52.259167 4.889722
-52.261944 4.893889
-52.264168 4.898611
-52.266945 4.902500
-52.268890 4.907500
-52.270279 4.912778
-52.272221 4.917778
-52.273609 4.923056
-52.275555 4.926667
-52.277779 4.931389
-52.281387 4.934722
-52.285278 4.937500
-52.290001 4.939444
-52.294998 4.941667
-52.300278 4.943611
-52.305279 4.944444
-52.311390 4.945000
-52.316944 4.946389
-52.322224 4.947778
-52.327778 4.949167
-52.333332 4.949167
-52.338055 4.946944
-52.342220 4.944444
-52.345554 4.940833
-52.348331 4.936667
-52.349724 4.931389
-52.351112 4.925833
-52.353058 4.921111
-52.355831 4.916944
-52.358612 4.912778
-52.361389 4.908889
-52.364723 4.904722
-52.368057 4.901389
-52.372223 4.898611
-52.376389 4.895833
-52.380554 4.893056
-52.385277 4.891111
-52.389442 4.891111
-52.387501 4.895833
-52.386665 4.901944
-52.383331 4.905278
-52.380554 4.909444
-52.377220 4.912778
-52.373890 4.916389
-52.372223 4.921944
-52.373890 4.927222
-52.375832 4.931944
-52.378334 4.936111
-52.381390 4.940278
-52.382500 4.943056
-52.385277 4.946944
-52.388889 4.950556
-52.391666 4.954444
-52.394169 4.958611
-52.397778 4.961944
-52.400276 4.966111
-52.403889 4.969444
-52.407223 4.973056
-52.410557 4.976389
-52.414165 4.979722
-52.417500 4.983333
-52.420834 4.986667
-52.421665 4.992778
-52.419724 4.997500
-52.419724 5.003056
-52.424999 5.004444
-52.430557 5.003056
-52.436111 5.001667
-52.441666 5.000278
-52.447777 5.001111
-52.451942 5.003611
-52.456112 5.006389
-52.458611 5.010556
-52.462223 5.013889
-52.464722 5.018056
-52.467499 5.022222
-52.468887 5.027500
-52.470833 5.032222
-52.473888 5.036389
-52.476665 5.040556
-52.480000 5.043889
-52.484165 5.046667
-52.489445 5.048056
-52.495556 5.048611
-52.502499 5.048611
-52.508888 5.048056
-52.515556 5.048056
-52.522499 5.048056
-52.526669 5.050833
-52.527779 5.056389
-52.526669 5.061667
-52.527222 5.068611
-52.529999 5.072500
-52.533890 5.075278
-52.537498 5.078889
-52.541389 5.081389
-52.546391 5.083611
-52.550556 5.086389
-52.554722 5.088889
-52.559444 5.091111
-52.562778 5.094444
-52.566944 5.097222
-52.571110 5.100000
-52.575279 5.102778
-52.578609 5.106111
-52.581944 5.109444
-52.585556 5.112778
-52.588890 5.116389
-52.592220 5.119722
-52.595833 5.121667
-52.600555 5.123889
-52.605831 5.125278
-52.610832 5.127222
-52.615002 5.130000
-52.618332 5.133333
-52.621944 5.136944
-52.625278 5.140278
-52.629444 5.143056
-52.632778 5.146944
-52.636112 5.150556
-52.639721 5.153889
-52.642223 5.158056
-52.645832 5.161389
-52.648335 5.165556
-52.651112 5.169444
-52.653332 5.174444
-52.656113 5.178333
-52.658054 5.183333
-52.661667 5.186667
-52.665001 5.190000
-52.668888 5.192778
-52.673058 5.195556
-52.674442 5.196111
-52.673889 5.196111
-52.678055 5.198889
-52.681389 5.202222
-52.684723 5.205833
-52.688332 5.209167
-52.691666 5.212500
-52.695000 5.215833
-52.698612 5.219444
-52.702499 5.222222
-52.707500 5.224167
-52.712223 5.226111
-52.716946 5.228333
-52.721111 5.231111
-52.725834 5.233056
-52.730000 5.235833
-52.734165 5.238611
-52.738335 5.241111
-52.741669 5.244722
-52.745834 5.247222
-52.749168 5.250833
-52.753334 5.253611
-52.756943 5.256944
-52.760834 5.259722
-52.764442 5.263056
-52.767776 5.266389
-52.771111 5.270000
-52.775276 5.272500
-52.778610 5.276111
-52.781387 5.280000
-52.785000 5.283611
-52.788334 5.286944
-52.791111 5.291111
-52.794445 5.294444
-52.797779 5.297778
-52.800556 5.301944
-52.803333 5.306111
-52.806110 5.310278
-52.808056 5.315000
-52.810833 5.318889
-52.813057 5.323889
-52.815556 5.327778
-52.817501 5.332778
-52.820557 5.336667
-52.823334 5.340833
-52.825832 5.345000
-52.828056 5.349722
-52.830002 5.354444
-52.832779 5.358611
-52.835556 5.362778
-52.837776 5.367500
-52.840279 5.371389
-52.843056 5.375556
-52.846390 5.379167
-52.849445 5.383056
-52.852779 5.386667
-52.855556 5.390556
-52.858891 5.393889
-52.861668 5.398056
-52.865002 5.401667
-52.868332 5.405000
-52.871113 5.409167
-52.874443 5.412500
-52.877499 5.416667
-52.880833 5.420000
-52.884167 5.423333
-52.886944 5.426111
-52.890278 5.429444
-52.894444 5.432222
-52.898609 5.435000
-52.903332 5.436944
-52.908890 5.438333
-52.913612 5.440278
-52.917778 5.443056
-52.921112 5.446667
-52.925278 5.449444
-52.929443 5.451944
-52.933613 5.454722
-52.937778 5.458056
-52.942501 5.460278
-52.948055 5.461667
-52.952499 5.460833
-52.956390 5.457500
-52.960835 5.455556
-52.967777 5.455556
-52.973331 5.456667
-52.977222 5.459444
-52.981388 5.462222
-52.985558 5.465000
-52.989723 5.467778
-52.993889 5.470556
-52.999168 5.471944
-53.005554 5.472500
-53.009445 5.469722
-53.012501 5.465556
-53.011665 5.459444
-53.009445 5.454722
-53.007500 5.450000
-53.010277 5.448056
-53.014999 5.450000
-53.020000 5.450556
-53.025276 5.451944
-53.028889 5.452778
-53.033611 5.454722
-53.038334 5.456667
-53.042500 5.458056
-53.048058 5.459444
-53.053333 5.460833
-53.059166 5.462222
-53.063610 5.464444
-53.068611 5.466389
-53.073891 5.467778
-53.078888 5.469722
-53.083611 5.471944
-53.088333 5.473889
-53.093334 5.475833
-53.098057 5.478056
-53.102779 5.480000
-53.107777 5.481944
-53.112221 5.484167
-53.118057 5.485556
-53.122780 5.487500
-53.126667 5.490278
-53.131668 5.492222
-53.135834 5.495556
-53.140556 5.498333
-53.144444 5.501111
-53.149445 5.503056
-53.153610 5.505833
-53.157780 5.508611
-53.161945 5.511389
-53.165833 5.514167
-53.169998 5.516944
-53.174721 5.518889
-53.179722 5.520833
-53.185833 5.521667
-53.191944 5.522222
-53.197224 5.520833
-53.199444 5.516111
-53.201389 5.511389
-53.202221 5.505278
-53.204166 5.500556
-53.207779 5.496944
-53.212502 5.495000
-53.218056 5.493611
-53.223331 5.495000
-53.228333 5.496944
-53.232777 5.499167
-53.237778 5.501111
-53.242779 5.503056
-53.248055 5.504444
-53.253056 5.506667
-53.256943 5.509444
-53.259724 5.513333
-53.260555 5.519722
-53.260555 5.526389
-53.261112 5.532500
-53.263889 5.536667
-53.268055 5.539444
-53.273335 5.540556
-53.279446 5.541389
-53.285831 5.542222
-53.291943 5.542778
-53.298889 5.542778
-53.305000 5.542222
-53.311668 5.542222
-53.317780 5.541389
-53.325001 5.541389
-53.331669 5.541389
-53.338612 5.541389
-53.344723 5.540556
-53.349724 5.538611
-53.355000 5.537222
-53.361111 5.536667
-53.367500 5.537222
-53.373611 5.538056
-53.378887 5.539444
-53.384445 5.540556
-53.390556 5.541389
-53.396111 5.542778
-53.401669 5.544167
-53.406944 5.545556
-53.411945 5.547500
-53.416668 5.549722
-53.421391 5.551667
-53.426388 5.553611
-53.431667 5.555000
-53.436390 5.556944
-53.441944 5.558333
-53.447498 5.559722
-53.453609 5.560556
-53.459167 5.561944
-53.465279 5.563333
-53.471390 5.563889
-53.476944 5.565278
-53.482498 5.566667
-53.486668 5.569444
-53.490833 5.572222
-53.494999 5.574722
-53.498890 5.577500
-53.502499 5.580833
-53.505554 5.584444
-53.509167 5.587778
-53.512779 5.591111
-53.516109 5.594722
-53.520279 5.598056
-53.523609 5.600000
-53.527500 5.602778
-53.531666 5.605556
-53.535831 5.608333
-53.540001 5.610833
-53.544724 5.613056
-53.548889 5.615833
-53.553612 5.617778
-53.558613 5.619722
-53.562500 5.622500
-53.566666 5.625278
-53.571667 5.627222
-53.576389 5.629444
-53.580276 5.632222
-53.585278 5.634167
-53.590000 5.636111
-53.594166 5.638889
-53.599724 5.640278
-53.604443 5.642222
-53.609165 5.644444
-53.613335 5.647222
-53.618057 5.649167
-53.623055 5.651111
-53.627777 5.653333
-53.632500 5.655278
-53.637222 5.657222
-53.642223 5.659444
-53.646111 5.662222
-53.651669 5.663333
-53.656387 5.665556
-53.662224 5.666944
-53.667500 5.668333
-53.672501 5.670278
-53.676945 5.672222
-53.681946 5.674444
-53.686390 5.676389
-53.691387 5.678611
-53.696388 5.680556
-53.701111 5.682500
-53.705833 5.684722
-53.710556 5.686667
-53.715279 5.688611
-53.720280 5.690833
-53.724445 5.693333
-53.728611 5.696111
-53.733055 5.698333
-53.736942 5.701667
-53.740833 5.705000
-53.744167 5.708611
-53.746944 5.712500
-53.750557 5.716111
-53.753887 5.719444
-53.759998 5.720000
-53.766109 5.720833
-53.771111 5.722778
-53.775833 5.724722
-53.779167 5.728333
-53.783333 5.731111
-53.786667 5.734444
-53.791389 5.736389
-53.795555 5.739167
-53.799721 5.741944
-53.803890 5.744722
-53.807499 5.748056
-53.810001 5.752222
-53.812778 5.756111
-53.814720 5.759722
-53.816944 5.764444
-53.819443 5.768611
-53.823055 5.771944
-53.829166 5.772500
-53.835556 5.771944
-53.841667 5.771111
-53.847778 5.770556
-53.853889 5.771111
-53.858612 5.773333
-53.863888 5.774722
-53.868889 5.776667
-53.873890 5.778611
-53.878613 5.780833
-53.883331 5.782778
-53.889442 5.782222
-53.894169 5.780000
-53.897778 5.776667
-53.900002 5.771944
-53.901943 5.767222
-53.904446 5.763056
-53.908054 5.759722
-53.912224 5.756944
-53.916389 5.754167
-53.921665 5.752778
-53.927223 5.751389
-53.931946 5.749444
-53.937500 5.748056
-53.942223 5.745833
-53.947777 5.744722
-53.953056 5.743333
-53.957222 5.740556
-53.961388 5.737778
-53.965557 5.735000
-53.969723 5.732222
-53.973057 5.728889
-53.975834 5.724722
-53.977779 5.720000
-53.979168 5.714722
-53.980831 5.709167
-53.982777 5.704444
-53.985001 5.699722
-53.987499 5.695556
-53.990276 5.691389
-53.993057 5.687222
-53.995556 5.683333
-53.997780 5.678611
-53.998890 5.673056
-54.000557 5.667500
-54.001110 5.661389
-54.002777 5.656111
-54.003056 5.649722
-54.004723 5.644444
-54.005833 5.638889
-54.007221 5.633333
-54.008057 5.627222
-54.009445 5.621944
-54.009998 5.615833
-54.010834 5.609722
-54.010834 5.602778
-54.009445 5.597222
-54.008057 5.591944
-54.005833 5.586944
-54.004723 5.581667
-54.003056 5.576111
-54.002777 5.570000
-54.002777 5.563333
-54.003056 5.556944
-54.003887 5.550833
-54.005280 5.545556
-54.007221 5.540556
-54.009445 5.535833
-54.012222 5.531944
-54.014999 5.527778
-54.016945 5.523056
-54.019722 5.518889
-54.021667 5.514167
-54.024445 5.510000
-54.027779 5.506667
-54.031387 5.503056
-54.034168 5.499167
-54.036945 5.495000
-54.039444 5.490833
-54.041111 5.485556
-54.043056 5.480556
-54.044998 5.475833
-54.046391 5.470556
-54.047779 5.465000
-54.049168 5.459444
-54.050556 5.454167
-54.052502 5.449444
-54.054722 5.444444
-54.056667 5.439722
-54.059444 5.435556
-54.061390 5.430833
-54.064167 5.426667
-54.066387 5.421944
-54.069721 5.418611
-54.072498 5.414444
-54.075279 5.410278
-54.078609 5.406944
-54.081390 5.403056
-54.084721 5.399444
-54.088055 5.395278
-54.091667 5.391944
-54.095833 5.389167
-54.100555 5.387222
-54.105556 5.385278
-54.109444 5.382500
-54.114166 5.380556
-54.117779 5.376944
-54.121944 5.374167
-54.125278 5.370833
-54.128613 5.367500
-54.131943 5.364167
-54.135555 5.360556
-54.139721 5.357778
-54.143890 5.355278
-54.149166 5.353889
-54.154167 5.351667
-54.158611 5.349722
-54.164444 5.348333
-54.167778 5.346944
-54.165001 5.351111
-54.162224 5.355278
-54.160278 5.358611
-54.157501 5.362778
-54.155277 5.367500
-54.154167 5.373056
-54.152500 5.378333
-54.151390 5.383889
-54.148335 5.387778
-54.145000 5.391389
-54.142223 5.395278
-54.139721 5.399444
-54.136944 5.403611
-54.134167 5.407778
-54.131943 5.412500
-54.129444 5.416667
-54.127220 5.421389
-54.124443 5.425556
-54.121944 5.429444
-54.119167 5.433611
-54.116390 5.437778
-54.112778 5.441111
-54.109444 5.444444
-54.105831 5.448056
-54.102501 5.451389
-54.099167 5.454722
-54.095833 5.458056
-54.093056 5.462222
-54.089722 5.465556
-54.086945 5.469722
-54.083611 5.473056
-54.080002 5.476667
-54.076668 5.480000
-54.073334 5.483333
-54.070278 5.487500
-54.067501 5.491667
-54.064999 5.495556
-54.062222 5.499722
-54.060001 5.504444
-54.058056 5.509444
-54.055832 5.514167
-54.053890 5.518889
-54.052502 5.524444
-54.051388 5.529722
-54.049721 5.535278
-54.049721 5.542222
-54.049168 5.548333
-54.049168 5.555000
-54.049168 5.561944
-54.049168 5.568611
-54.049168 5.575556
-54.050556 5.580833
-54.051945 5.586389
-54.052502 5.592500
-54.052502 5.599444
-54.051945 5.605556
-54.050556 5.610833
-54.048611 5.615833
-54.047222 5.621111
-54.047222 5.628056
-54.047779 5.634167
-54.048611 5.640278
-54.048611 5.647222
-54.047222 5.652500
-54.044998 5.657222
-54.042221 5.661389
-54.039444 5.665556
-54.037498 5.670278
-54.034168 5.673611
-54.030834 5.677222
-54.027222 5.680556
-54.024445 5.684722
-54.022499 5.689444
-54.021111 5.694722
-54.019722 5.700278
-54.018333 5.705833
-54.016945 5.711111
-54.014168 5.715278
-54.010834 5.718611
-54.006668 5.721389
-54.002777 5.724167
-53.998890 5.727500
-53.995556 5.731111
-53.993610 5.735833
-53.990833 5.739722
-53.989445 5.745278
-53.990276 5.751389
-53.993057 5.755556
-53.996387 5.758889
-53.999722 5.762222
-54.003056 5.765833
-54.006668 5.769167
-54.009998 5.772500
-54.012222 5.777222
-54.014999 5.781389
-54.016388 5.786944
-54.017502 5.792222
-54.018333 5.798611
-54.018333 5.805278
-54.019722 5.810833
-54.021111 5.816111
-54.025276 5.818889
-54.029999 5.821111
-54.035278 5.822222
-54.041668 5.823056
-54.047222 5.824444
-54.053890 5.824444
-54.059444 5.825833
-54.064999 5.827222
-54.071110 5.827778
-54.076668 5.829167
-54.083611 5.829167
-54.090279 5.829167
-54.095833 5.830556
-54.101944 5.831111
-54.106667 5.833333
-54.110832 5.835833
-54.115833 5.838056
-54.119720 5.840833
-54.123890 5.843333
-54.128056 5.846111
-54.131390 5.849722
-54.135555 5.852222
-54.140278 5.854444
-54.145832 5.855833
-54.151390 5.857222
-54.156113 5.859167
-54.160831 5.861111
-54.165001 5.863889
-54.169724 5.866667
-54.174442 5.868611
-54.178612 5.871389
-54.184166 5.872778
-54.188889 5.874722
-54.194443 5.876111
-54.199165 5.878333
-54.204723 5.879722
-54.210835 5.880278
-54.216389 5.881667
-54.222500 5.882222
-54.228889 5.883056
-54.235001 5.883611
-54.240833 5.884444
-54.247780 5.884444
-54.254166 5.883611
-54.260277 5.883056
-54.266388 5.882222
-54.272499 5.883056
-54.277222 5.885000
-54.281387 5.887778
-54.285557 5.890556
-54.289444 5.893333
-54.293610 5.895833
-54.298611 5.898056
-54.304722 5.898611
-54.311111 5.899444
-54.317223 5.900000
-54.322498 5.901389
-54.328056 5.902778
-54.333611 5.904167
-54.339169 5.905556
-54.344444 5.906944
-54.350555 5.907500
-54.356945 5.908333
-54.363056 5.907500
-54.369167 5.906944
-54.375278 5.906111
-54.380833 5.907500
-54.386944 5.908333
-54.392502 5.909444
-54.397221 5.911667
-54.402222 5.913611
-54.407501 5.915000
-54.413055 5.916389
-54.419167 5.917222
-54.426109 5.917222
-54.432220 5.917778
-54.438889 5.917778
-54.445278 5.918611
-54.452221 5.918611
-54.458332 5.919167
-54.465000 5.919167
-54.471943 5.919167
-54.478889 5.919167
-54.485001 5.919722
-54.491943 5.919722
-54.498055 5.920556
-54.505001 5.920556
-54.511112 5.921111
-54.517776 5.921111
-54.523888 5.921944
-54.530277 5.922500
-54.536388 5.923333
-54.541943 5.924722
-54.548058 5.925278
-54.552223 5.928056
-54.556946 5.930000
-54.561668 5.931944
-54.564445 5.933333
-54.570557 5.934167
-54.576942 5.934722
-54.581669 5.936944
-54.586388 5.938889
-54.591110 5.940833
-54.595833 5.943056
-54.601944 5.943611
-54.609165 5.943611
-54.614445 5.945000
-54.619446 5.947222
-54.623890 5.949167
-54.629723 5.950556
-54.634445 5.952500
-54.639168 5.954722
-54.644722 5.955833
-54.649445 5.958056
-54.654167 5.960000
-54.659721 5.961389
-54.665279 5.962778
-54.671391 5.963333
-54.678333 5.963333
-54.685001 5.963333
-54.691944 5.963333
-54.698055 5.962778
-54.704445 5.961944
-54.710556 5.962778
-54.715832 5.964167
-54.721390 5.965556
-54.726944 5.966944
-54.731667 5.968889
-54.735832 5.971667
-54.740555 5.973611
-54.745277 5.975556
-54.750278 5.977778
-54.755001 5.979722
-54.759724 5.981944
-54.765835 5.982500
-54.772778 5.982500
-54.779446 5.982500
-54.785831 5.981944
-54.791943 5.981111
-54.798889 5.981111
-54.805000 5.980556
-54.811668 5.980556
-54.818611 5.980556
-54.824165 5.981944
-54.830276 5.982500
-54.835278 5.984722
-54.839722 5.986667
-54.843887 5.989444
-54.849724 5.990833
-54.854168 5.990000
-54.860001 5.988611
-54.865276 5.987222
-54.870834 5.985833
-54.876945 5.985278
-54.883888 5.985278
-54.889999 5.985833
-54.895557 5.987222
-54.900276 5.989444
-54.904999 5.991389
-54.911945 5.991389
-54.918331 5.990833
-54.924442 5.990000
-54.931110 5.990000
-54.938057 5.990000
-54.944721 5.990000
-54.950832 5.989444
-54.956944 5.988611
-54.964169 5.988611
-54.970280 5.988056
-54.976391 5.988611
-54.983055 5.988611
-54.990002 5.988611
-54.996944 5.988611
-55.003613 5.988611
-55.009167 5.990000
-55.014721 5.991389
-55.018890 5.994167
-55.023609 5.996111
-55.027779 5.998889
-55.032501 6.000833
-55.038612 6.001667
-55.044167 6.003056
-55.050278 6.002222
-55.056389 6.001667
-55.061390 5.999444
-55.065556 5.996944
-55.070278 5.994722
-55.075001 5.992778
-55.080555 5.991389
-55.085278 5.989444
-55.090832 5.988056
-55.095554 5.985833
-55.101112 5.984722
-55.107224 5.983889
-55.113335 5.983333
-55.119720 5.982500
-55.125832 5.981944
-55.131111 5.980556
-55.137501 5.979722
-55.143612 5.979167
-55.148888 5.977778
-55.153889 5.975556
-55.158054 5.973056
-55.161388 5.969444
-55.162777 5.964167
-55.162224 5.958056
-55.160000 5.953333
-55.156387 5.949722
-55.153889 5.945833
-55.151112 5.941667
-55.148056 5.937500
-55.145000 5.934167
-55.141388 5.930833
-55.137501 5.928056
-55.133331 5.925278
-55.129166 5.922500
-55.125000 5.919722
-55.121666 5.916389
-55.117500 5.913611
-55.113888 5.910278
-55.110558 5.906944
-55.106388 5.904167
-55.101944 5.902222
-55.096111 5.900833
-55.090000 5.900000
-55.083889 5.900833
-55.077221 5.900833
-55.070831 5.901389
-55.063889 5.901389
-55.057777 5.900833
-55.053055 5.898611
-55.049442 5.895278
-55.045277 5.892500
-55.041943 5.889167
-55.038055 5.886389
-55.034721 5.883056
-55.031387 5.879722
-55.027222 5.876944
-55.023056 5.874167
-55.019444 5.870833
-55.015278 5.868056
-55.011112 5.865278
-55.006390 5.863333
-55.000278 5.863889
-54.994999 5.865278
-54.990002 5.867222
-54.985832 5.870000
-54.980556 5.871389
-54.974724 5.872778
-54.968887 5.873333
-54.961945 5.873333
-54.955002 5.873333
-54.950279 5.871389
-54.945557 5.869444
-54.940556 5.867222
-54.933887 5.867222
-54.928333 5.868611
-54.924999 5.872222
-54.920834 5.874722
-54.917500 5.878333
-54.913334 5.880833
-54.908333 5.883056
-54.903610 5.885000
-54.897499 5.885833
-54.892223 5.884444
-54.888058 5.881667
-54.883888 5.878889
-54.880280 5.875556
-54.877777 5.871389
-54.875000 5.867222
-54.871666 5.863889
-54.868057 5.860556
-54.864445 5.857222
-54.864445 5.853056
-54.868057 5.856389
-54.871666 5.859722
-54.875557 5.862500
-54.879723 5.865278
-54.885277 5.866667
-54.889999 5.868611
-54.895557 5.870000
-54.902222 5.870000
-54.909168 5.870000
-54.914165 5.868056
-54.918331 5.865278
-54.922222 5.862500
-54.924999 5.858611
-54.928333 5.855000
-54.931110 5.851111
-54.935280 5.848333
-54.940556 5.846944
-54.946667 5.846111
-54.952499 5.847500
-54.956944 5.849722
-54.961109 5.852222
-54.965279 5.855000
-54.968887 5.858611
-54.972778 5.861111
-54.978333 5.862500
-54.985279 5.862500
-54.990002 5.860556
-54.994999 5.858611
-54.998333 5.855000
-55.002499 5.852222
-55.006943 5.850278
-55.013332 5.849722
-55.018890 5.851111
-55.023609 5.853056
-55.028332 5.855000
-55.032501 5.857778
-55.036667 5.860556
-55.040833 5.863333
-55.045277 5.865278
-55.050278 5.867222
-55.054443 5.870000
-55.059444 5.872222
-55.063332 5.874722
-55.068054 5.876944
-55.073612 5.878333
-55.078335 5.880278
-55.084442 5.880833
-55.090832 5.880278
-55.092777 5.875556
-55.094166 5.870000
-55.095554 5.864722
-55.096111 5.858611
-55.096943 5.852222
-55.099724 5.848333
-55.102222 5.844167
-55.104443 5.839444
-55.105831 5.833889
-55.107224 5.828611
-55.109165 5.823611
-55.113335 5.821111
-55.118057 5.818889
-55.125000 5.818889
-55.127777 5.820278
-55.127777 5.819722
-55.128334 5.820278
-55.127220 5.825833
-55.123890 5.829167
-55.119999 5.832500
-55.116669 5.835833
-55.113888 5.840000
-55.111389 5.844167
-55.110001 5.849722
-55.108612 5.855000
-55.107777 5.861111
-55.107777 5.868056
-55.110001 5.872778
-55.111942 5.877500
-55.116112 5.880833
-55.119999 5.883611
-55.125000 5.885833
-55.131111 5.886389
-55.136112 5.888611
-55.141388 5.889722
-55.146111 5.891944
-55.150276 5.894722
-55.154446 5.897222
-55.158611 5.900000
-55.162777 5.902778
-55.166668 5.905556
-55.171665 5.907500
-55.177776 5.908333
-55.183887 5.907500
-55.188610 5.905556
-55.192223 5.902222
-55.195557 5.898611
-55.199722 5.895833
-55.204723 5.893889
-55.209999 5.892500
-55.216110 5.891944
-55.222500 5.892500
-55.226665 5.895278
-55.230556 5.898056
-55.233891 5.901389
-55.238056 5.904167
-55.241390 5.907500
-55.245556 5.910278
-55.249722 5.913056
-55.253887 5.915833
-55.258057 5.918611
-55.261944 5.921111
-55.264168 5.922500
-55.269169 5.924722
-55.275276 5.925278
-55.280556 5.926667
-55.286110 5.928056
-55.290833 5.930000
-55.294998 5.932778
-55.299721 5.934722
-55.304722 5.936944
-55.309444 5.938889
-55.314999 5.940278
-55.319443 5.942222
-55.324444 5.944444
-55.329166 5.946389
-55.333889 5.948333
-55.339722 5.949722
-55.344166 5.951944
-55.349724 5.953333
-55.355278 5.954722
-55.360832 5.955833
-55.366943 5.956667
-55.371944 5.958611
-55.377220 5.960000
-55.381943 5.961944
-55.386665 5.964167
-55.392776 5.964722
-55.400002 5.964722
-55.406113 5.964167
-55.412777 5.964167
-55.418888 5.964722
-55.424442 5.966111
-55.430557 5.966944
-55.436111 5.968333
-55.442501 5.968889
-55.449165 5.968889
-55.455276 5.968333
-55.461388 5.967500
-55.466946 5.966111
-55.473057 5.965556
-55.479168 5.966111
-55.485001 5.967500
-55.490833 5.968333
-55.494999 5.969444
-55.501110 5.970278
-55.506668 5.971667
-55.513058 5.972222
-55.519169 5.973056
-55.525276 5.973611
-55.530834 5.975000
-55.536110 5.976389
-55.542221 5.976944
-55.548611 5.977778
-55.554722 5.976944
-55.561390 5.976944
-55.567501 5.976389
-55.573891 5.975556
-55.580002 5.975000
-55.586945 5.975000
-55.593056 5.974444
-55.599724 5.974444
-55.606667 5.974444
-55.613609 5.974444
-55.620277 5.974444
-55.626667 5.975000
-55.632778 5.975556
-55.638058 5.976944
-55.644444 5.977778
-55.650002 5.979167
-55.655556 5.980556
-55.661667 5.981111
-55.666943 5.982500
-55.673889 5.981944
-55.678612 5.979722
-55.683613 5.977778
-55.688332 5.975556
-55.693054 5.973611
-55.698612 5.972222
-55.703335 5.970278
-55.709442 5.969444
-55.715832 5.968889
-55.722778 5.968889
-55.728889 5.968333
-55.735001 5.967500
-55.740555 5.966111
-55.745834 5.966111
-55.752777 5.966111
-55.758888 5.966944
-55.764999 5.967500
-55.771111 5.966944
-55.777222 5.966111
-55.783054 5.964722
-55.789165 5.964167
-55.794445 5.962778
-55.800835 5.961944
-55.806946 5.961389
-55.813057 5.960833
-55.819168 5.960000
-55.824722 5.958611
-55.830002 5.957222
-55.836388 5.956667
-55.841667 5.955278
-55.847221 5.953889
-55.851944 5.951944
-55.856110 5.949167
-55.859722 5.945833
-55.862221 5.941667
-55.864445 5.936944
-55.867222 5.932778
-55.870556 5.929444
-55.873333 5.925278
-55.876667 5.921944
-55.880001 5.918611
-55.884167 5.915833
-55.889168 5.913611
-55.893055 5.911111
-55.897221 5.908333
-55.901390 5.905556
-55.905556 5.902778
-55.909721 5.900000
-55.913891 5.897222
-55.918056 5.894722
-55.921391 5.891111
-55.924721 5.887222
-55.926666 5.882222
-55.926666 5.875556
-55.924168 5.871389
-55.921391 5.867222
-55.917221 5.864722
-55.913055 5.861944
-55.908333 5.859722
-55.903610 5.857778
-55.900276 5.854444
-55.896667 5.851111
-55.895279 5.845556
-55.894444 5.839444
-55.895279 5.833333
-55.897221 5.828611
-55.899445 5.823611
-55.901390 5.818889
-55.903610 5.814167
-55.905556 5.809444
-55.904720 5.803333
-55.903610 5.797778
-55.900555 5.793611
-55.897221 5.790278
-55.895279 5.785556
-55.893055 5.780833
-55.891109 5.775833
-55.889999 5.770556
-55.888332 5.765000
-55.886944 5.759722
-55.885834 5.754167
-55.884167 5.748611
-55.882778 5.743333
-55.881668 5.737778
-55.880001 5.732222
-55.878887 5.726944
-55.878056 5.723333
-55.877499 5.724167
-55.878056 5.718056
-55.878056 5.711111
-55.878887 5.705000
-55.879723 5.698889
-55.880833 5.693333
-55.882778 5.688611
-55.884167 5.683333
-55.886944 5.679167
-55.889999 5.675000
-55.893890 5.672222
-55.898609 5.674444
-55.899445 5.680556
-55.898056 5.686111
-55.897221 5.692222
-55.896667 5.698333
-55.896667 5.705000
-55.896667 5.711944
-55.895279 5.717222
-55.894444 5.723333
-55.894444 5.730278
-55.894444 5.737222
-55.896111 5.742500
-55.897221 5.748056
-55.898056 5.754167
-55.899445 5.759722
-55.900276 5.765833
-55.902222 5.770556
-55.904720 5.774722
-55.908333 5.778056
-55.911667 5.781389
-55.916389 5.783611
-55.921944 5.784722
-55.928333 5.785556
-55.934444 5.786111
-55.939167 5.788333
-55.943890 5.788889
-55.949444 5.790278
-55.954723 5.791667
-55.960556 5.793056
-55.966667 5.793611
-55.971943 5.795000
-55.977501 5.796389
-55.982777 5.797778
-55.987778 5.799722
-55.991943 5.802500
-55.996113 5.805278
-56.000000 5.808056
-56.004166 5.810833
-56.008331 5.813333
-56.013058 5.816111
-56.017776 5.818333
-56.023335 5.819722
-56.028889 5.821111
-56.035000 5.821667
-56.041389 5.821111
-56.048058 5.821111
-56.055000 5.821111
-56.061111 5.821667
-56.066666 5.823056
-56.071945 5.824444
-56.076942 5.826389
-56.082222 5.827778
-56.087776 5.829167
-56.093334 5.830556
-56.098057 5.832500
-56.102779 5.834722
-56.106945 5.837222
-56.111942 5.839444
-56.116669 5.841389
-56.120556 5.844167
-56.125557 5.846111
-56.130280 5.848333
-56.134998 5.850278
-56.139999 5.852222
-56.145557 5.853611
-56.150833 5.855000
-56.156944 5.855833
-56.162498 5.857222
-56.169445 5.857222
-56.175556 5.857778
-56.180832 5.859167
-56.187222 5.859722
-56.192501 5.861111
-56.197498 5.863333
-56.202221 5.865278
-56.206944 5.867222
-56.211109 5.870000
-56.215279 5.872778
-56.220280 5.874722
-56.224724 5.876944
-56.229721 5.878889
-56.234444 5.880833
-56.240002 5.882222
-56.244720 5.884444
-56.250278 5.885833
-56.255554 5.887222
-56.260555 5.889167
-56.266109 5.890556
-56.271389 5.891944
-56.276943 5.893333
-56.283333 5.893889
-56.288612 5.895278
-56.293331 5.897222
-56.299442 5.898056
-56.305279 5.899444
-56.311943 5.899444
-56.318054 5.900000
-56.323612 5.901389
-56.328335 5.903333
-56.333332 5.905556
-56.337776 5.907500
-56.342777 5.909444
-56.348057 5.911111
-56.355000 5.911111
-56.361389 5.910278
-56.368057 5.910278
-56.374168 5.911111
-56.380001 5.912222
-56.385277 5.913611
-56.390556 5.915000
-56.395557 5.917222
-56.399723 5.919722
-56.404167 5.921944
-56.409168 5.923889
-56.414165 5.925833
-56.418610 5.928056
-56.422779 5.930833
-56.428333 5.931944
-56.433887 5.933333
-56.440556 5.933333
-56.447498 5.933333
-56.453056 5.934722
-56.458611 5.936111
-56.463333 5.938333
-56.467499 5.940833
-56.472221 5.943056
-56.476944 5.945000
-56.483055 5.945833
-56.489166 5.945000
-56.494999 5.943611
-56.499722 5.943056
-56.506668 5.943056
-56.512779 5.942222
-56.518890 5.943056
-56.524445 5.944444
-56.529720 5.945833
-56.535831 5.946389
-56.541389 5.947778
-56.547501 5.948333
-56.554443 5.948333
-56.560001 5.947222
-56.565556 5.945833
-56.570278 5.943611
-56.576389 5.943056
-56.581669 5.941667
-56.588055 5.940833
-56.594166 5.940278
-56.601112 5.940278
-56.607224 5.940833
-56.612778 5.942222
-56.618057 5.943611
-56.623890 5.945000
-56.628334 5.947222
-56.632500 5.949722
-56.636665 5.952500
-56.641666 5.954722
-56.645557 5.957222
-56.649723 5.960000
-56.653889 5.962778
-56.658611 5.964722
-56.664165 5.966111
-56.669724 5.966111
-56.674442 5.966944
-56.680557 5.966111
-56.687500 5.966111
-56.694443 5.966111
-56.700558 5.965556
-56.706669 5.966111
-56.712776 5.966944
-56.719723 5.966944
-56.725834 5.967500
-56.732777 5.967500
-56.738888 5.968333
-56.745556 5.968333
-56.751667 5.968889
-56.758057 5.969444
-56.764999 5.969444
-56.771667 5.969444
-56.778610 5.969444
-56.783890 5.970833
-56.789444 5.972222
-56.794445 5.974444
-56.799168 5.976389
-56.804722 5.977778
-56.810001 5.979167
-56.814999 5.981111
-56.821110 5.981944
-56.827221 5.982500
-56.833611 5.983333
-56.840279 5.983333
-56.846390 5.983889
-56.851391 5.985833
-56.855831 5.988056
-56.860832 5.990000
-56.866112 5.991389
-56.872501 5.990833
-56.878056 5.990833
-56.884167 5.990000
-56.890835 5.990000
-56.897778 5.990000
-56.904446 5.990000
-56.911388 5.990000
-56.918331 5.990000
-56.925278 5.990000
-56.931389 5.990833
-56.936668 5.991944
-56.942501 5.993333
-56.947777 5.995556
-56.953335 5.996944
-56.959442 5.997500
-56.966389 5.997500
-56.972500 5.996944
-56.977222 5.994722
-56.982777 5.993333
-56.987499 5.991389
-56.992500 5.989444
-56.996666 5.986667
-57.000557 5.983889
-57.003887 5.980556
-57.007221 5.976944
-57.011112 5.973611
-57.014442 5.970278
-57.017223 5.966111
-57.020557 5.962778
-57.024723 5.960000
-57.028610 5.957222
-57.034168 5.955833
-57.040279 5.955278
-57.045834 5.953889
-57.051945 5.953333
-57.057499 5.951944
-57.062222 5.949722
-57.065556 5.946389
-57.068333 5.942222
-57.070557 5.937500
-57.071667 5.931944
-57.072498 5.925833
-57.073334 5.919722
-57.073334 5.913056
-57.073334 5.906111
-57.073891 5.900000
-57.073891 5.893333
-57.074444 5.887222
-57.075832 5.881667
-57.078056 5.876944
-57.080002 5.872222
-57.081944 5.867222
-57.084999 5.863333
-57.087776 5.859167
-57.090279 5.855000
-57.093056 5.851111
-57.095833 5.846944
-57.097778 5.842222
-57.100555 5.838056
-57.102779 5.833333
-57.104721 5.828611
-57.106945 5.823611
-57.108891 5.818889
-57.111668 5.814722
-57.114166 5.810833
-57.116390 5.805833
-57.118332 5.801111
-57.121113 5.797222
-57.123333 5.792222
-57.125278 5.787500
-57.127499 5.782778
-57.129444 5.778056
-57.131390 5.773333
-57.132778 5.767778
-57.133610 5.761667
-57.133610 5.754722
-57.133610 5.748056
-57.133610 5.741111
-57.134167 5.735000
-57.134167 5.728333
-57.134998 5.722222
-57.134998 5.715278
-57.134998 5.708611
-57.134998 5.701667
-57.135555 5.695556
-57.136112 5.689444
-57.136944 5.683333
-57.138332 5.677778
-57.138889 5.671667
-57.140278 5.666111
-57.141945 5.660833
-57.143055 5.655278
-57.144444 5.649722
-57.145832 5.644444
-57.147221 5.638889
-57.148609 5.633333
-57.150002 5.628056
-57.150555 5.621944
-57.152222 5.616389
-57.152779 5.610278
-57.153332 5.604167
-57.154720 5.598611
-57.155556 5.592500
-57.156666 5.586944
-57.157501 5.580833
-57.158890 5.575556
-57.159721 5.569444
-57.160831 5.563889
-57.161667 5.557778
-57.163891 5.553056
-57.165001 5.547500
-57.166389 5.542222
-57.168331 5.537222
-57.170555 5.532500
-57.173332 5.528333
-57.176666 5.525000
-57.180279 5.521667
-57.184444 5.518889
-57.188332 5.516111
-57.193054 5.514167
-57.198055 5.511944
-57.202499 5.510000
-57.208332 5.508611
-57.213612 5.507222
-57.218613 5.505278
-57.223888 5.503889
-57.228889 5.501944
-57.233612 5.499722
-57.236942 5.496389
-57.240555 5.493056
-57.243889 5.489444
-57.247223 5.486111
-57.248055 5.484722
-57.248890 5.486111
-57.249168 5.488889
-57.247223 5.492222
-57.243889 5.495556
-57.241669 5.500556
-57.239723 5.505278
-57.236942 5.509444
-57.235001 5.512778
-57.232777 5.517500
-57.230278 5.521667
-57.226944 5.525000
-57.223888 5.529167
-57.220554 5.532500
-57.217777 5.536667
-57.215000 5.540556
-57.211666 5.544167
-57.208889 5.548333
-57.206112 5.552222
-57.203335 5.556389
-57.200558 5.560556
-57.198055 5.564444
-57.195831 5.569444
-57.193054 5.573333
-57.191113 5.578333
-57.188889 5.583056
-57.186943 5.587778
-57.184723 5.592500
-57.183613 5.598056
-57.182220 5.603333
-57.180832 5.608889
-57.180279 5.615000
-57.178612 5.620556
-57.177223 5.626111
-57.176109 5.631389
-57.175278 5.637500
-57.174442 5.643611
-57.174442 5.650556
-57.174168 5.656667
-57.174168 5.663333
-57.173332 5.669722
-57.173332 5.676389
-57.173332 5.683333
-57.172501 5.689444
-57.172501 5.696111
-57.173332 5.702500
-57.174442 5.707778
-57.176666 5.712500
-57.177223 5.718611
-57.179443 5.723333
-57.180832 5.728889
-57.182220 5.734444
-57.183613 5.739722
-57.184444 5.745833
-57.184723 5.752222
-57.184723 5.758889
-57.184444 5.765000
-57.182777 5.770556
-57.181389 5.775833
-57.180279 5.781389
-57.178612 5.786944
-57.176666 5.791667
-57.174442 5.796389
-57.172501 5.801111
-57.169998 5.805278
-57.167778 5.810000
-57.165001 5.814167
-57.162224 5.818333
-57.160278 5.823056
-57.157501 5.827222
-57.155556 5.831944
-57.153332 5.836667
-57.152222 5.842222
-57.150555 5.847500
-57.149166 5.853056
-57.148609 5.859167
-57.148056 5.865278
-57.146389 5.870833
-57.145832 5.876944
-57.145279 5.883056
-57.145279 5.889722
-57.144444 5.895833
-57.144444 5.902778
-57.144444 5.909444
-57.143055 5.915000
-57.141945 5.920556
-57.140278 5.925833
-57.138332 5.930833
-57.136944 5.936111
-57.135555 5.941667
-57.134998 5.947778
-57.134998 5.954722
-57.135555 5.960833
-57.136944 5.966111
-57.139721 5.970278
-57.143055 5.973611
-57.145832 5.977778
-57.149166 5.981111
-57.152222 5.985278
-57.154720 5.989444
-57.157501 5.993333
-57.159721 5.998333
-57.161667 6.003056 
-57.158333 5.998611  
-57.160278 6.002778  
-57.162224 6.007778  
-57.160831 6.013889  
-57.160000 6.020000  
-57.160278 6.026111  
-57.160000 6.033056  
-57.160278 6.039167  
-57.160557 6.045556  
-57.160831 6.051667  
-57.162498 6.056667  
-57.163891 6.062222  
-57.166389 6.066389  
-57.168331 6.071389  
-57.170555 6.075556  
-57.172501 6.080556  
-57.173611 6.086111  
-57.173889 6.092222  
-57.174721 6.097778  
-57.176109 6.103333  
-57.177776 6.108333  
-57.180557 6.112778  
-57.182220 6.117500  
-57.184444 6.121944  
-57.186390 6.126667  
-57.188889 6.131111  
-57.192223 6.134722  
-57.194721 6.138889  
-57.197224 6.143056  
-57.199722 6.147500  
-57.203056 6.151111  
-57.206390 6.154722  
-57.209721 6.158333  
-57.213612 6.161944  
-57.216667 6.165556  
-57.220280 6.169167  
-57.224167 6.172222  
-57.227222 6.175833  
-57.231110 6.178611  
-57.234722 6.182222  
-57.237778 6.186111  
-57.240833 6.189722  
-57.244446 6.193333  
-57.247501 6.196944  
-57.251110 6.200556  
-57.254166 6.204167  
-57.258057 6.207778  
-57.261112 6.211389  
-57.265278 6.214167  
-57.269169 6.217222  
-57.273056 6.220278  
-57.277222 6.223333  
-57.280556 6.226944  
-57.284443 6.229722  
-57.288612 6.232778  
-57.291668 6.236389  
-57.295555 6.239444  
-57.299442 6.242222  
-57.303055 6.245833  
-57.306946 6.248889  
-57.310833 6.251944  
-57.314999 6.255000  
-57.318054 6.258611  
-57.322224 6.261389  
-57.325558 6.265000  
-57.329445 6.268056  
-57.332779 6.271667  
-57.336666 6.274722  
-57.341389 6.276944  
-57.345833 6.279167  
-57.349998 6.282222  
-57.354721 6.284444  
-57.358891 6.287500  
-57.363609 6.290000  
-57.368889 6.291667  
-57.374168 6.293333  
-57.380001 6.295000  
-57.386112 6.295833  
-57.392223 6.296944  
-57.396942 6.299167  
-57.400833 6.302222  
-57.404720 6.305278  
-57.408890 6.308056  
-57.412777 6.311111  
-57.417500 6.313611  
-57.422501 6.315833  
-57.427776 6.317500  
-57.433056 6.319167  
-57.437778 6.321389  
-57.442501 6.323611  
-57.446667 6.326667  
-57.450558 6.329722  
-57.454723 6.332778  
-57.459167 6.335000  
-57.463055 6.338056  
-57.468056 6.340278  
-57.473331 6.341944  
-57.479443 6.343056  
-57.485832 6.342778  
-57.492222 6.342222  
-57.497501 6.341111  
-57.501110 6.338056  
-57.503613 6.333333  
-57.505280 6.327778  
-57.506390 6.321667  
-57.505833 6.315556  
-57.505554 6.309444  
-57.504723 6.303611  
-57.504166 6.297500  
-57.503056 6.291944  
-57.503334 6.285000  
-57.505001 6.279722  
-57.508888 6.276389  
-57.513058 6.273889  
-57.516109 6.270000  
-57.519444 6.270833  
-57.519169 6.277778  
-57.519444 6.283889  
-57.520557 6.289444  
-57.522499 6.294444  
-57.524166 6.299444  
-57.526112 6.304167  
-57.528610 6.308611  
-57.531113 6.312778  
-57.534443 6.316389  
-57.537498 6.320000  
-57.541389 6.325000  
-57.544724 6.328611  
-57.548058 6.332222  
-57.551388 6.335833  
-57.554443 6.339444  
-57.557220 6.343889  
-57.560280 6.347222  
-57.562778 6.351667  
-57.564720 6.356667  
-57.567780 6.360278  
-57.570557 6.364444  
-57.572224 6.369444  
-57.573334 6.375000  
-57.575279 6.379722  
-57.576942 6.384722  
-57.578888 6.389722  
-57.580555 6.394444  
-57.581669 6.400000  
-57.583611 6.405000  
-57.585278 6.410000  
-57.586388 6.415556  
-57.588055 6.420278  
-57.589722 6.425278  
-57.591667 6.430278  
-57.594166 6.434444  
-57.596943 6.438889  
-57.599998 6.442500  
-57.603333 6.446111  
-57.606667 6.449722  
-57.610001 6.453333  
-57.613056 6.456944  
-57.616390 6.460556  
-57.619720 6.464167  
-57.622780 6.467778  
-57.626110 6.471389  
-57.629444 6.475000  
-57.632778 6.479167  
-57.636665 6.482222  
-57.640556 6.485278  
-57.644722 6.488056  
-57.648609 6.491111  
-57.653332 6.493333  
-57.657501 6.496389  
-57.662224 6.498611  
-57.666668 6.501111  
-57.671665 6.503333  
-57.676945 6.505000  
-57.681667 6.507222  
-57.685833 6.510278  
-57.690556 6.512778  
-57.694443 6.515556  
-57.698891 6.518611  
-57.703056 6.521667  
-57.707779 6.523889  
-57.711945 6.526944  
-57.716667 6.529167  
-57.721111 6.531389  
-57.724998 6.534444  
-57.728611 6.538056  
-57.731667 6.541667  
-57.735001 6.545278  
-57.738335 6.548889  
-57.742222 6.551944  
-57.745556 6.555556  
-57.749443 6.558611  
-57.753334 6.561389  
-57.755280 6.565000  
-57.754723 6.566389  
-57.757778 6.570000  
-57.761944 6.572778  
-57.764999 6.576389  
-57.768333 6.580000  
-57.771667 6.583611  
-57.775002 6.587222  
-57.779167 6.590278  
-57.782223 6.593889  
-57.786110 6.596944  
-57.789444 6.600556  
-57.793331 6.603611  
-57.796665 6.607222  
-57.799999 6.610833  
-57.803890 6.613611  
-57.807499 6.617222  
-57.810555 6.620833  
-57.814445 6.623889  
-57.817780 6.627500  
-57.821110 6.631111  
-57.824165 6.634722  
-57.827499 6.638333  
-57.832222 6.640556  
-57.836388 6.643611  
-57.840279 6.646667  
-57.844166 6.649444  
-57.848331 6.652500  
-57.853058 6.654722  
-57.856945 6.657778  
-57.861111 6.660833  
-57.865833 6.663056  
-57.869720 6.666111  
-57.874443 6.668333  
-57.878334 6.671389  
-57.882500 6.674167  
-57.885834 6.678056  
-57.888889 6.681667  
-57.893055 6.684444  
-57.896111 6.688056  
-57.899445 6.691667  
-57.902779 6.695278  
-57.905277 6.699444  
-57.908611 6.703333  
-57.911110 6.707500  
-57.914444 6.711111  
-57.916943 6.715278  
-57.919445 6.719722  
-57.922501 6.723333  
-57.925278 6.727500  
-57.927776 6.731667  
-57.931110 6.735278  
-57.934444 6.738889  
-57.937778 6.742500  
-57.940834 6.746111  
-57.943333 6.750556  
-57.946667 6.754167  
-57.950001 6.757778  
-57.953056 6.761389  
-57.956669 6.765000  
-57.959721 6.768611  
-57.963055 6.772222  
-57.966946 6.775278  
-57.970280 6.778611  
-57.974445 6.781667  
-57.978333 6.784722  
-57.982224 6.787778  
-57.986389 6.790556  
-57.990833 6.792778  
-57.995834 6.795278  
-58.001110 6.796944  
-58.005833 6.799167  
-58.010834 6.801667  
-58.015278 6.803889  
-58.020000 6.806111  
-58.025002 6.808333  
-58.028889 6.811389  
-58.033333 6.813889  
-58.039165 6.815278  
-58.044445 6.817222  
-58.050556 6.818056  
-58.056946 6.817778  
-58.062500 6.816667  
-58.068890 6.816389  
-58.075001 6.815833  
-58.081390 6.815556  
-58.087776 6.815278  
-58.093887 6.815000  
-58.100555 6.815278  
-58.106945 6.816389  
-58.112221 6.818056  
-58.118332 6.818889  
-58.123333 6.821389  
-58.128056 6.823611  
-58.132778 6.825833  
-58.137501 6.828333  
-58.142776 6.829722  
-58.149166 6.830833  
-58.154167 6.829167  
-58.158890 6.827222  
-58.162498 6.823889  
-58.164722 6.819444  
-58.167221 6.814722  
-58.170834 6.811389  
-58.175556 6.813611  
-58.179722 6.816667  
-58.183613 6.819722  
-58.187500 6.822500  
-58.190834 6.826111  
-58.194168 6.829722  
-58.197498 6.833333  
-58.201389 6.836389  
-58.204723 6.840000  
-58.208611 6.843056  
-58.212776 6.845833  
-58.218056 6.847500  
-58.224445 6.848611  
-58.228333 6.851667  
-58.232498 6.854444  
-58.235558 6.858056  
-58.239445 6.861111  
-58.243057 6.864722  
-58.246113 6.868333  
-58.250278 6.871389  
-58.253334 6.875000  
-58.258057 6.877222  
-58.263058 6.876667  
-58.268612 6.876944  
-58.273888 6.878611  
-58.278889 6.881111  
-58.283333 6.883333  
-58.288055 6.885556  
-58.293056 6.888056  
-58.298332 6.889722  
-58.303612 6.891389  
-58.310001 6.892222  
-58.314720 6.894722  
-58.320831 6.895556  
-58.327221 6.895278  
-58.331944 6.893611  
-58.336388 6.890833  
-58.340557 6.888333  
-58.346943 6.888056  
-58.352501 6.886944  
-58.358055 6.885833  
-58.364445 6.885556  
-58.370556 6.885278  
-58.376110 6.884167  
-58.381943 6.883056  
-58.387501 6.881944  
-58.393055 6.880833  
-58.398056 6.878889  
-58.403610 6.877778  
-58.408333 6.876111  
-58.413612 6.874444  
-58.417778 6.871667  
-58.422222 6.869167  
-58.425835 6.866111  
-58.428055 6.861389  
-58.431110 6.857500  
-58.433334 6.854167  
-58.439167 6.844722  
-58.442780 6.841389  
-58.446667 6.838333  
-58.450279 6.835000  
-58.453888 6.831667  
-58.456669 6.827778  
-58.459999 6.823889  
-58.461388 6.818333  
-58.464722 6.814444  
-58.467499 6.810278  
-58.470554 6.806389  
-58.473331 6.802500  
-58.476391 6.798611  
-58.479443 6.794444  
-58.481667 6.789722  
-58.484165 6.785278  
-58.486389 6.780556  
-58.488056 6.775000  
-58.488888 6.768889  
-58.490002 6.762778  
-58.491669 6.757222  
-58.493332 6.751944  
-58.494999 6.746389  
-58.497501 6.741944  
-58.500557 6.737778  
-58.503334 6.733889  
-58.506943 6.730556  
-58.510834 6.727222  
-58.514999 6.724722  
-58.518612 6.721667  
-58.522221 6.718333  
-58.525276 6.714444  
-58.526943 6.710278  
-58.529167 6.706389  
-58.531944 6.702222  
-58.535557 6.699167  
-58.538612 6.695000  
-58.541668 6.691111  
-58.544724 6.687222  
-58.547501 6.683056  
-58.549999 6.678611  
-58.551388 6.673056  
-58.553890 6.668333  
-58.555557 6.663056  
-58.557499 6.657500  
-58.558887 6.652222  
-58.560555 6.646667  
-58.562222 6.641389  
-58.563889 6.635833  
-58.565556 6.630556  
-58.567501 6.625000  
-58.569168 6.619722  
-58.570557 6.614167  
-58.572224 6.608889  
-58.573334 6.602500  
-58.574165 6.596389  
-58.574722 6.589722  
-58.575001 6.582778  
-58.575558 6.575833  
-58.575558 6.569167  
-58.576111 6.562222  
-58.575001 6.556667  
-58.574722 6.550556  
-58.574165 6.544167  
-58.573334 6.538611  
-58.572777 6.532500  
-58.572498 6.526111  
-58.572777 6.519444  
-58.573612 6.513333  
-58.574165 6.506389  
-58.575279 6.500278  
-58.576942 6.494722  
-58.578609 6.489444  
-58.579723 6.483333  
-58.580555 6.477222  
-58.581112 6.470278  
-58.581390 6.463333  
-58.582222 6.457222  
-58.584721 6.452500  
-58.586109 6.447222  
-58.587776 6.441667  
-58.588890 6.435556  
-58.590000 6.429444  
-58.592220 6.424722  
-58.593334 6.420000  
-58.593334 6.418611  
-58.592777 6.416667  
-58.596390 6.413333  
-58.601944 6.412222  
-58.608055 6.413333  
-58.613609 6.415000  
-58.618332 6.417222  
-58.623055 6.419444  
-58.628056 6.417778  
-58.631111 6.413611  
-58.635277 6.411111  
-58.638889 6.408056  
-58.643055 6.405278  
-58.646667 6.402222  
-58.650276 6.398889  
-58.654720 6.396389  
-58.658333 6.393056  
-58.661945 6.390000  
-58.665001 6.385833  
-58.668610 6.382778  
-58.672222 6.379444  
-58.675835 6.376111  
-58.680000 6.376389  
-58.683334 6.380000  
-58.682220 6.386111  
-58.680557 6.391389  
-58.676945 6.394722  
-58.672501 6.397222  
-58.668888 6.400556  
-58.666111 6.404444  
-58.662224 6.407778  
-58.658611 6.411111  
-58.655834 6.415000  
-58.652779 6.418889  
-58.649166 6.422222  
-58.646111 6.426111  
-58.644169 6.430833  
-58.641666 6.435556  
-58.639442 6.440278  
-58.636944 6.445000  
-58.634724 6.449722  
-58.633610 6.455833  
-58.631943 6.461111  
-58.629723 6.465833  
-58.626667 6.470000  
-58.623890 6.473889  
-58.619999 6.477222  
-58.618332 6.482500  
-58.619446 6.488056  
-58.618057 6.493611  
-58.614723 6.497500  
-58.611942 6.501389  
-58.608891 6.505556  
-58.608334 6.512222  
-58.608055 6.519167  
-58.609165 6.524722  
-58.611111 6.529722  
-58.612778 6.534444  
-58.615555 6.538889  
-58.617222 6.543611  
-58.618332 6.549167  
-58.617500 6.555278  
-58.616112 6.561667  
-58.615276 6.567778  
-58.613609 6.573056  
-58.612499 6.579167  
-58.613056 6.585556  
-58.613335 6.591667  
-58.615276 6.596667  
-58.616112 6.602222  
-58.617500 6.607778  
-58.616943 6.614444  
-58.615833 6.620556  
-58.615002 6.626667  
-58.613335 6.632222  
-58.611668 6.637778  
-58.610558 6.643889  
-58.609722 6.650000  
-58.609165 6.656667  
-58.608891 6.663611  
-58.609165 6.669722  
-58.609722 6.676111  
-58.610832 6.681667  
-58.611942 6.687222  
-58.612778 6.692778  
-58.610558 6.696111  
-58.607777 6.700000  
-58.603611 6.702500  
-58.599724 6.705833  
-58.598057 6.711389  
-58.597221 6.717500  
-58.596668 6.724167  
-58.597221 6.730556  
-58.597500 6.736667  
-58.597778 6.742778  
-58.598888 6.748333  
-58.599445 6.754722  
-58.598888 6.761389  
-58.599445 6.767778  
-58.598888 6.774722  
-58.597778 6.780833  
-58.597778 6.787500  
-58.595833 6.793056  
-58.595001 6.799167  
-58.593334 6.804444  
-58.592220 6.810556  
-58.589722 6.815278  
-58.587502 6.820000  
-58.585835 6.825556  
-58.583611 6.830278  
-58.581669 6.835556  
-58.580002 6.841111  
-58.579166 6.847222  
-58.578056 6.853333  
-58.576389 6.858611  
-58.574722 6.864167  
-58.573612 6.870278  
-58.571945 6.875556  
-58.570557 6.881111  
-58.568890 6.886667  
-58.567223 6.891944  
-58.566113 6.898056  
-58.564445 6.903611  
-58.563889 6.910278  
-58.563057 6.916389  
-58.561390 6.921944  
-58.559723 6.927222  
-58.558056 6.932778  
-58.555557 6.937500  
-58.553333 6.942222  
-58.550278 6.946111  
-58.547501 6.950000  
-58.544445 6.954167  
-58.540833 6.957222  
-58.537224 6.960556  
-58.533333 6.963889  
-58.529720 6.967222  
-58.525555 6.969722  
-58.521942 6.972778  
-58.517502 6.975278  
-58.513332 6.978056  
-58.509724 6.981111  
-58.505280 6.983611  
-58.501667 6.986944  
-58.497501 6.989444  
-58.493889 6.992778  
-58.490276 6.995833  
-58.486668 6.999167  
-58.483612 7.003333  
-58.481388 7.008056  
-58.478889 7.012500  
-58.478058 7.018611  
-58.476944 7.024722  
-58.477222 7.031111  
-58.477779 7.037222  
-58.478889 7.042778  
-58.479168 7.049167  
-58.478889 7.055833  
-58.478611 7.062778  
-58.477222 7.068889  
-58.475555 7.074444  
-58.474724 7.080556  
-58.473610 7.086667  
-58.471943 7.091944  
-58.470833 7.098056  
-58.469166 7.103611  
-58.467777 7.108889  
-58.466667 7.115000  
-58.466389 7.121944  
-58.465832 7.128889  
-58.465557 7.135833  
-58.465832 7.141944  
-58.466946 7.147500  
-58.468887 7.152500  
-58.470001 7.158056  
-58.470833 7.163611  
-58.472221 7.169167  
-58.473888 7.173889  
-58.474998 7.179722  
-58.476112 7.185000  
-58.476665 7.191389  
-58.476112 7.198056  
-58.475834 7.205000  
-58.475277 7.211944  
-58.474998 7.218889  
-58.474724 7.225556  
-58.474998 7.231944  
-58.474167 7.238056  
-58.473610 7.244722  
-58.472778 7.251111  
-58.471668 7.257222  
-58.470833 7.263333  
-58.468887 7.268611  
-58.467777 7.274722  
-58.467499 7.281667  
-58.470554 7.280556  
-58.469444 7.285278  
-58.467777 7.290556  
-58.466667 7.296667  
-58.466389 7.303611  
-58.466667 7.309722  
-58.466389 7.316667  
-58.466667 7.323056  
-58.466389 7.329722  
-58.467499 7.335278  
-58.468613 7.340833  
-58.470554 7.345833  
-58.472778 7.350000  
-58.475555 7.354444  
-58.478058 7.358611  
-58.480831 7.362778  
-58.483891 7.366389  
-58.486942 7.370000  
-58.489723 7.374444  
-58.493057 7.378056  
-58.496387 7.381667  
-58.499443 7.385278  
-58.503613 7.388056  
-58.506943 7.391667  
-58.510834 7.394722  
-58.514168 7.398333  
-58.518055 7.401389  
-58.522221 7.404167  
-58.525276 7.407778  
-58.529167 7.410833  
-58.532780 7.414444  
-58.535831 7.418056  
-58.539444 7.421667  
-58.542500 7.425278  
-58.545834 7.428889  
-58.548332 7.433056  
-58.551388 7.437500  
-58.555000 7.441111  
-58.557499 7.445278  
-58.560833 7.448889  
-58.563889 7.452500  
-58.567501 7.456111  
-58.570557 7.459722  
-58.573334 7.463889  
-58.576389 7.467500  
-58.579723 7.471944  
-58.583057 7.475556  
-58.585556 7.479722  
-58.588055 7.484167  
-58.590557 7.488333  
-58.593887 7.491944  
-58.596390 7.496111  
-58.598888 7.500556  
-58.601665 7.504722  
-58.603889 7.508889  
-58.605831 7.513889  
-58.607777 7.518889  
-58.610279 7.523056  
-58.612778 7.527222  
-58.615555 7.531667  
-58.618057 7.535833  
-58.621113 7.539444  
-58.623890 7.543611  
-58.628334 7.548889  
-58.631668 7.552500  
-58.634167 7.556667  
-58.636665 7.560833  
-58.639442 7.565278  
-58.641945 7.569444  
-58.644169 7.573611  
-58.646111 7.578611  
-58.648888 7.582778  
-58.650555 7.587778  
-58.651669 7.593333  
-58.653610 7.598333  
-58.656113 7.602500  
-58.658611 7.606667  
-58.661945 7.610278  
-58.665279 7.613889  
-58.669167 7.616944  
-58.673332 7.619722  
-58.677223 7.622778  
-58.682499 7.624444  
-58.688332 7.626111  
-58.695000 7.626389  
-58.700558 7.628056  
-58.703888 7.631667  
-58.706944 7.635278  
-58.711109 7.638333  
-58.715832 7.640556  
-58.720833 7.638889  
-58.721943 7.632778  
-58.721390 7.626389  
-58.720554 7.620833  
-58.718613 7.615833  
-58.717499 7.610556  
-58.715557 7.605556  
-58.714722 7.600000  
-58.714722 7.593056  
-58.718334 7.593889  
-58.721668 7.597500  
-58.723331 7.602500  
-58.726112 7.606667  
-58.728611 7.611111  
-58.731110 7.615278  
-58.733612 7.619444  
-58.736942 7.623056  
-58.740276 7.626667  
-58.744167 7.629722  
-58.747501 7.633333  
-58.751389 7.636111  
-58.753334 7.641111  
-58.755001 7.646111  
-58.756943 7.651111  
-58.758057 7.656667  
-58.759998 7.661389  
-58.761665 7.666389  
-58.763611 7.671389  
-58.766109 7.675556  
-58.768890 7.679722  
-58.771111 7.684167  
-58.773609 7.688333  
-58.775555 7.693333  
-58.778057 7.697500  
-58.780834 7.701667  
-58.783333 7.706111  
-58.785831 7.710278  
-58.788334 7.714444  
-58.791111 7.718889  
-58.794167 7.722500  
-58.797501 7.726111  
-58.802223 7.728333  
-58.806946 7.730556  
-58.812500 7.732222  
-58.817780 7.733889  
-58.821945 7.736944  
-58.825279 7.740556  
-58.828609 7.744167  
-58.832500 7.746944  
-58.834999 7.751389  
-58.838333 7.755000  
-58.841667 7.758611  
-58.844166 7.762778  
-58.847500 7.766389  
-58.849998 7.770556  
-58.853333 7.774167  
-58.856667 7.777778  
-58.860001 7.781389  
-58.863335 7.785000  
-58.867222 7.788611  
-58.871113 7.791667  
-58.875278 7.794722  
-58.879166 7.797500  
-58.882500 7.801111  
-58.886391 7.804167  
-58.890278 7.807222  
-58.894444 7.810000  
-58.897778 7.813611  
-58.901943 7.816667  
-58.904999 7.820278  
-58.909168 7.823333  
-58.913055 7.826111  
-58.917221 7.829167  
-58.921112 7.831944  
-58.924442 7.835556  
-58.929169 7.838056  
-58.932499 7.841667  
-58.936390 7.844444  
-58.939720 7.848056  
-58.943890 7.851111  
-58.946945 7.854722  
-58.950279 7.858889  
-58.953609 7.862500  
-58.956112 7.866944  
-58.958611 7.871111  
-58.961945 7.874722  
-58.966110 7.877778  
-58.970001 7.880556  
-58.974167 7.883611  
-58.978889 7.885833  
-58.983612 7.888056  
-58.986942 7.891667  
-58.990833 7.894722  
-58.994167 7.898333  
-58.996944 7.902500  
-59.000000 7.906111  
-59.002499 7.910556  
-59.005833 7.914167  
-59.009724 7.916944  
-59.013058 7.920556  
-59.017223 7.923611  
-59.020557 7.927222  
-59.024445 7.930278  
-59.027779 7.933889  
-59.031666 7.936667  
-59.035278 7.940278  
-59.039165 7.943333  
-59.043331 7.946389  
-59.047222 7.949167  
-59.051109 7.952222  
-59.055832 7.954444  
-59.059723 7.957500  
-59.063889 7.960278  
-59.067780 7.963333  
-59.071945 7.966389  
-59.075832 7.969167  
-59.079166 7.972778  
-59.083332 7.975833  
-59.086388 7.979444  
-59.090557 7.983056  
-59.093887 7.986667  
-59.096390 7.990833  
-59.098888 7.995278  
-59.100834 8.000000  
-59.103333 8.004444  
-59.105278 8.009167  
-59.106945 8.014167  
-59.109722 8.018333  
-59.111942 8.022778  
-59.115555 8.026389  
-59.118057 8.030556  
-59.121387 8.034167  
-59.125278 8.036944  
-59.129166 8.040000  
-59.133331 8.043056  
-59.137222 8.045833  
-59.142223 8.048333  
-59.146111 8.051111  
-59.150833 8.053611  
-59.154720 8.056389  
-59.160278 8.058056  
-59.165833 8.059722  
-59.171391 8.061389  
-59.176666 8.063056  
-59.181389 8.065278  
-59.186943 8.066944  
-59.190834 8.070000  
-59.194443 8.072222  
-59.196667 8.072222  
-59.196388 8.073611  
-59.201111 8.076111  
-59.205002 8.078889  
-59.209167 8.081944  
-59.213055 8.084722  
-59.217220 8.087778  
-59.221111 8.090833  
-59.224998 8.093611  
-59.230000 8.096111  
-59.234722 8.098333  
-59.239445 8.100556  
-59.244167 8.103056  
-59.248333 8.105833  
-59.253056 8.108056  
-59.256943 8.111111  
-59.261665 8.113333  
-59.264999 8.116944  
-59.269169 8.120000  
-59.273056 8.123056  
-59.277222 8.125833  
-59.281113 8.128889  
-59.285278 8.131667  
-59.289722 8.134722  
-59.293888 8.137778  
-59.297779 8.140556  
-59.301945 8.143611  
-59.305832 8.146667  
-59.309723 8.149444  
-59.313889 8.152500  
-59.318611 8.154722  
-59.322777 8.157778  
-59.327499 8.160000  
-59.332222 8.162500  
-59.336945 8.164722  
-59.341667 8.166944  
-59.346390 8.169167  
-59.351391 8.171667  
-59.355831 8.173889  
-59.360832 8.176111  
-59.366112 8.177778  
-59.370834 8.180278  
-59.375000 8.183056  
-59.379723 8.185278  
-59.383888 8.188333  
-59.387779 8.191389  
-59.391945 8.194167  
-59.395832 8.197222  
-59.400555 8.199444  
-59.404446 8.202500  
-59.409443 8.204722  
-59.413334 8.207778  
-59.417500 8.210556  
-59.421391 8.213611  
-59.425556 8.216389  
-59.429443 8.219444  
-59.433334 8.222500  
-59.437500 8.225278  
-59.441387 8.228333  
-59.445557 8.231389  
-59.449444 8.234167  
-59.454445 8.236389  
-59.458332 8.239444  
-59.463055 8.241667  
-59.467777 8.244167  
-59.472778 8.246389  
-59.477222 8.248611  
-59.482224 8.250833  
-59.486942 8.253333  
-59.491390 8.255556  
-59.496387 8.257778  
-59.501110 8.260278  
-59.505833 8.262500  
-59.510555 8.264722  
-59.516109 8.266389  
-59.520832 8.268611  
-59.526390 8.270278  
-59.531113 8.272778  
-59.535831 8.275000  
-59.541389 8.277222  
-59.545834 8.279722  
-59.550835 8.281944  
-59.555557 8.284167  
-59.560280 8.286389  
-59.564167 8.289444  
-59.568333 8.292500  
-59.573055 8.294722  
-59.577221 8.297500  
-59.581112 8.300556  
-59.585556 8.302778  
-59.590557 8.305278  
-59.594444 8.308056  
-59.598610 8.311111  
-59.602779 8.313889  
-59.606667 8.316944  
-59.610558 8.320000  
-59.614723 8.322778  
-59.618610 8.325833  
-59.622780 8.328889  
-59.626667 8.331667  
-59.630833 8.334722  
-59.634724 8.337500  
-59.638889 8.340556  
-59.642776 8.343611  
-59.646942 8.346389  
-59.650833 8.349444  
-59.655834 8.351667  
-59.659721 8.354722  
-59.664444 8.356944  
-59.668331 8.360000  
-59.673332 8.362222  
-59.678055 8.364444  
-59.682499 8.366667  
-59.687500 8.369167  
-59.691666 8.371944  
-59.696388 8.374444  
-59.700832 8.376667  
-59.705002 8.379444  
-59.709721 8.381944  
-59.714722 8.384167  
-59.719166 8.386389  
-59.724167 8.388889  
-59.728889 8.391111  
-59.732777 8.393889  
-59.737499 8.396389  
-59.741669 8.399167  
-59.745556 8.402222  
-59.749722 8.405278  
-59.753613 8.408056  
-59.758610 8.410278  
-59.764721 8.410000  
-59.769722 8.408333  
-59.773888 8.405556  
-59.777500 8.402222  
-59.780834 8.398333  
-59.782223 8.393056  
-59.781944 8.386667  
-59.780834 8.381111  
-59.779167 8.376389  
-59.776390 8.371944  
-59.773888 8.367778  
-59.770557 8.364167  
-59.767223 8.360556  
-59.763889 8.356944  
-59.760555 8.353333  
-59.756668 8.350556  
-59.752499 8.347500  
-59.747780 8.345278  
-59.743610 8.342222  
-59.738888 8.340000  
-59.734444 8.337778  
-59.728889 8.336111  
-59.724724 8.333056  
-59.720001 8.330833  
-59.716110 8.327778  
-59.711945 8.325000  
-59.707222 8.322500  
-59.703056 8.319722  
-59.698612 8.317222  
-59.694443 8.314444  
-59.689720 8.312222  
-59.684166 8.310556  
-59.679443 8.308056  
-59.674721 8.305833  
-59.669998 8.303611  
-59.666111 8.300556  
-59.661945 8.297778  
-59.658611 8.294167  
-59.655277 8.290556  
-59.651943 8.286944  
-59.648056 8.283889  
-59.644169 8.280833  
-59.639168 8.278611  
-59.634445 8.276389  
-59.628887 8.274722  
-59.623611 8.273056  
-59.618610 8.270833  
-59.615555 8.267222  
-59.612778 8.263056  
-59.609722 8.259444  
-59.605556 8.256389  
-59.602222 8.252778  
-59.598057 8.249722  
-59.593613 8.247500  
-59.588612 8.245278  
-59.583332 8.243611  
-59.577778 8.241944  
-59.571667 8.240833  
-59.565556 8.240000  
-59.558334 8.239722  
-59.551388 8.239167  
-59.545277 8.238333  
-59.539722 8.236667  
-59.534443 8.235000  
-59.530277 8.231944  
-59.526112 8.229167  
-59.522221 8.226111  
-59.519169 8.222500  
-59.515556 8.218889  
-59.512501 8.215278  
-59.509167 8.211667  
-59.505833 8.208056  
-59.502499 8.204444  
-59.499168 8.200833  
-59.494999 8.198056  
-59.491943 8.194444  
-59.488609 8.190833  
-59.484722 8.187778  
-59.481110 8.184167  
-59.477222 8.181111  
-59.473057 8.178333  
-59.469166 8.175278  
-59.465000 8.172500  
-59.461109 8.169444  
-59.457779 8.165833  
-59.454723 8.162222  
-59.451111 8.158611  
-59.448612 8.154444  
-59.445278 8.150833  
-59.442223 8.147222  
-59.439720 8.143056  
-59.436390 8.139444  
-59.433613 8.135000  
-59.431946 8.130278  
-59.435280 8.128333  
-59.439445 8.131111  
-59.442501 8.134722  
-59.446110 8.138333  
-59.448612 8.142778  
-59.451942 8.146389  
-59.454445 8.150556  
-59.458611 8.153611  
-59.461666 8.156944  
-59.465832 8.160000  
-59.468887 8.163611  
-59.473057 8.166667  
-59.476391 8.170278  
-59.481110 8.172500  
-59.485001 8.175556  
-59.489166 8.178333  
-59.492500 8.181944  
-59.496666 8.185000  
-59.499722 8.188611  
-59.503056 8.192222  
-59.505554 8.196389  
-59.509724 8.199444  
-59.513058 8.203056  
-59.517223 8.205833  
-59.521111 8.208889  
-59.525276 8.212500  
-59.529167 8.215556  
-59.532501 8.219167  
-59.536388 8.221944  
-59.541111 8.224167  
-59.545834 8.226667  
-59.551388 8.228333  
-59.556110 8.230556  
-59.562222 8.231667  
-59.567780 8.233333  
-59.573891 8.234167  
-59.581112 8.234444  
-59.587223 8.234167  
-59.593613 8.233611  
-59.599724 8.234722  
-59.604443 8.236944  
-59.608334 8.240000  
-59.611111 8.244167  
-59.612778 8.249167  
-59.615555 8.253333  
-59.618057 8.257778  
-59.620556 8.261944  
-59.624443 8.265000  
-59.631668 8.265278  
-59.637779 8.266111  
-59.641945 8.269167  
-59.646389 8.271389  
-59.650555 8.274444  
-59.654446 8.277222  
-59.658611 8.280278  
-59.662498 8.283333  
-59.666389 8.286111  
-59.672222 8.287778  
-59.678890 8.288056  
-59.685280 8.287778  
-59.690834 8.289444  
-59.694721 8.292500  
-59.698055 8.296111  
-59.701389 8.300278  
-59.704723 8.303889  
-59.708057 8.307500  
-59.711109 8.311111  
-59.714722 8.314722  
-59.717777 8.318333  
-59.721943 8.321111  
-59.726665 8.323611  
-59.732777 8.324444  
-59.738335 8.326111  
-59.743889 8.327778  
-59.747780 8.330833  
-59.751945 8.333611  
-59.755833 8.336667  
-59.759724 8.339722  
-59.763889 8.342500  
-59.768890 8.344722  
-59.775002 8.345833  
-59.779167 8.343333  
-59.783333 8.340833  
-59.789165 8.341111  
-59.793056 8.343889  
-59.797779 8.346389  
-59.801666 8.349167  
-59.806667 8.351389  
-59.811390 8.353889  
-59.816113 8.356111  
-59.821667 8.357778  
-59.827221 8.359444  
-59.831669 8.361667  
-59.835835 8.364722  
-59.839722 8.367500  
-59.843887 8.370556  
-59.847778 8.373333  
-59.851944 8.376389  
-59.855831 8.379444  
-59.859444 8.383056  
-59.862499 8.386667  
-59.865833 8.390278  
-59.869167 8.393611  
-59.872501 8.397222  
-59.875000 8.401667  
-59.878334 8.405278  
-59.880833 8.409444  
-59.883610 8.413611  
-59.886665 8.417222  
-59.889442 8.421667  
-59.891945 8.425833  
-59.894444 8.430000  
-59.896942 8.434444  
-59.898888 8.439167  
-59.901669 8.443333  
-59.903332 8.448333  
-59.906113 8.452500  
-59.908333 8.456944  
-59.911945 8.460556  
-59.914444 8.464722  
-59.917778 8.468333  
-59.920277 8.472500  
-59.923611 8.476111  
-59.926109 8.480556  
-59.929443 8.484167  
-59.932499 8.487778  
-59.936111 8.491389  
-59.939167 8.494722  
-59.942501 8.498333  
-59.945831 8.501944  
-59.949165 8.505556  
-59.952499 8.509167  
-59.956669 8.512222  
-59.960556 8.515278  
-59.963890 8.518889  
-59.967777 8.521667  
-59.972778 8.523889  
-59.976665 8.526944  
-59.980831 8.529722  
-59.985279 8.532222  
-59.988888 8.534444  
-59.990276 8.535278  
-59.993610 8.536667  
-59.998333 8.538889  
-60.002499 8.541944  
-60.006390 8.545000  
-60.011112 8.547222  
-60.015835 8.549444  
-60.020832 8.551667  
-60.025276 8.553889  
-60.031113 8.555556  
-60.036388 8.557222  
-60.041943 8.558889  
-60.047501 8.560556  
-60.053333 8.561667  
-60.059723 8.562500  
-60.065834 8.563611  
-60.072224 8.564444  
-60.077499 8.566111  
-60.083332 8.567778  
-60.087776 8.570000  
-60.091946 8.573056  
-60.096668 8.575278  
-60.100834 8.578333  
-60.103889 8.581944  
-60.107498 8.585556  
-60.111389 8.588333  
-60.115555 8.591389  
-60.119446 8.594444  
-60.124168 8.596667  
-60.128887 8.598889  
-60.133888 8.601111  
-60.139168 8.602778  
-60.144722 8.604444  
-60.150833 8.605278  
-60.156387 8.606944  
-60.162498 8.608056  
-60.168331 8.609722  
-60.173611 8.611389  
-60.178333 8.613611  
-60.183887 8.615278  
-60.189167 8.616944  
-60.194721 8.618611  
-60.200279 8.620278  
-60.205833 8.621944  
-60.211945 8.622778  
-60.218334 8.623889  
-60.223610 8.625278  
-60.230000 8.626389  
-60.236111 8.627500  
-60.243057 8.627778  
-60.250000 8.628056  
-60.256943 8.628333  
-60.263889 8.628611  
-60.270832 8.628889  
-60.277222 8.628611  
-60.283333 8.628333  
-60.290279 8.628611  
-60.297501 8.628889  
-60.303333 8.630000  
-60.310555 8.630278  
-60.317501 8.630556  
-60.324165 8.630833  
-60.331390 8.631111  
-60.338055 8.631667  
-60.345280 8.631944  
-60.351944 8.632222  
-60.359165 8.632500  
-60.365833 8.632778  
-60.372780 8.633056  
-60.379166 8.632778  
-60.385555 8.632500  
-60.391109 8.631389  
-60.397499 8.630833  
-60.402222 8.629167  
-60.406666 8.626389  
-60.409721 8.622500  
-60.411945 8.617778  
-60.414444 8.613056  
-60.416389 8.608333  
-60.417500 8.602222  
-60.419167 8.596944  
-60.420834 8.591389  
-60.422501 8.585833  
-60.423332 8.581111  
-60.425835 8.577222  
-60.424999 8.577778  
-60.428055 8.573889  
-60.432220 8.571389  
-60.436390 8.568611  
-60.440834 8.566111  
-60.445831 8.564444  
-60.450279 8.561944  
-60.453609 8.558611  
-60.456112 8.553889  
-60.456944 8.547778  
-60.456669 8.541389  
-60.457500 8.535278  
-60.459999 8.530556  
-60.464169 8.528056  
-60.468613 8.525556  
-60.474724 8.526389  
-60.479443 8.528889  
-60.484444 8.531111  
-60.488888 8.533333  
-60.493889 8.535556  
-60.500000 8.536667  
-60.506943 8.536944  
-60.513058 8.538056  
-60.518612 8.539444  
-60.524166 8.541111  
-60.528889 8.543611  
-60.533611 8.545833  
-60.539444 8.544722  
-60.544167 8.542778  
-60.551388 8.543056  
-60.557499 8.544167  
-60.563610 8.545278  
-60.569168 8.546667  
-60.574444 8.548333  
-60.580833 8.548056  
-60.586388 8.546944  
-60.592777 8.546389  
-60.599724 8.546944  
-60.604443 8.549167  
-60.609165 8.551389  
-60.614723 8.550278  
-60.620277 8.549167  
-60.626667 8.550278  
-60.631943 8.551667  
-60.636112 8.554722  
-60.639442 8.558333  
-60.642776 8.561944  
-60.646111 8.565556  
-60.649445 8.569167  
-60.652779 8.572778  
-60.656113 8.576389  
-60.660278 8.579167  
-60.663334 8.582778  
-60.667500 8.585833  
-60.671391 8.588611  
-60.675556 8.591667  
-60.680279 8.593889  
-60.684444 8.596944  
-60.688889 8.599167  
-60.694443 8.600833  
-60.700558 8.601667  
-60.706944 8.602778  
-60.712502 8.604444  
-60.719166 8.604722  
-60.724724 8.603611  
-60.729168 8.601111  
-60.734165 8.599167  
-60.739166 8.597222  
-60.744167 8.595556  
-60.748890 8.593611  
-60.754166 8.591944  
-60.759167 8.590000  
-60.764721 8.588889  
-60.770279 8.587778  
-60.776669 8.587500  
-60.783333 8.587778  
-60.790558 8.588056  
-60.796665 8.587500  
-60.803612 8.588056  
-60.810555 8.588333  
-60.816944 8.589167  
-60.823055 8.590278  
-60.830002 8.590556  
-60.834999 8.588611  
-60.839722 8.586944  
-60.844723 8.585000  
-60.849724 8.583056  
-60.855831 8.582778  
-60.863056 8.583056  
-60.869446 8.582778  
-60.876110 8.583056  
-60.882500 8.582500  
-60.888611 8.582222  
-60.894169 8.581111  
-60.900555 8.580833  
-60.902222 8.582222  
-60.905556 8.581667  
-60.911110 8.580556  
-60.916668 8.579444  
-60.920834 8.576944  
-60.925278 8.574167  
-60.929722 8.571667  
-60.934444 8.570000  
-60.939445 8.568056  
-60.945000 8.566944  
-60.951389 8.566389  
-60.958611 8.566944  
-60.964722 8.567778  
-60.970833 8.568889  
-60.976944 8.569722  
-60.982777 8.568611  
-60.985558 8.564722  
-60.986668 8.558611  
-60.986942 8.551667  
-60.987221 8.544722  
-60.986942 8.538611  
-60.986389 8.532500  
-60.986942 8.525556  
-60.987778 8.519444  
-60.990002 8.514722  
-60.993057 8.510556  
-60.996666 8.507500  
-61.000278 8.504167  
-61.003056 8.500000  
-61.006943 8.496944  
-61.009167 8.492222  
-61.010277 8.485833  
-61.011665 8.480556  
-61.014168 8.475833  
-61.016388 8.471111  
-61.019169 8.467222  
-61.023056 8.463889  
-61.027222 8.461389  
-61.033054 8.460278  
-61.039165 8.461111  
-61.045277 8.462222  
-61.052223 8.462500  
-61.057777 8.461389  
-61.062222 8.458889  
-61.066387 8.456111  
-61.070831 8.453611  
-61.072498 8.448333  
-61.072777 8.441389  
-61.073055 8.434444  
-61.072777 8.428333  
-61.071667 8.422778  
-61.070278 8.417222  
-61.067780 8.413056  
-61.066666 8.407500  
-61.069168 8.402778  
-61.073891 8.400833  
-61.077778 8.402500  
-61.081944 8.405278  
-61.083889 8.410278  
-61.085556 8.415278  
-61.086109 8.421389  
-61.086666 8.427500  
-61.086109 8.434444  
-61.085835 8.441389  
-61.084999 8.447500  
-61.083332 8.452778  
-61.080276 8.456944  
-61.077499 8.460833  
-61.073612 8.464167  
-61.069443 8.466667  
-61.063889 8.467778  
-61.058887 8.469722  
-61.053333 8.470833  
-61.047222 8.471111  
-61.040001 8.470833  
-61.033611 8.471389  
-61.029446 8.474444  
-61.027222 8.479167  
-61.025276 8.484722  
-61.024445 8.490833  
-61.025002 8.496944  
-61.026943 8.501944  
-61.033054 8.502778  
-61.038612 8.501667  
-61.043056 8.499167  
-61.047779 8.497222  
-61.053333 8.496111  
-61.059723 8.495833  
-61.065556 8.494722  
-61.071110 8.493611  
-61.077499 8.493056  
-61.084167 8.493611  
-61.090557 8.493056  
-61.097500 8.493333  
-61.103889 8.493056  
-61.110001 8.492500  
-61.116943 8.492778  
-61.123055 8.493889  
-61.130001 8.494167  
-61.136944 8.494444  
-61.144169 8.494722  
-61.150833 8.495278  
-61.157223 8.496111  
-61.164165 8.496389  
-61.170277 8.496111  
-61.175278 8.494167  
-61.178890 8.490833  
-61.182499 8.487778  
-61.186390 8.484444  
-61.190556 8.481111  
-61.194721 8.478611  
-61.199722 8.476667  
-61.204723 8.475000  
-61.208889 8.472222  
-61.213333 8.469722  
-61.216667 8.466389  
-61.220554 8.463333  
-61.224167 8.460000  
-61.226944 8.455833  
-61.230278 8.451944  
-61.232498 8.447222  
-61.235279 8.443333  
-61.236942 8.437778  
-61.239166 8.433056  
-61.240833 8.427778  
-61.243057 8.423056  
-61.245556 8.418333  
-61.249168 8.415000  
-61.254166 8.413056  
-61.259724 8.411944  
-61.264168 8.409444  
-61.267502 8.406111  
-61.271111 8.402778  
-61.275002 8.399722  
-61.279720 8.397778  
-61.286110 8.397500  
