 -35.1134  -8.8907
 -35.1678  -8.8935
 -35.2530  -8.9252
 -35.2530  -8.9252
 -35.3124  -8.9673
 -35.3555  -9.0224
 -35.3398  -9.0909
 -35.3520  -9.1425
 -35.4394  -9.1678
 -35.5021  -9.1340
 -35.5747  -9.1282
 -35.6418  -9.1725
 -35.6819  -9.2427
 -35.6819  -9.2427
 -35.6833  -9.3348
 -35.6826  -9.3735
 -35.6848  -9.3738
 -35.7541  -9.4107
 -35.7541  -9.4107
 -35.8423  -9.4580
 -35.8423  -9.4580
 -35.9304  -9.5153
 -35.9304  -9.5153
 -35.9326  -9.5156
 -36.0128  -9.5650
 -36.0792  -9.6257
 -36.0792  -9.6257
 -36.1307  -9.6198
 -36.1687  -9.6309
 -36.1881  -9.7058
 -36.2033  -9.7191
 -36.3021  -9.7067
 -36.3043  -9.7070
 -36.3702  -9.6875
 -36.3819  -9.7014
 -36.3658  -9.7291
 -36.3268  -9.7502
 -36.3336  -9.7667
 -36.3336  -9.7667
 -36.4101  -9.7788
 -36.4123  -9.7791
 -36.4123  -9.7791
 -36.4887  -9.7833
 -36.5139  -9.7891
 -36.5139  -9.7891
 -36.5107  -9.8131
 -36.4515  -9.8325
 -36.4578  -9.8622
 -36.5511  -9.8499
 -36.6208  -9.8375
 -36.6788  -9.7844
 -36.6788  -9.7844
 -36.7229  -9.7850
 -36.7147  -9.8217
 -36.6604  -9.8719
 -36.6067  -9.9345
 -36.5449  -9.9647
 -36.4748  -9.9380
 -36.4403  -9.9676
 -36.4567 -10.0222
 -36.4932 -10.0541
 -36.5270 -10.0811
 -36.6190 -10.0708
 -36.7031 -10.0782
 -36.7054 -10.0785
 -36.7224 -10.1210
 -36.7208 -10.1664
 -36.7032 -10.2040
 -36.6401 -10.2173
 -36.6548 -10.2517
 -36.7147 -10.3202
 -36.7145 -10.3224
 -36.7890 -10.4009
 -36.8428 -10.4485
 -36.9059 -10.4952
 -36.9290 -10.5096
 -36.9290 -10.5096
 -36.9488 -10.3887
 -36.9746 -10.4670
 -37.0125 -10.4979
 -37.0802 -10.5028
 -37.1455 -10.4839
 -37.1455 -10.4839
 -37.1866 -10.4495
 -37.1866 -10.4495
 -37.1967 -10.3750
 -37.1967 -10.3750
 -37.2192 -10.3602
 -37.2577 -10.3789
 -37.2947 -10.5022
 -37.3035 -10.5803
 -37.3206 -10.6563
 -37.3265 -10.7386
 -37.3749 -10.7697
 -37.3151 -10.9134
 -37.3545 -10.9679
 -37.4180 -10.9554
 -37.4515 -10.8784
 -37.5533 -10.9202
 -37.5612 -10.9883
 -37.5461 -11.0063
 -37.5851 -11.0887
 -37.5872 -11.1315
 -37.5531 -11.1793
 -37.4977 -11.1986
 -37.4977 -11.1986
 -37.4965 -11.2900
 -37.5325 -11.3933
 -37.5325 -11.3933
 -37.5504 -11.4538
 -37.6254 -11.5167
 -37.6511 -11.5537
 -37.6512 -11.6264
 -37.6762 -11.6533
 -37.7266 -11.5730
 -37.7596 -11.5338
 -37.7909 -11.5403
 -37.7933 -11.5887
 -37.7640 -11.6910
 -37.7454 -11.7411
 -37.7670 -11.7753
 -37.8212 -11.7257
 -37.8714 -11.6552
 -37.9153 -11.5963
 -37.9615 -11.5543
 -37.9825 -11.5191
 -37.9600 -11.4579
 -37.9839 -11.3771
 -38.0169 -11.2796
 -38.1208 -11.1769
 -38.1831 -11.1088
 -38.2166 -11.0740
 -38.1558 -10.9037
 -38.0721 -10.7238
 -38.1356 -10.5417
 -38.1732 -10.4402
 -38.1033 -10.3787
 -38.1345 -10.2640
 -38.1998 -10.2823
 -38.2193 -10.2131
 -38.2905 -10.2131
 -38.3081  -9.9813
 -38.3058  -9.9463
 -38.2712  -9.8591
 -38.2724  -9.8055
 -38.2378  -9.7621
 -38.2835  -9.6569
 -38.3381  -9.6064
 -38.3363  -9.5480
 -38.3959  -9.5665
 -38.4308  -9.4363
 -38.4391  -9.3432
 -38.4391  -9.3432
 -38.4416  -9.2415
 -38.4136  -9.1172
 -38.3853  -9.0500
 -38.2879  -9.0227
 -38.2174  -9.0287
 -38.2174  -9.0287
 -38.0534  -9.0054
 -37.8958  -8.9513
 -37.8348  -8.9013
 -37.8348  -8.9013
 -37.7980  -8.8397
 -37.7494  -8.8091
 -37.7494  -8.8091
 -37.6648  -8.7750
 -37.6340  -8.7120
 -37.6097  -8.6420
 -37.6010  -8.6108
 -37.6105  -8.5338
 -37.8372  -8.5687
 -37.9948  -8.5935
 -37.9948  -8.5935
 -37.9966  -8.5512
 -38.0483  -8.4915
 -38.0483  -8.4915
 -38.0483  -8.4915
 -38.0620  -8.4731
 -38.0953  -8.4715
 -38.0975  -8.4717
 -38.1220  -8.5138
 -38.1747  -8.5313
 -38.1747  -8.5313
 -38.2187  -8.5075
 -38.2210  -8.5077
 -38.2614  -8.5226
 -38.2790  -8.5750
 -38.2790  -8.5750
 -38.3192  -8.6111
 -38.3388  -8.6280
 -38.3388  -8.6280
 -38.3500  -8.6864
 -38.3648  -8.7151
 -38.4154  -8.7501
 -38.4616  -8.7657
 -38.5270  -8.7554
 -38.5292  -8.7557
 -38.5833  -8.7351
 -38.5833  -8.7351
 -38.6243  -8.7656
 -38.6533  -8.7813
 -38.6945  -8.7726
 -38.7277  -8.8482
 -38.7300  -8.8485
 -38.7660  -8.9008
 -38.9200  -8.9376
 -38.9569  -8.9552
 -38.9711  -8.9894
 -38.9715  -9.0893
 -38.9535  -9.1322
 -38.9618  -9.2050
 -38.9250  -9.2692
 -38.9140  -9.3117
 -38.9137  -9.3139
 -38.9456  -9.3995
 -38.9456  -9.3995
 -38.9516  -9.4709
 -38.9543  -9.5689
 -38.9543  -9.5689
 -38.9540  -9.5711
 -39.0110  -9.6035
 -39.0243  -9.6534
 -39.0722  -9.7577
 -39.1395  -9.8543
 -39.1395  -9.8543
 -39.1605  -9.9073
 -39.1214  -9.9870
 -39.0841 -10.0433
 -39.0719 -10.1026
 -39.0809 -10.2025
 -39.0214 -10.2606
 -38.9625 -10.4198
 -38.9619 -10.4242
 -39.0180 -10.4905
 -39.0202 -10.4907
 -39.0276 -10.6455
 -39.0276 -10.6455
 -39.0882 -10.7292
 -39.0819 -10.8813
 -39.0555 -10.9320
 -39.1051 -11.0369
 -39.0966 -11.1089
 -39.0303 -11.2391
 -39.0538 -11.2622
 -39.0251 -11.3542
 -38.9851 -11.4605
 -38.9550 -11.5782
 -38.9267 -11.7162
 -38.9264 -11.7184
 -38.9120 -11.8132
 -38.9214 -11.8627
 -38.8572 -11.9153
 -38.8572 -11.9153
 -38.7898 -11.9416
 -38.7476 -12.0687
 -38.7422 -12.1231
 -38.7491 -12.2217
 -38.7843 -12.3172
 -38.8291 -12.3937
 -38.8517 -12.4472
 -38.8481 -12.5771
 -38.8766 -12.6459
 -39.0125 -12.7365
 -39.0113 -12.7768
 -39.0316 -12.9425
 -39.0490 -13.0550
 -39.0657 -13.1640
 -39.0732 -13.2798
 -39.0870 -13.3997
 -39.1469 -13.5234
 -39.1670 -13.6240
 -39.1366 -13.6707
 -39.1631 -13.7676
 -39.1903 -13.8747
 -39.1833 -14.0371
 -39.1415 -14.1352
 -39.1015 -14.1907
 -39.0707 -14.2699
 -38.9939 -14.3509
>999 999
 -39.0072 -14.7607
 -39.0179 -14.7894
 -39.0682 -14.7446
 -39.0738 -14.7691
 -39.0713 -14.8445
 -39.0665 -14.9501
 -39.0685 -15.0567
 -39.1229 -15.2026
 -39.1796 -15.3195
 -39.2134 -15.3731
 -39.2134 -15.3731
 -39.2203 -15.4783
 -39.2552 -15.5479
 -39.2917 -15.6371
 -39.3107 -15.7396
 -39.3511 -15.8124
 -39.3555 -15.8732
 -39.3646 -15.9278
 -39.3632 -16.0252
 -39.3714 -16.1876
 -39.4243 -16.3669
 -39.4613 -16.5121
 -39.4914 -16.7007
 -39.5179 -16.8082
 -39.5179 -16.8082
 -39.5873 -16.9596
 -39.6142 -17.0797
 -39.6142 -17.0797
 -39.6343 -17.1909
 -39.6584 -17.3130
 -39.7056 -17.4191
 -39.7454 -17.5551
 -39.7743 -17.5982
 -39.8170 -17.6296
 -39.9238 -17.6660
 -39.9893 -17.6985
 -40.0763 -17.7537
 -40.1443 -17.8083
 -40.1760 -17.8793
 -40.1857 -17.9379
 -40.1842 -17.9982
 -40.1719 -18.1027
 -40.1621 -18.1402
 -40.1586 -18.1762
 -40.1503 -18.1899
 -40.1203 -18.2037
 -40.1114 -18.2207
 -40.1261 -18.2561
 -40.1337 -18.2972
 -40.1242 -18.3187
 -40.1099 -18.3463
 -40.1067 -18.3950
 -40.1072 -18.4500
 -40.1198 -18.5412
 -40.1198 -18.5412
 -40.1471 -18.6312
 -40.1853 -18.7068
 -40.2260 -18.8470
 -40.2507 -18.9745
 -40.2541 -19.0770
 -40.2324 -19.1552
 -40.2332 -19.2655
 -40.2573 -19.3242
 -40.2611 -19.3879
 -40.3071 -19.4902
 -40.3071 -19.4902
 -40.3520 -19.5624
 -40.3820 -19.6152
 -40.3883 -19.6644
 -40.3547 -19.7547
 -40.3547 -19.7547
 -40.3468 -19.8006
 -40.3468 -19.8006
 -40.3503 -19.8805
 -40.3278 -19.9690
 -40.3089 -20.0294
 -40.3044 -20.0701
 -40.3387 -20.1122
 -40.3533 -20.1478
 -40.3334 -20.1712
 -40.3246 -20.2009
 -40.3246 -20.2009
 -40.3332 -20.2505
 -40.3361 -20.2901
 -40.3194 -20.3658
 -40.2952 -20.4208
>999 999
 -40.6174 -20.7613
 -40.6479 -20.7689
 -40.6874 -20.8327
 -40.7459 -20.8580
 -40.8588 -20.8792
 -40.9119 -20.9513
 -40.9662 -20.9899
 -40.9879 -21.0946
 -41.0315 -21.1830
 -41.0800 -21.2464
 -41.1125 -21.2680
 -41.1148 -21.3628
 -41.1307 -21.4404
 -41.1729 -21.5147
 -41.2619 -21.5553
 -41.3572 -21.5608
 -41.4065 -21.5700
 -41.4188 -21.5873
 -41.3983 -21.6362
 -41.4040 -21.7001
 -41.4521 -21.7611
 -41.5037 -21.8074
 -41.5737 -21.8461
 -41.6152 -21.8673
 -41.6217 -21.9094
 -41.5524 -21.9260
 -41.5123 -21.9465
 -41.5201 -21.9783
 -41.5743 -22.0249
 -41.6259 -22.0804
 -41.6759 -22.1391
 -41.6874 -22.1897
 -41.6502 -22.2934
>999 999
 -41.9864 -22.7207
 -42.0719 -22.7539
 -42.1237 -22.6883
 -42.1247 -22.6274
 -42.1637 -22.6079
 -42.2041 -22.6323
 -42.2222 -22.7008
 -42.2952 -22.7800
 -42.3237 -22.8275
 -42.2507 -22.8474
 -42.1871 -22.8807
 -42.1235 -22.9221
 -42.0312 -22.9355
>999 999
 -45.0624 -22.5981
 -45.0381 -22.6484
 -45.0347 -22.6806
 -44.9860 -22.6767
 -44.9583 -22.6768
 -44.9568 -22.6906
 -44.9862 -22.7335
 -45.0494 -22.7895
 -45.1179 -22.8448
 -45.2027 -22.9014
 -45.3059 -22.9397
 -45.3908 -22.9847
 -45.4675 -23.0731
 -45.5163 -23.1025
 -45.5592 -23.1280
 -45.5779 -23.1805
 -45.6851 -23.2586
 -45.7404 -23.2629
 -45.7983 -23.2918
 -45.8504 -23.3157
 -45.8869 -23.3185
 -45.9185 -23.2815
 -45.9659 -23.2898
 -46.0383 -23.3396
 -46.0980 -23.3768
 -46.1246 -23.3649
 -46.0857 -23.2828
 -46.0315 -23.2414
 -45.9680 -23.2168
 -45.9179 -23.1989
 -45.9014 -23.1361
 -45.8530 -23.1137
 -45.7957 -23.1174
 -45.7561 -23.1085
 -45.7361 -23.0686
 -45.7429 -23.0262
 -45.7119 -23.0075
 -45.6792 -22.9934
 -45.6562 -22.9463
 -45.6066 -22.9250
 -45.5316 -22.8809
 -45.4667 -22.8619
 -45.3781 -22.8410
 -45.2651 -22.7997
 -45.2123 -22.7271
 -45.1840 -22.6611
 -45.1187 -22.6246
 -45.0611 -22.5980
>999 999
 -46.3358 -23.3591
 -46.2861 -23.4006
 -46.3206 -23.4510
 -46.2718 -23.4565
 -46.2558 -23.4902
 -46.3276 -23.5365
 -46.3270 -23.5690
 -46.2952 -23.5817
 -46.2315 -23.5697
 -46.1766 -23.5852
 -46.1788 -23.6145
 -46.2546 -23.6460
 -46.3377 -23.6687
 -46.3555 -23.7085
 -46.3937 -23.7348
 -46.4417 -23.7385
 -46.4953 -23.7112
 -46.5290 -23.7057
 -46.5455 -23.7198
 -46.6307 -23.7205
 -46.6535 -23.7630
 -46.7116 -23.7955
 -46.7347 -23.7262
 -46.7458 -23.6886
 -46.7186 -23.6387
 -46.7544 -23.5960
 -46.4149 -23.4746
 -46.3781 -23.4612
 -46.3354 -23.3626
>999 999
 -46.6210 -24.1053
 -46.6633 -24.0912
 -46.7696 -24.1309
 -46.8423 -24.1611
 -46.9279 -24.1619
 -46.9957 -24.2045
 -47.0613 -24.2434
 -47.0877 -24.2910
 -47.0758 -24.3507
 -47.0271 -24.4064
 -47.0906 -24.4557
 -47.2771 -24.4796
 -47.3118 -24.4508
 -47.3843 -24.4447
 -47.4829 -24.5049
 -47.5651 -24.6084
 -47.6139 -24.6542
 -47.6479 -24.6475
 -47.6506 -24.6161
 -47.6299 -24.5724
 -47.6453 -24.5280
 -47.6898 -24.5186
 -47.6994 -24.4959
 -47.7329 -24.4797
 -47.8070 -24.4995
 -47.8282 -24.5222
 -47.8232 -24.5662
 -47.7682 -24.5936
 -47.7508 -24.6168
 -47.7470 -24.6610
 -47.7717 -24.7039
 -47.7686 -24.7704
 -47.7789 -24.8309
 -47.8112 -24.8896
 -47.8796 -24.9195
 -47.9461 -24.9563
 -47.9921 -25.0079
 -48.0543 -25.0667
 -48.1198 -25.1339
 -48.1182 -25.1842
 -48.1050 -25.2336
 -48.1665 -25.2572
 -48.2250 -25.2853
 -48.2753 -25.3338
 -48.4403 -25.3914
 -48.5107 -25.4181
 -48.5558 -25.3394
 -48.5723 -25.2784
 -48.6286 -25.2687
 -48.7005 -25.3589
 -48.7575 -25.4433
 -48.8112 -25.5369
 -48.7814 -25.6040
 -48.7514 -25.6733
 -48.7292 -25.7574
 -48.6788 -25.8028
 -48.6399 -25.8831
 -48.7553 -25.8889
 -48.8260 -25.8169
 -48.8784 -25.9470
 -48.8762 -26.0092
 -48.8977 -26.1027
 -48.9174 -26.1844
 -48.9228 -26.2496
 -48.9497 -26.2906
 -49.0022 -26.3550
 -49.0308 -26.4080
 -49.0100 -26.4581
 -48.9412 -26.4666
 -48.9088 -26.4957
 -48.9120 -26.5218
 -48.9723 -26.5551
 -49.0473 -26.5684
 -49.0995 -26.5881
 -49.1770 -26.5863
 -49.2071 -26.6206
 -49.2009 -26.6507
 -49.0256 -26.6455
 -48.9820 -26.6831
 -48.8985 -26.7432
 -48.8251 -26.7899
 -48.7374 -26.8178
 -48.7070 -26.8199
>999 999
 -49.2867 -25.3572
 -49.2158 -25.3541
 -49.1297 -25.3816
 -49.0471 -25.3799
 -49.0764 -25.4741
 -49.0709 -25.5490
 -49.1663 -25.5906
 -49.2666 -25.6385
 -49.3645 -25.6839
 -49.3571 -25.5878
 -49.3542 -25.5368
 -49.3432 -25.4900
 -49.3088 -25.3919
 -49.2839 -25.3593
>999 999
 -48.6819 -28.2238
 -48.8002 -28.2619
 -48.8305 -28.3458
 -48.8305 -28.3458
 -48.8347 -28.4542
 -48.9045 -28.5477
 -48.9757 -28.5768
 -49.0323 -28.4447
 -49.0774 -28.4489
 -49.0988 -28.5145
 -49.1455 -28.5001
 -49.1478 -28.3732
 -49.1820 -28.3305
 -49.2404 -28.4019
 -49.2579 -28.5001
 -49.2448 -28.5801
 -49.1863 -28.6074
 -49.1765 -28.6618
 -49.1208 -28.7199
 -49.2163 -28.8150
 -49.2836 -28.8967
>999 999
