 -35.1134  -8.8907
 -35.1678  -8.8935
 -35.2530  -8.9252
 -35.2530  -8.9252
 -35.3124  -8.9673
 -35.3555  -9.0224
 -35.3398  -9.0909
 -35.3520  -9.1425
 -35.4394  -9.1678
 -35.5021  -9.1340
 -35.5747  -9.1282
 -35.6418  -9.1725
 -35.6819  -9.2427
 -35.6819  -9.2427
 -35.6833  -9.3348
 -35.6826  -9.3735
 -35.6848  -9.3738
 -35.7541  -9.4107
 -35.7541  -9.4107
 -35.8423  -9.4580
 -35.8423  -9.4580
 -35.9304  -9.5153
 -35.9304  -9.5153
 -35.9326  -9.5156
 -36.0128  -9.5650
 -36.0792  -9.6257
 -36.0792  -9.6257
 -36.1307  -9.6198
 -36.1687  -9.6309
 -36.1881  -9.7058
 -36.2033  -9.7191
 -36.3021  -9.7067
 -36.3043  -9.7070
 -36.3702  -9.6875
 -36.3819  -9.7014
 -36.3658  -9.7291
 -36.3268  -9.7502
 -36.3336  -9.7667
 -36.3336  -9.7667
 -36.4101  -9.7788
 -36.4123  -9.7791
 -36.4123  -9.7791
 -36.4887  -9.7833
 -36.5139  -9.7891
 -36.5139  -9.7891
 -36.5107  -9.8131
 -36.4515  -9.8325
 -36.4578  -9.8622
 -36.5511  -9.8499
 -36.6208  -9.8375
 -36.6788  -9.7844
 -36.6788  -9.7844
 -36.7229  -9.7850
 -36.7147  -9.8217
 -36.6604  -9.8719
 -36.6067  -9.9345
 -36.5449  -9.9647
 -36.4748  -9.9380
 -36.4403  -9.9676
 -36.4567 -10.0222
 -36.4932 -10.0541
 -36.5270 -10.0811
 -36.6190 -10.0708
 -36.7031 -10.0782
 -36.7054 -10.0785
 -36.7224 -10.1210
 -36.7208 -10.1664
 -36.7032 -10.2040
 -36.6401 -10.2173
 -36.6548 -10.2517
 -36.7147 -10.3202
 -36.7145 -10.3224
 -36.7890 -10.4009
 -36.8428 -10.4485
 -36.9059 -10.4952
 -36.9290 -10.5096
 -36.9290 -10.5096
 -36.9488 -10.3887
 -36.9746 -10.4670
 -37.0125 -10.4979
 -37.0802 -10.5028
 -37.1455 -10.4839
 -37.1455 -10.4839
 -37.1866 -10.4495
 -37.1866 -10.4495
 -37.1967 -10.3750
 -37.1967 -10.3750
 -37.2192 -10.3602
 -37.2577 -10.3789
 -37.2947 -10.5022
 -37.3035 -10.5803
 -37.3206 -10.6563
 -37.3265 -10.7386
 -37.3749 -10.7697
 -37.3151 -10.9134
 -37.3545 -10.9679
 -37.4180 -10.9554
 -37.4515 -10.8784
 -37.5533 -10.9202
 -37.5612 -10.9883
 -37.5461 -11.0063
 -37.5851 -11.0887
 -37.5872 -11.1315
 -37.5531 -11.1793
 -37.4977 -11.1986
 -37.4977 -11.1986
 -37.4965 -11.2900
 -37.5325 -11.3933
 -37.5325 -11.3933
 -37.5504 -11.4538
 -37.6254 -11.5167
 -37.6511 -11.5537
 -37.6512 -11.6264
 -37.6762 -11.6533
 -37.7266 -11.5730
 -37.7596 -11.5338
 -37.7909 -11.5403
 -37.7933 -11.5887
 -37.7640 -11.6910
 -37.7454 -11.7411
 -37.7670 -11.7753
 -37.8212 -11.7257
 -37.8714 -11.6552
 -37.9153 -11.5963
 -37.9615 -11.5543
 -37.9825 -11.5191
 -37.9600 -11.4579
 -37.9839 -11.3771
 -38.0169 -11.2796
 -38.1208 -11.1769
 -38.1831 -11.1088
 -38.2166 -11.0740
 -38.1558 -10.9037
 -38.0721 -10.7238
 -38.1356 -10.5417
 -38.1732 -10.4402
 -38.1033 -10.3787
 -38.1345 -10.2640
 -38.1998 -10.2823
 -38.2193 -10.2131
 -38.2905 -10.2131
 -38.3081  -9.9813
 -38.3058  -9.9463
 -38.2712  -9.8591
 -38.2724  -9.8055
 -38.2378  -9.7621
 -38.2835  -9.6569
 -38.3381  -9.6064
 -38.3363  -9.5480
 -38.3959  -9.5665
 -38.4308  -9.4363
 -38.4391  -9.3432
 -38.4391  -9.3432
 -38.4416  -9.2415
 -38.4136  -9.1172
 -38.3853  -9.0500
 -38.2879  -9.0227
 -38.2174  -9.0287
 -38.2174  -9.0287
 -38.0534  -9.0054
 -37.8958  -8.9513
 -37.8348  -8.9013
 -37.8348  -8.9013
 -37.7980  -8.8397
 -37.7494  -8.8091
 -37.7494  -8.8091
 -37.6648  -8.7750
 -37.6340  -8.7120
 -37.6097  -8.6420
 -37.6010  -8.6108
 -37.6105  -8.5338
 -37.8372  -8.5687
 -37.9948  -8.5935
 -37.9948  -8.5935
 -37.9966  -8.5512
 -38.0483  -8.4915
 -38.0483  -8.4915
 -38.0483  -8.4915
 -38.0620  -8.4731
 -38.0953  -8.4715
 -38.0975  -8.4717
 -38.1220  -8.5138
 -38.1747  -8.5313
 -38.1747  -8.5313
 -38.2187  -8.5075
 -38.2210  -8.5077
 -38.2614  -8.5226
 -38.2790  -8.5750
 -38.2790  -8.5750
 -38.3192  -8.6111
 -38.3388  -8.6280
 -38.3388  -8.6280
 -38.3500  -8.6864
 -38.3648  -8.7151
 -38.4154  -8.7501
 -38.4616  -8.7657
 -38.5270  -8.7554
 -38.5292  -8.7557
 -38.5833  -8.7351
 -38.5833  -8.7351
 -38.6243  -8.7656
 -38.6533  -8.7813
 -38.6945  -8.7726
 -38.7277  -8.8482
 -38.7300  -8.8485
 -38.7660  -8.9008
 -38.9200  -8.9376
 -38.9569  -8.9552
 -38.9711  -8.9894
 -38.9715  -9.0893
 -38.9535  -9.1322
 -38.9618  -9.2050
 -38.9250  -9.2692
 -38.9140  -9.3117
 -38.9137  -9.3139
 -38.9456  -9.3995
 -38.9456  -9.3995
 -38.9516  -9.4709
 -38.9543  -9.5689
 -38.9543  -9.5689
 -38.9540  -9.5711
 -39.0110  -9.6035
 -39.0243  -9.6534
 -39.0722  -9.7577
 -39.1395  -9.8543
 -39.1395  -9.8543
 -39.1605  -9.9073
 -39.1214  -9.9870
 -39.0841 -10.0433
 -39.0719 -10.1026
 -39.0809 -10.2025
 -39.0214 -10.2606
 -38.9625 -10.4198
 -38.9619 -10.4242
 -39.0180 -10.4905
 -39.0202 -10.4907
 -39.0276 -10.6455
 -39.0276 -10.6455
 -39.0882 -10.7292
 -39.0819 -10.8813
 -39.0555 -10.9320
 -39.1051 -11.0369
 -39.0966 -11.1089
 -39.0303 -11.2391
 -39.0538 -11.2622
 -39.0251 -11.3542
 -38.9851 -11.4605
 -38.9550 -11.5782
 -38.9267 -11.7162
 -38.9264 -11.7184
 -38.9120 -11.8132
 -38.9214 -11.8627
 -38.8572 -11.9153
 -38.8572 -11.9153
 -38.7898 -11.9416
 -38.7476 -12.0687
 -38.7422 -12.1231
 -38.7491 -12.2217
 -38.7843 -12.3172
 -38.8291 -12.3937
 -38.8517 -12.4472
 -38.8481 -12.5771
 -38.8766 -12.6459
 -39.0125 -12.7365
 -39.0113 -12.7768
 -39.0316 -12.9425
 -39.0490 -13.0550
 -39.0657 -13.1640
 -39.0732 -13.2798
 -39.0870 -13.3997
 -39.1469 -13.5234
 -39.1670 -13.6240
 -39.1366 -13.6707
 -39.1631 -13.7676
 -39.1903 -13.8747
 -39.1833 -14.0371
 -39.1415 -14.1352
 -39.1015 -14.1907
 -39.0707 -14.2699
 -38.9939 -14.3509
>999 999
 -39.0072 -14.7607
 -39.0179 -14.7894
 -39.0682 -14.7446
 -39.0738 -14.7691
 -39.0713 -14.8445
 -39.0665 -14.9501
 -39.0685 -15.0567
 -39.1229 -15.2026
 -39.1796 -15.3195
 -39.2134 -15.3731
 -39.2134 -15.3731
 -39.2203 -15.4783
 -39.2552 -15.5479
 -39.2917 -15.6371
 -39.3107 -15.7396
 -39.3511 -15.8124
 -39.3555 -15.8732
 -39.3646 -15.9278
 -39.3632 -16.0252
 -39.3714 -16.1876
 -39.4243 -16.3669
 -39.4613 -16.5121
 -39.4914 -16.7007
 -39.5179 -16.8082
 -39.5179 -16.8082
 -39.5873 -16.9596
 -39.6142 -17.0797
 -39.6142 -17.0797
 -39.6343 -17.1909
 -39.6584 -17.3130
 -39.7056 -17.4191
 -39.7454 -17.5551
 -39.7743 -17.5982
 -39.8170 -17.6296
 -39.9238 -17.6660
 -39.9893 -17.6985
 -40.0763 -17.7537
 -40.1443 -17.8083
 -40.1760 -17.8793
 -40.1857 -17.9379
 -40.1842 -17.9982
 -40.1719 -18.1027
 -40.1621 -18.1402
 -40.1586 -18.1762
 -40.1503 -18.1899
 -40.1203 -18.2037
 -40.1114 -18.2207
 -40.1261 -18.2561
 -40.1337 -18.2972
 -40.1242 -18.3187
 -40.1099 -18.3463
 -40.1067 -18.3950
 -40.1072 -18.4500
 -40.1198 -18.5412
 -40.1198 -18.5412
 -40.1471 -18.6312
 -40.1853 -18.7068
 -40.2260 -18.8470
 -40.2507 -18.9745
 -40.2541 -19.0770
 -40.2324 -19.1552
 -40.2332 -19.2655
 -40.2573 -19.3242
 -40.2611 -19.3879
 -40.3071 -19.4902
 -40.3071 -19.4902
 -40.3520 -19.5624
 -40.3820 -19.6152
 -40.3883 -19.6644
 -40.3547 -19.7547
 -40.3547 -19.7547
 -40.3468 -19.8006
 -40.3468 -19.8006
 -40.3503 -19.8805
 -40.3278 -19.9690
 -40.3089 -20.0294
 -40.3044 -20.0701
 -40.3387 -20.1122
 -40.3533 -20.1478
 -40.3334 -20.1712
 -40.3246 -20.2009
 -40.3246 -20.2009
 -40.3332 -20.2505
 -40.3361 -20.2901
 -40.3194 -20.3658
 -40.2952 -20.4208
>999 999
 -40.6174 -20.7613
 -40.6479 -20.7689
 -40.6874 -20.8327
 -40.7459 -20.8580
 -40.8588 -20.8792
 -40.9119 -20.9513
 -40.9662 -20.9899
 -40.9879 -21.0946
 -41.0315 -21.1830
 -41.0800 -21.2464
 -41.1125 -21.2680
 -41.1148 -21.3628
 -41.1307 -21.4404
 -41.1729 -21.5147
 -41.2619 -21.5553
 -41.3572 -21.5608
 -41.4065 -21.5700
 -41.4188 -21.5873
 -41.3983 -21.6362
 -41.4040 -21.7001
 -41.4521 -21.7611
 -41.5037 -21.8074
 -41.5737 -21.8461
 -41.6152 -21.8673
 -41.6217 -21.9094
 -41.5524 -21.9260
 -41.5123 -21.9465
 -41.5201 -21.9783
 -41.5743 -22.0249
 -41.6259 -22.0804
 -41.6759 -22.1391
 -41.6874 -22.1897
 -41.6502 -22.2934
>999 999
 -41.9864 -22.7207
 -42.0719 -22.7539
 -42.1237 -22.6883
 -42.1247 -22.6274
 -42.1637 -22.6079
 -42.2041 -22.6323
 -42.2222 -22.7008
 -42.2952 -22.7800
 -42.3237 -22.8275
 -42.2507 -22.8474
 -42.1871 -22.8807
 -42.1235 -22.9221
 -42.0312 -22.9355
>999 999
 -45.0624 -22.5981
 -45.0381 -22.6484
 -45.0347 -22.6806
 -44.9860 -22.6767
 -44.9583 -22.6768
 -44.9568 -22.6906
 -44.9862 -22.7335
 -45.0494 -22.7895
 -45.1179 -22.8448
 -45.2027 -22.9014
 -45.3059 -22.9397
 -45.3908 -22.9847
 -45.4675 -23.0731
 -45.5163 -23.1025
 -45.5592 -23.1280
 -45.5779 -23.1805
 -45.6851 -23.2586
 -45.7404 -23.2629
 -45.7983 -23.2918
 -45.8504 -23.3157
 -45.8869 -23.3185
 -45.9185 -23.2815
 -45.9659 -23.2898
 -46.0383 -23.3396
 -46.0980 -23.3768
 -46.1246 -23.3649
 -46.0857 -23.2828
 -46.0315 -23.2414
 -45.9680 -23.2168
 -45.9179 -23.1989
 -45.9014 -23.1361
 -45.8530 -23.1137
 -45.7957 -23.1174
 -45.7561 -23.1085
 -45.7361 -23.0686
 -45.7429 -23.0262
 -45.7119 -23.0075
 -45.6792 -22.9934
 -45.6562 -22.9463
 -45.6066 -22.9250
 -45.5316 -22.8809
 -45.4667 -22.8619
 -45.3781 -22.8410
 -45.2651 -22.7997
 -45.2123 -22.7271
 -45.1840 -22.6611
 -45.1187 -22.6246
 -45.0611 -22.5980
>999 999
 -46.3358 -23.3591
 -46.2861 -23.4006
 -46.3206 -23.4510
 -46.2718 -23.4565
 -46.2558 -23.4902
 -46.3276 -23.5365
 -46.3270 -23.5690
 -46.2952 -23.5817
 -46.2315 -23.5697
 -46.1766 -23.5852
 -46.1788 -23.6145
 -46.2546 -23.6460
 -46.3377 -23.6687
 -46.3555 -23.7085
 -46.3937 -23.7348
 -46.4417 -23.7385
 -46.4953 -23.7112
 -46.5290 -23.7057
 -46.5455 -23.7198
 -46.6307 -23.7205
 -46.6535 -23.7630
 -46.7116 -23.7955
 -46.7347 -23.7262
 -46.7458 -23.6886
 -46.7186 -23.6387
 -46.7544 -23.5960
 -46.4149 -23.4746
 -46.3781 -23.4612
 -46.3354 -23.3626
>999 999
 -46.6210 -24.1053
 -46.6633 -24.0912
 -46.7696 -24.1309
 -46.8423 -24.1611
 -46.9279 -24.1619
 -46.9957 -24.2045
 -47.0613 -24.2434
 -47.0877 -24.2910
 -47.0758 -24.3507
 -47.0271 -24.4064
 -47.0906 -24.4557
 -47.2771 -24.4796
 -47.3118 -24.4508
 -47.3843 -24.4447
 -47.4829 -24.5049
 -47.5651 -24.6084
 -47.6139 -24.6542
 -47.6479 -24.6475
 -47.6506 -24.6161
 -47.6299 -24.5724
 -47.6453 -24.5280
 -47.6898 -24.5186
 -47.6994 -24.4959
 -47.7329 -24.4797
 -47.8070 -24.4995
 -47.8282 -24.5222
 -47.8232 -24.5662
 -47.7682 -24.5936
 -47.7508 -24.6168
 -47.7470 -24.6610
 -47.7717 -24.7039
 -47.7686 -24.7704
 -47.7789 -24.8309
 -47.8112 -24.8896
 -47.8796 -24.9195
 -47.9461 -24.9563
 -47.9921 -25.0079
 -48.0543 -25.0667
 -48.1198 -25.1339
 -48.1182 -25.1842
 -48.1050 -25.2336
 -48.1665 -25.2572
 -48.2250 -25.2853
 -48.2753 -25.3338
 -48.4403 -25.3914
 -48.5107 -25.4181
 -48.5558 -25.3394
 -48.5723 -25.2784
 -48.6286 -25.2687
 -48.7005 -25.3589
 -48.7575 -25.4433
 -48.8112 -25.5369
 -48.7814 -25.6040
 -48.7514 -25.6733
 -48.7292 -25.7574
 -48.6788 -25.8028
 -48.6399 -25.8831
 -48.7553 -25.8889
 -48.8260 -25.8169
 -48.8784 -25.9470
 -48.8762 -26.0092
 -48.8977 -26.1027
 -48.9174 -26.1844
 -48.9228 -26.2496
 -48.9497 -26.2906
 -49.0022 -26.3550
 -49.0308 -26.4080
 -49.0100 -26.4581
 -48.9412 -26.4666
 -48.9088 -26.4957
 -48.9120 -26.5218
 -48.9723 -26.5551
 -49.0473 -26.5684
 -49.0995 -26.5881
 -49.1770 -26.5863
 -49.2071 -26.6206
 -49.2009 -26.6507
 -49.0256 -26.6455
 -48.9820 -26.6831
 -48.8985 -26.7432
 -48.8251 -26.7899
 -48.7374 -26.8178
 -48.7070 -26.8199
>999 999
 -49.2867 -25.3572
 -49.2158 -25.3541
 -49.1297 -25.3816
 -49.0471 -25.3799
 -49.0764 -25.4741
 -49.0709 -25.5490
 -49.1663 -25.5906
 -49.2666 -25.6385
 -49.3645 -25.6839
 -49.3571 -25.5878
 -49.3542 -25.5368
 -49.3432 -25.4900
 -49.3088 -25.3919
 -49.2839 -25.3593
>999 999
 -48.6819 -28.2238
 -48.8002 -28.2619
 -48.8305 -28.3458
 -48.8305 -28.3458
 -48.8347 -28.4542
 -48.9045 -28.5477
 -48.9757 -28.5768
 -49.0323 -28.4447
 -49.0774 -28.4489
 -49.0988 -28.5145
 -49.1455 -28.5001
 -49.1478 -28.3732
 -49.1820 -28.3305
 -49.2404 -28.4019
 -49.2579 -28.5001
 -49.2448 -28.5801
 -49.1863 -28.6074
 -49.1765 -28.6618
 -49.1208 -28.7199
 -49.2163 -28.8150
 -49.2836 -28.8967
>999 999
-38.572 -3.78 marg-bas CE-MA
-38.678 -3.78 marg-bas CE-MA
-38.745 -3.724 marg-bas CE-MA
-38.803 -3.667 marg-bas CE-MA
-39.000 -3.653 marg-bas CE-MA
-39.055 -3.559 marg-bas CE-MA
-39.089 -3.571 marg-bas CE-MA
-39.141 -3.501 marg-bas CE-MA
-39.18 -3.497 marg-bas CE-MA
-39.286 -3.674 marg-bas CE-MA
-39.326 -3.703 marg-bas CE-MA
-39.36 -3.693 marg-bas CE-MA
-39.328 -3.59 marg-bas CE-MA
-39.306 -3.507 marg-bas CE-MA
-39.314 -3.463 marg-bas CE-MA
-39.358 -3.506 marg-bas CE-MA
-39.422 -3.496 marg-bas CE-MA
-39.489 -3.514 marg-bas CE-MA
-39.529 -3.457 marg-bas CE-MA
-39.673 -3.426 marg-bas CE-MA
-39.741 -3.328 marg-bas CE-MA
-39.788 -3.276 marg-bas CE-MA
-39.808 -3.239 marg-bas CE-MA
-39.813 -3.21 marg-bas CE-MA
-39.744 -3.154 marg-bas CE-MA
-39.787 -3.098 marg-bas CE-MA
-39.838 -3.032 marg-bas CE-MA
-40.022 -2.946 marg-bas CE-MA
-40.137 -2.935 marg-bas CE-MA
-40.153 -3.015 marg-bas CE-MA
-40.13 -3.088 marg-bas CE-MA
-40.149 -3.247 marg-bas CE-MA
-40.185 -3.302 marg-bas CE-MA
-40.233 -3.298 marg-bas CE-MA
-40.296 -3.244 marg-bas CE-MA
-40.318 -3.158 marg-bas CE-MA
-40.453 -3.179 marg-bas CE-MA
-40.534 -3.199 marg-bas CE-MA
-40.63 -3.2 marg-bas CE-MA
-40.654 -3.097 marg-bas CE-MA
-40.749 -3.068 marg-bas CE-MA
-40.851 -3.048 marg-bas CE-MA
-40.931 -3.072 marg-bas CE-MA
-40.947 -3.111 marg-bas CE-MA
-40.937 -3.189 marg-bas CE-MA
-41.000 -3.219 marg-bas CE-MA
-41.072 -3.12 marg-bas CE-MA
-41.133 -3.036 marg-bas CE-MA
-41.26 -3.032 marg-bas CE-MA
-41.387 -3.062 marg-bas CE-MA
-41.452 -3.047 marg-bas CE-MA
-41.524 -3.072 marg-bas CE-MA
-41.639 -3.087 marg-bas CE-MA
-41.736 -3.057 marg-bas CE-MA
-41.838 -3.049 marg-bas CE-MA
-41.926 -3.066 marg-bas CE-MA
-41.99 -3.07 marg-bas CE-MA
-42.027 -3.091 marg-bas CE-MA
-42.254 -3.133 marg-bas CE-MA
-42.528 -3.181 marg-bas CE-MA
-42.848 -3.173 marg-bas CE-MA
-43.195 -3.131 marg-bas CE-MA
-43.436 -3.051 marg-bas CE-MA
-43.731 -2.905 marg-bas CE-MA
-43.903 -2.785 marg-bas CE-MA
-44.033 -2.655 marg-bas CE-MA
>99 99
-47.799 -.616 margbas marajo
-47.618 -.997 margbas marajo
-47.44 -1.383 margbas marajo
-47.381 -1.653 margbas marajo
-47.291 -1.863 margbas marajo
-47.257 -2.238 margbas marajo
-47.35 -2.647 margbas marajo
-47.617 -2.903 margbas marajo
-48.216 -3.127 margbas marajo
-48.689 -3.107 margbas marajo
-49.199 -3.05 margbas marajo
-49.798 -2.763 margbas marajo
-50.151 -2.496 margbas marajo
-50.456 -2.321 margbas marajo
-50.796 -2.206 margbas marajo
-51.183 -2.112 margbas marajo
-51.443 -1.973 margbas marajo
-51.514 -1.735 margbas marajo
-51.554 -1.395 margbas marajo
-51.627 -.963 margbas marajo
-51.703 -.653 margbas marajo
-51.743 -.39 margbas marajo
-51.653 .005 margbas marajo
-51.506 .336 margbas marajo
-51.468 .501 margbas marajo
-51.492 .571 margbas marajo
-51.629 .614 margbas marajo
-51.547 .736 margbas marajo
-51.367 .83 margbas marajo
-51.227 .992 margbas marajo
-51.207 1.167 margbas marajo
-51.16 1.244 margbas marajo
-51.144 1.391 margbas marajo
-51.000 1.522 margbas marajo
-50.915 1.746 margbas marajo
-50.919 2.011 margbas marajo
-50.95 2.292 margbas marajo
-51.051 2.58 margbas marajo
-51.098 2.732 margbas marajo
-51.205 2.961 margbas marajo
-51.365 3.146 margbas marajo
-51.45 3.345 margbas marajo
-51.572 3.551 margbas marajo
-51.677 3.728 margbas marajo
-51.748 3.99 margbas marajo
-51.749 4.041 margbas marajo
>99 99 margbas marajo
-50.451 -30.089 margbas RS_URU_ARG
-50.799 -30.11 margbas RS_URU_ARG
-50.88 -30.127 margbas RS_URU_ARG
-51.038 -30.349 margbas RS_URU_ARG
-51.32 -30.294 margbas RS_URU_ARG
-51.328 -30.498 margbas RS_URU_ARG
-51.455 -30.663 margbas RS_URU_ARG
-51.722 -30.803 margbas RS_URU_ARG
-51.811 -30.86 margbas RS_URU_ARG
-51.901 -31.107 margbas RS_URU_ARG
-52.006 -31.357 margbas RS_URU_ARG
-52.128 -31.58 margbas RS_URU_ARG
-52.294 -31.752 margbas RS_URU_ARG
-52.505 -31.851 margbas RS_URU_ARG
-52.614 -31.915 margbas RS_URU_ARG
-52.821 -32.211 margbas RS_URU_ARG
-52.984 -32.392 margbas RS_URU_ARG
-53.12 -32.571 margbas RS_URU_ARG
-53.396 -32.587 margbas RS_URU_ARG
-53.534 -32.652 margbas RS_URU_ARG
-53.635 -32.656 margbas RS_URU_ARG
-53.698 -32.711 margbas RS_URU_ARG
-53.79 -32.696 margbas RS_URU_ARG
-53.906 -32.896 margbas RS_URU_ARG
-53.983 -32.936 margbas RS_URU_ARG
-53.982 -33.03 margbas RS_URU_ARG
-54.097 -33.061 margbas RS_URU_ARG
-54.117 -33.228 margbas RS_URU_ARG
-54.252 -33.28 margbas RS_URU_ARG
-54.323 -33.416 margbas RS_URU_ARG
-54.336 -33.572 margbas RS_URU_ARG
-54.415 -33.71 margbas RS_URU_ARG
-54.587 -33.792 margbas RS_URU_ARG
-54.774 -33.988 margbas RS_URU_ARG
-54.903 -34.13 margbas RS_URU_ARG
-54.914 -34.2 margbas RS_URU_ARG
-54.875 -34.22 margbas RS_URU_ARG
-54.876 -34.334 margbas RS_URU_ARG
-54.702 -34.319 margbas RS_URU_ARG
-54.625 -34.301 margbas RS_URU_ARG
-54.444 -34.179 margbas RS_URU_ARG
-54.351 -34.051 margbas RS_URU_ARG
-54.197 -34.011 margbas RS_URU_ARG
-54.045 -34.007 margbas RS_URU_ARG
-53.852 -33.975 margbas RS_URU_ARG
-53.692 -33.953 margbas RS_URU_ARG
-53.595 -33.977 margbas RS_URU_ARG
-53.574 -34.028 margbas RS_URU_ARG
-53.769 -34.142 margbas RS_URU_ARG
-53.934 -34.279 margbas RS_URU_ARG
-54.061 -34.481 margbas RS_URU_ARG
-54.137 -34.532 margbas RS_URU_ARG
-54.235 -34.495 margbas RS_URU_ARG
-54.385 -34.531 margbas RS_URU_ARG
-54.491 -34.686 margbas RS_URU_ARG
-54.657 -34.764 margbas RS_URU_ARG
-54.867 -34.863 margbas RS_URU_ARG
-54.973 -34.966 margbas RS_URU_ARG
>99 99 margbas RS_URU_ARG
-55.597 -34.868 margbas RS_URU_ARG
-55.627 -34.758 margbas RS_URU_ARG
-55.66 -34.666 margbas RS_URU_ARG
-55.88 -34.715 margbas RS_URU_ARG
-56.001 -34.692 margbas RS_URU_ARG
-55.995 -34.599 margbas RS_URU_ARG
-55.903 -34.576 margbas RS_URU_ARG
-55.762 -34.524 margbas RS_URU_ARG
-55.721 -34.471 margbas RS_URU_ARG
-55.568 -34.406 margbas RS_URU_ARG
-55.484 -34.378 margbas RS_URU_ARG
-55.34 -34.275 margbas RS_URU_ARG
-55.443 -34.164 margbas RS_URU_ARG
-55.555 -34.183 margbas RS_URU_ARG
-55.768 -34.165 margbas RS_URU_ARG
-55.964 -34.184 margbas RS_URU_ARG
-56.096 -34.29 margbas RS_URU_ARG
-56.23 -34.293 margbas RS_URU_ARG
-56.414 -34.261 margbas RS_URU_ARG
-56.489 -34.247 margbas RS_URU_ARG
-56.614 -34.302 margbas RS_URU_ARG
-56.646 -34.414 margbas RS_URU_ARG
-56.787 -34.465 margbas RS_URU_ARG
-56.827 -34.32 margbas RS_URU_ARG
-56.899 -34.326 margbas RS_URU_ARG
-56.982 -34.428 margbas RS_URU_ARG
-57.058 -34.432 margbas RS_URU_ARG
-57.103 -34.327 margbas RS_URU_ARG
-57.194 -34.284 margbas RS_URU_ARG
-57.248 -34.314 margbas RS_URU_ARG
-57.264 -34.42 margbas RS_URU_ARG
-57.368 -34.446 margbas RS_URU_ARG
-57.538 -34.456 margbas RS_URU_ARG
-57.689 -34.394 margbas RS_URU_ARG
-57.785 -34.337 margbas RS_URU_ARG
-57.92 -34.359 margbas RS_URU_ARG
>99 99 margbas RS_URU_ARG
-57.208 -35.373 margbas RS_URU_ARG
-57.922 -35.283 margbas RS_URU_ARG
-58.639 -35.127 margbas RS_URU_ARG
-59.319 -35.019 margbas RS_URU_ARG
-59.884 -35.001 margbas RS_URU_ARG
-60.25 -35.264 margbas RS_URU_ARG
-60.366 -35.79 margbas RS_URU_ARG
-60.152 -36.342 margbas RS_URU_ARG
-59.639 -36.669 margbas RS_URU_ARG
-59.083 -36.863 margbas RS_URU_ARG
-58.554 -37.17 margbas RS_URU_ARG
-57.972 -37.28 margbas RS_URU_ARG
-57.491 -37.46 margbas RS_URU_ARG
-57.126 -37.638 margbas RS_URU_ARG
>99 99 margbas RS_URU_ARG
 -38.3172  -3.9730
 -38.3161  -3.9854
 -38.3133  -3.9967
 -38.3237  -4.0083
 -38.3284  -4.0200
 -38.3178  -4.0325
 -38.3216  -4.0447
 -38.3331  -4.0549
 -38.3446  -4.0569
 -38.3471  -4.0456
 -38.3417  -4.0336
 -38.3546  -4.0246
 -38.3679  -4.0160
 -38.3806  -4.0149
 -38.3921  -4.0273
 -38.4015  -4.0400
 -38.4142  -4.0475
 -38.4257  -4.0490
 -38.4322  -4.0610
 -38.4437  -4.0678
 -38.4568  -4.0642
 -38.4685  -4.0620
 -38.4812  -4.0588
 -38.4927  -4.0626
 -38.4967  -4.0740
 -38.4931  -4.0864
 -38.4807  -4.0984
 -38.4685  -4.0993
 -38.4565  -4.1020
 -38.4466  -4.1142
 -38.4610  -4.1198
 -38.4725  -4.1262
 -38.4689  -4.1379
 -38.4544  -4.1409
 -38.4411  -4.1413
 -38.4289  -4.1402
 -38.4149  -4.1406
 -38.4081  -4.1537
 -38.4133  -4.1666
 -38.4162  -4.1786
 -38.4047  -4.1904
 -38.3923  -4.1947
 -38.3776  -4.1967
 -38.3663  -4.1996
 -38.3527  -4.1951
 -38.3392  -4.1894
 -38.3256  -4.1863
 -38.3137  -4.1939
 -38.3017  -4.1994
 -38.2900  -4.1939
 -38.2773  -4.1880
 -38.2679  -4.1747
 -38.2652  -4.1634
 -38.2532  -4.1545
 -38.2476  -4.1667
 -38.2441  -4.1783
 -38.2315  -4.1866
 -38.2342  -4.1993
 -38.2477  -4.2036
 -38.2592  -4.2052
 -38.2707  -4.2075
 -38.2832  -4.2097
 -38.2897  -4.2215
 -38.2860  -4.2349
 -38.2831  -4.2462
 -38.2885  -4.2593
 -38.2889  -4.2713
 -38.2918  -4.2839
 -38.2986  -4.2952
 -38.3108  -4.3057
 -38.3228  -4.3093
 -38.3365  -4.3147
 -38.3487  -4.3138
 -38.3609  -4.3172
 -38.3754  -4.3231
 -38.3874  -4.3175
 -38.4009  -4.3125
 -38.4138  -4.3026
 -38.4260  -4.2926
 -38.4387  -4.2899
 -38.4511  -4.2913
 -38.4649  -4.3010
 -38.4764  -4.3125
 -38.4877  -4.3214
 -38.4996  -4.3241
 -38.5069  -4.3372
 -38.5084  -4.3499
 -38.5118  -4.3614
 -38.5107  -4.3727
 -38.5152  -4.3845
 -38.5240  -4.3980
 -38.5222  -4.4109
 -38.5091  -4.4218
 -38.4959  -4.4276
 -38.4835  -4.4322
 -38.4720  -4.4326
 -38.4593  -4.4326
 -38.4473  -4.4313
 -38.4360  -4.4313
 -38.4234  -4.4439
 -38.4121  -4.4448
 -38.4005  -4.4457
 -38.3886  -4.4364
 -38.3836  -4.4240
 -38.3771  -4.4125
 -38.3649  -4.4134
 -38.3508  -4.4188
 -38.3391  -4.4154
 -38.3260  -4.4126
 -38.3143  -4.4113
 -38.3016  -4.3982
 -38.2887  -4.3862
 -38.2824  -4.3748
 -38.2856  -4.3631
 -38.2820  -4.3509
 -38.2707  -4.3425
 -38.2592  -4.3389
 -38.2457  -4.3377
 -38.2326  -4.3382
 -38.2206  -4.3402
 -38.2088  -4.3443
 -38.2054  -4.3556
 -38.2174  -4.3648
 -38.2294  -4.3649
 -38.2420  -4.3696
 -38.2517  -4.3818
 -38.2578  -4.3936
 -38.2668  -4.4067
 -38.2747  -4.4187
 -38.2869  -4.4314
 -38.2891  -4.4443
 -38.2758  -4.4477
 -38.2620  -4.4366
 -38.2496  -4.4329
 -38.2383  -4.4427
 -38.2349  -4.4544
 -38.2233  -4.4641
 -38.2104  -4.4648
 -38.1967  -4.4605
 -38.1854  -4.4594
 -38.1765  -4.4716
 -38.1654  -4.4851
 -38.1654  -4.4967
 -38.1692  -4.5082
 -38.1769  -4.5197
 -38.1834  -4.5320
 -38.1904  -4.5440
 -38.1967  -4.5559
 -38.2033  -4.5673
 -38.2091  -4.5804
 -38.2143  -4.5921
 -38.2218  -4.6035
 -38.2098  -4.6059
 -38.1969  -4.6032
 -38.1838  -4.6032
 -38.1713  -4.6009
 -38.1573  -4.6018
 -38.1447  -4.6036
 -38.1311  -4.6052
 -38.1248  -4.5939
 -38.1133  -4.5875
 -38.1018  -4.5837
 -38.0905  -4.5837
 -38.0846  -4.5954
 -38.0893  -4.6079
 -38.0970  -4.6208
 -38.1037  -4.6325
 -38.1155  -4.6407
 -38.1288  -4.6486
 -38.1407  -4.6579
 -38.1521  -4.6572
 -38.1634  -4.6527
 -38.1751  -4.6507
 -38.1864  -4.6539
 -38.1746  -4.6649
 -38.1620  -4.6726
 -38.1495  -4.6803
 -38.1405  -4.6921
 -38.1359  -4.7052
 -38.1233  -4.7056
 -38.1108  -4.7042
 -38.0973  -4.6974
 -38.0830  -4.6924
 -38.0713  -4.6961
 -38.0557  -4.7026
 -38.0441  -4.7148
 -38.0452  -4.7281
 -38.0316  -4.7374
 -38.0196  -4.7358
 -38.0061  -4.7319
 -37.9959  -4.7174
 -37.9921  -4.7054
 -37.9879  -4.6919
 -37.9761  -4.6846
 -37.9637  -4.6930
 -37.9512  -4.6984
 -37.9472  -4.6834
 -37.9488  -4.6705
 -37.9504  -4.6563
 -37.9375  -4.6513
 -37.9255  -4.6502
 -37.9134  -4.6433
 -37.9062  -4.6313
 -37.8949  -4.6250
 -37.8831  -4.6279
 -37.8702  -4.6220
 -37.8589  -4.6236
 -37.8501  -4.6374
 -37.8464  -4.6493
 -37.8451  -4.6616
 -37.8434  -4.6735
 -37.8446  -4.6864
 -37.8560  -4.7000
 -37.8662  -4.7129
 -37.8781  -4.7240
 -37.8892  -4.7363
 -37.9023  -4.7469
 -37.9136  -4.7512
 -37.9260  -4.7630
 -37.9305  -4.7748
 -37.9300  -4.7877
 -37.9325  -4.7999
 -37.9376  -4.8119
 -37.9419  -4.8262
 -37.9408  -4.8393
 -37.9468  -4.8538
 -37.9549  -4.8662
 -37.9694  -4.8710
 -37.9821  -4.8681
 -37.9938  -4.8681
 -38.0065  -4.8647
 -38.0178  -4.8607
 -38.0310  -4.8525
 -38.0414  -4.8654
 -38.0538  -4.8734
 -38.0629  -4.8600
 -38.0629  -4.8485
 -38.0778  -4.8415
 -38.0868  -4.8535
 -38.0907  -4.8655
 -38.0911  -4.8768
 -38.0911  -4.8892
 -38.0834  -4.9006
 -38.0800  -4.9132
 -38.0718  -4.9252
 -38.0738  -4.9367
 -38.0790  -4.9485
 -38.0914  -4.9521
 -38.0953  -4.9639
 -38.1068  -4.9761
 -38.1195  -4.9750
 -38.1215  -4.9619
 -38.1328  -4.9556
 -38.1455  -4.9601
 -38.1568  -4.9671
 -38.1545  -4.9800
 -38.1577  -4.9954
 -38.1620  -5.0072
 -38.1662  -5.0189
 -38.1678  -5.0305
 -38.1665  -5.0427
 -38.1515  -5.0470
 -38.1368  -5.0474
 -38.1298  -5.0617
 -38.1254  -5.0761
 -38.1243  -5.0877
 -38.1358  -5.0965
 -38.1462  -5.1087
 -38.1462  -5.1087
 -38.1412  -5.1200
 -38.1338  -5.1325
 -38.1308  -5.1447
 -38.1312  -5.1587
 -38.1328  -5.1723
 -38.1371  -5.1838
 -38.1427  -5.1972
 -38.1466  -5.2150
 -38.1515  -5.2288
 -38.1576  -5.2411
 -38.1594  -5.2528
 -38.1504  -5.2646
 -38.1490  -5.2764
 -38.1623  -5.2836
 -38.1741  -5.2913
 -38.1807  -5.3056
 -38.1823  -5.3196
 -38.1834  -5.3318
 -38.1938  -5.3449
 -38.2010  -5.3569
 -38.1867  -5.3614
 -38.1775  -5.3494
 -38.1646  -5.3395
 -38.1523  -5.3458
 -38.1435  -5.3585
 -38.1577  -5.3700
 -38.1675  -5.3827
 -38.1654  -5.3954
 -38.1718  -5.4071
 -38.1747  -5.4202
 -38.1735  -5.4325
 -38.1763  -5.4483
 -38.1767  -5.4596
 -38.1740  -5.4714
 -38.1724  -5.4872
 -38.1728  -5.5024
 -38.1733  -5.5148
 -38.1733  -5.5279
 -38.1606  -5.5311
 -38.1492  -5.5388
 -38.1463  -5.5510
 -38.1512  -5.5643
 -38.1397  -5.5738
 -38.1272  -5.5797
 -38.1224  -5.5910
 -38.1197  -5.6046
 -38.1224  -5.6170
 -38.1224  -5.6283
 -38.1224  -5.6419
 -38.1197  -5.6559
 -38.1201  -5.6684
 -38.1169  -5.6817
 -38.1190  -5.6946
 -38.1101  -5.7077
 -38.1065  -5.7195
 -38.0976  -5.7326
 -38.0854  -5.7346
 -38.0729  -5.7283
 -38.0641  -5.7165
 -38.0566  -5.7048
 -38.0439  -5.6959
 -38.0319  -5.6873
 -38.0210  -5.6988
 -38.0330  -5.7108
 -38.0459  -5.7179
 -38.0586  -5.7274
 -38.0568  -5.7394
 -38.0441  -5.7477
 -38.0309  -5.7509
 -38.0187  -5.7518
 -38.0074  -5.7518
 -37.9953  -5.7490
 -37.9772  -5.7438
 -37.9629  -5.7397
 -37.9511  -5.7397
 -37.9396  -5.7397
 -37.9255  -5.7415
 -37.9135  -5.7426
 -37.9001  -5.7410
 -37.8856  -5.7360
 -37.8657  -5.7346
 -37.8537  -5.7346
 -37.8423  -5.7355
 -37.8276  -5.7267
 -37.8163  -5.7221
 -37.8038  -5.7189
 -37.7925  -5.7189
 -37.7762  -5.7189
 -37.7632  -5.7166
 -37.7496  -5.7193
 -37.7349  -5.7238
 -37.7208  -5.7301
 -37.7084  -5.7326
 -37.6968  -5.7262
 -37.6905  -5.7138
 -37.6785  -5.7174
 -37.6662  -5.7248
 -37.6524  -5.7289
 -37.6413  -5.7146
 -37.6284  -5.7175
 -37.6175  -5.7317
 -37.6079  -5.7451
 -37.5953  -5.7378
 -37.5833  -5.7267
 -37.5731  -5.7151
 -37.5702  -5.7020
 -37.5643  -5.6886
 -37.5603  -5.6739
 -37.5603  -5.6588
 -37.5592  -5.6449
 -37.5470  -5.6470
 -37.5392  -5.6583
 -37.5455  -5.6723
 -37.5532  -5.6857
 -37.5536  -5.6990
 -37.5559  -5.7153
 -37.5540  -5.7296
 -37.5406  -5.7334
 -37.5273  -5.7270
 -37.5273  -5.7270
 -37.5273  -5.7270
 -37.5264  -5.7395
 -37.5247  -5.7533
 -37.5193  -5.7664
 -37.5059  -5.7747
 -37.4934  -5.7785
 -37.4821  -5.7726
 -37.4707  -5.7760
 -37.4560  -5.7803
 -37.4479  -5.7685
 -37.4386  -5.7549
 -37.4273  -5.7503
 -37.4151  -5.7503
 -37.4038  -5.7450
 -37.3922  -5.7330
 -37.3809  -5.7244
 -37.3674  -5.7160
 -37.3554  -5.7092
 -37.3431  -5.7128
 -37.3298  -5.7046
 -37.3169  -5.6991
 -37.3028  -5.6925
 -37.2872  -5.6859
 -37.2739  -5.6800
 -37.2624  -5.6725
 -37.2488  -5.6665
 -37.2329  -5.6697
 -37.2207  -5.6723
 -37.2084  -5.6762
 -37.1942  -5.6777
 -37.1786  -5.6729
 -37.1663  -5.6688
 -37.1530  -5.6687
 -37.1382  -5.6707
 -37.1262  -5.6736
 -37.1144  -5.6765
 -37.1020  -5.6722
 -37.0862  -5.6678
 -37.0728  -5.6678
 -37.0597  -5.6641
 -37.0479  -5.6568
 -37.0357  -5.6473
 -37.0056  -5.6445
 -36.9943  -5.6428
 -36.9828  -5.6414
 -36.9680  -5.6523
 -36.9669  -5.6394
 -36.9550  -5.6341
 -36.9430  -5.6311
 -36.9307  -5.6354
 -36.9171  -5.6369
 -36.9038  -5.6319
 -36.8966  -5.6187
 -36.8890  -5.6053
 -36.8770  -5.5944
 -36.8664  -5.5831
 -36.8552  -5.5721
 -36.8432  -5.5685
 -36.8316  -5.5718
 -36.8194  -5.5783
 -36.8081  -5.5778
 -36.7943  -5.5771
 -36.7802  -5.5725
 -36.7687  -5.5630
 -36.7556  -5.5615
 -36.7443  -5.5588
 -36.7326  -5.5481
 -36.7213  -5.5370
 -36.7098  -5.5423
 -36.7032  -5.5557
 -36.6898  -5.5588
 -36.6767  -5.5551
 -36.6645  -5.5512
 -36.6518  -5.5484
 -36.6387  -5.5527
 -36.6267  -5.5594
 -36.6115  -5.5548
 -36.5961  -5.5531
 -36.5837  -5.5558
 -36.5752  -5.5682
 -36.5637  -5.5697
 -36.5499  -5.5613
 -36.5387  -5.5529
 -36.5252  -5.5417
 -36.5202  -5.5288
 -36.5167  -5.5174
 -36.5097  -5.5059
 -36.5010  -5.4945
 -36.4884  -5.4840
 -36.4766  -5.4812
 -36.4650  -5.4878
 -36.4515  -5.4906
 -36.4402  -5.4847
 -36.4285  -5.4760
 -36.4160  -5.4746
 -36.4031  -5.4757
 -36.3916  -5.4783
 -36.3800  -5.4796
 -36.3669  -5.4805
 -36.3554  -5.4790
 -36.3409  -5.4805
 -36.3296  -5.4836
 -36.3167  -5.4867
 -36.3036  -5.4885
 -36.2879  -5.4893
 -36.2744  -5.4897
 -36.2632  -5.5037
 -36.2482  -5.5104
 -36.2369  -5.5103
 -36.2227  -5.5129
 -36.2111  -5.5145
 -36.2038  -5.5257
 -36.1915  -5.5420
 -36.1791  -5.5451
 -36.1671  -5.5391
 -36.1520  -5.5334
 -36.1387  -5.5217
 -36.1263  -5.5149
 -36.1114  -5.5084
 -36.0980  -5.5176
 -36.0894  -5.5318
 -36.0726  -5.5304
 -36.0589  -5.5206
 -36.0476  -5.5264
 -36.0319  -5.5344
 -36.0188  -5.5319
 -36.0064  -5.5286
 -35.9926  -5.5299
 -35.9781  -5.5255
 -35.9637  -5.5220
 -35.9501  -5.5265
 -35.9388  -5.5268
 -35.9273  -5.5283
 -35.9149  -5.5154
 -35.9034  -5.5155
 -35.8895  -5.5236
 -35.8780  -5.5239
 -35.8665  -5.5239
 -35.8545  -5.5242
 -35.8378  -5.5246
 -35.8256  -5.5261
 -35.8135  -5.5357
 -35.8022  -5.5409
 -35.7890  -5.5424
 -35.7766  -5.5439
 -35.7628  -5.5467
 -35.7467  -5.5471
 -35.7320  -5.5510
 -35.7265  -5.5646
 -35.7300  -5.5798
 -35.7297  -5.5920
 -35.7159  -5.5908
 -35.7037  -5.5862
 -35.6899  -5.5845
 -35.6761  -5.5848
 -35.6630  -5.5868
 -35.6512  -5.5881
 -35.6395  -5.5880
 -35.6274  -5.5969
 -35.6145  -5.6036
 -35.6021  -5.6065
 -35.5900  -5.6109
 -35.5762  -5.6163
 -35.5595  -5.6180
 -35.5477  -5.6192
 -35.5351  -5.6155
 -35.5350  -5.6273
 -35.5435  -5.6396
 -35.5398  -5.6509
 -35.5385  -5.6631
 -35.5530  -5.6675
 -35.5647  -5.6766
 -35.5546  -5.6881
 -35.5419  -5.6894
 -35.5300  -5.6873
 -35.5169  -5.6842
 -35.5059  -5.6959
 -35.5172  -5.7078
 -35.5279  -5.7203
 -35.5240  -5.7327
 -35.5099  -5.7369
 -35.4979  -5.7421
 -35.4912  -5.7565
 -35.4911  -5.7710
 -35.4718  -5.7801
 -35.4600  -5.7846
 -35.4506  -5.7963
 -35.4370  -5.7998
 -35.4242  -5.7981
 -35.4106  -5.7928
 -35.3989  -5.7957
 -35.3999  -5.8099
 -35.4054  -5.8249
 -35.4171  -5.8277
 -35.4348  -5.8254
 -35.4475  -5.8248
 -35.4605  -5.8303
 -35.4675  -5.8431
 -35.4744  -5.8547
 -35.4865  -5.8652
 -35.5003  -5.8630
 -35.5117  -5.8577
 -35.5291  -5.8598
 -35.5407  -5.8753
 -35.5476  -5.8896
 -35.5425  -5.9020
 -35.5425  -5.9138
 -35.5450  -5.9322
 -35.5606  -5.9443
 -35.5731  -5.9548
 -35.5780  -5.9677
 -35.5649  -5.9733
 -35.5515  -5.9703
 -35.5396  -5.9691
 -35.5334  -5.9803
 -35.5210  -5.9911
 -35.5063  -5.9924
 -35.5060  -5.9801
 -35.5104  -5.9657
 -35.5066  -5.9541
 -35.4954  -5.9479
 -35.4803  -5.9385
 -35.4660  -5.9384
 -35.4531  -5.9408
 -35.4398  -5.9434
 -35.4251  -5.9401
 -35.4138  -5.9387
 -35.4018  -5.9374
 -35.3949  -5.9256
 -35.3866  -5.9142
 -35.3763  -5.9024
 -35.3682  -5.8905
 -35.3609  -5.8776
 -35.3469  -5.8750
 -35.3405  -5.8865
 -35.3428  -5.9008
 -35.3552  -5.9099
 -35.3625  -5.9220
 -35.3656  -5.9338
 -35.3755  -5.9477
 -35.3860  -5.9627
 -35.3977  -5.9651
 -35.4049  -5.9767
 -35.4052  -5.9900
 -35.4190  -5.9958
 -35.4334  -5.9970
 -35.4481  -5.9980
 -35.4624  -6.0011
 -35.4739  -6.0016
 -35.4861  -6.0044
 -35.4973  -6.0140
 -35.5106  -6.0250
 -35.5230  -6.0283
 -35.5378  -6.0245
 -35.5491  -6.0212
 -35.5619  -6.0125
 -35.5759  -6.0060
 -35.5847  -6.0183
 -35.5991  -6.0266
 -35.6115  -6.0350
 -35.6250  -6.0383
 -35.6365  -6.0429
 -35.6481  -6.0452
 -35.6561  -6.0571
 -35.6465  -6.0708
 -35.6329  -6.0775
 -35.6157  -6.0763
 -35.6012  -6.0750
 -35.5889  -6.0856
 -35.5767  -6.0855
 -35.5645  -6.0854
 -35.5511  -6.0840
 -35.5384  -6.0839
 -35.5269  -6.0861
 -35.5140  -6.0819
 -35.5140  -6.0819
 -35.5060  -6.0934
 -35.5191  -6.1009
 -35.5320  -6.0992
 -35.5465  -6.1007
 -35.5641  -6.0992
 -35.5793  -6.0978
 -35.5892  -6.1096
 -35.6008  -6.1029
 -35.6180  -6.1007
 -35.6313  -6.1074
 -35.6435  -6.1125
 -35.6584  -6.1130
 -35.6730  -6.1081
 -35.6856  -6.1132
 -35.6996  -6.1262
 -35.7133  -6.1397
 -35.6967  -6.1486
 -35.6799  -6.1456
 -35.6628  -6.1432
 -35.6503  -6.1449
 -35.6387  -6.1478
 -35.6258  -6.1497
 -35.6106  -6.1496
 -35.5971  -6.1477
 -35.5801  -6.1476
 -35.5625  -6.1445
 -35.5509  -6.1415
 -35.5383  -6.1378
 -35.5261  -6.1347
 -35.5136  -6.1346
 -35.4985  -6.1327
 -35.4799  -6.1310
 -35.4684  -6.1287
 -35.4606  -6.1410
 -35.4789  -6.1491
 -35.4940  -6.1544
 -35.5112  -6.1598
 -35.5263  -6.1633
 -35.5417  -6.1604
 -35.5562  -6.1605
 -35.5702  -6.1668
 -35.5815  -6.1745
 -35.5930  -6.1735
 -35.6066  -6.1783
 -35.6206  -6.1784
 -35.6328  -6.1810
 -35.6361  -6.1933
 -35.6216  -6.1945
 -35.6099  -6.1956
 -35.6000  -6.2080
 -35.6024  -6.2200
 -35.6089  -6.2352
 -35.5951  -6.2326
 -35.5832  -6.2450
 -35.5703  -6.2444
 -35.5556  -6.2407
 -35.5458  -6.2536
 -35.5302  -6.2543
 -35.5087  -6.2499
 -35.4944  -6.2577
 -35.4828  -6.2576
 -35.4710  -6.2580
 -35.4529  -6.2594
 -35.4377  -6.2679
 -35.4200  -6.2683
 -35.4055  -6.2682
 -35.3919  -6.2667
 -35.3800  -6.2598
 -35.3756  -6.2387
 -35.3607  -6.2323
 -35.3440  -6.2355
 -35.3294  -6.2451
 -35.3158  -6.2543
 -35.2978  -6.2583
 -35.2860  -6.2627
 -35.2742  -6.2680
 -35.2746  -6.2823
 -35.2799  -6.2971
 -35.2877  -6.3098
 -35.2889  -6.3234
 -35.3003  -6.3414
 -35.3154  -6.3526
 -35.3274  -6.3525
 -35.3414  -6.3666
 -35.3363  -6.3827
 -35.3204  -6.3878
 -35.3103  -6.4020
 -35.2973  -6.4057
 -35.2799  -6.4067
 -35.2680  -6.4166
 -35.2538  -6.4181
 -35.2415  -6.4209
 -35.2428  -6.4343
 -35.2572  -6.4426
 -35.2689  -6.4463
 -35.2816  -6.4475
 -35.2659  -6.4578
 -35.2514  -6.4581
 -35.2371  -6.4598
 -35.2234  -6.4690
 -35.2218  -6.4810
 -35.2319  -6.4931
 -35.2431  -6.5034
 -35.2546  -6.5114
 -35.2643  -6.5237
 -35.2687  -6.5394
 -35.2747  -6.5528
 -35.2848  -6.5644
 -35.2960  -6.5733
 -35.3057  -6.5872
 -35.3110  -6.6002
 -35.3143  -6.6136
 -35.3011  -6.6171
 -35.2934  -6.6290
 -35.2896  -6.6403
 -35.2789  -6.6543
 -35.2720  -6.6667
 -35.2595  -6.6671
 -35.2463  -6.6690
 -35.2335  -6.6666
 -35.2201  -6.6681
 -35.2197  -6.6821
 -35.2275  -6.6983
 -35.2288  -6.7133
 -35.2255  -6.7246
 -35.2179  -6.7381
 -35.2126  -6.7516
 -35.2123  -6.7639
 -35.2081  -6.7781
 -35.2021  -6.7946
 -35.1920  -6.8099
 -35.1802  -6.8114
 -35.1674  -6.8231
 -35.1558  -6.8241
 -35.1420  -6.8276
 -35.1364  -6.8398
 -35.1282  -6.8518
 -35.1267  -6.8640
 -35.1389  -6.8702
 -35.1509  -6.8735
 -35.1629  -6.8740
 -35.1775  -6.8719
 -35.1890  -6.8695
 -35.2011  -6.8696
 -35.2086  -6.8853
 -35.2045  -6.8995
 -35.1869  -6.9082
 -35.1837  -6.9204
 -35.1837  -6.9204
 -35.1849  -6.9342
 -35.1981  -6.9343
 -35.2138  -6.9283
 -35.2256  -6.9273
 -35.2382  -6.9312
 -35.2554  -6.9384
 -35.2681  -6.9480
 -35.2809  -6.9556
 -35.2927  -6.9631
 -35.3003  -6.9750
 -35.3043  -6.9886
 -35.3185  -6.9985
 -35.3366  -7.0076
 -35.3485  -7.0222
 -35.3530  -7.0343
 -35.3495  -7.0469
 -35.3346  -7.0622
 -35.3191  -7.0691
 -35.3032  -7.0724
 -35.2869  -7.0660
 -35.2686  -7.0586
 -35.2537  -7.0528
 -35.2330  -7.0556
 -35.2198  -7.0555
 -35.2021  -7.0637
 -35.1900  -7.0763
 -35.1763  -7.0782
 -35.1860  -7.0663
 -35.1933  -7.0528
 -35.1934  -7.0410
 -35.1822  -7.0300
 -35.1690  -7.0331
 -35.1539  -7.0411
 -35.1461  -7.0524
 -35.1460  -7.0651
 -35.1376  -7.0777
 -35.1228  -7.0751
 -35.1180  -7.0864
 -35.1161  -7.0986
 -35.1085  -7.1137
 -35.0991  -7.1261
 -35.1026  -7.1436
 -35.0986  -7.1565
 -35.1117  -7.1693
 -35.1261  -7.1773
 -35.1349  -7.1901
 -35.1454  -7.2044
 -35.1606  -7.2141
 -35.1702  -7.2291
 -35.1742  -7.2413
 -35.1741  -7.2527
 -35.1693  -7.2646
 -35.1710  -7.2787
 -35.1743  -7.2935
 -35.1738  -7.3050
 -35.1617  -7.3140
 -35.1503  -7.3207
 -35.1366  -7.3278
 -35.1328  -7.3441
 -35.1327  -7.3563
 -35.1353  -7.3727
 -35.1425  -7.3868
 -35.1344  -7.4033
 -35.1176  -7.4126
 -35.1060  -7.4141
 -35.0924  -7.4145
 -35.0785  -7.4087
 -35.0645  -7.4054
 -35.0517  -7.4103
 -35.0543  -7.4262
 -35.0674  -7.4369
 -35.0794  -7.4418
 -35.0673  -7.4510
 -35.0496  -7.4547
 -35.0529  -7.4683
 -35.0653  -7.4727
 -35.0755  -7.4866
 -35.0770  -7.4982
 -35.0624  -7.5008
 -35.0537  -7.5170
 -35.0411  -7.5301
 -35.0494  -7.5451
 -35.0379  -7.5566
 -35.0383  -7.5722
 -35.0316  -7.5855
 -35.0186  -7.5967
 -35.0164  -7.6094
 -35.0277  -7.6165
 -35.0358  -7.6279
 -35.0420  -7.6456
 -35.0472  -7.6577
 -35.0539  -7.6713
 -35.0543  -7.6843
 -35.0496  -7.6969
 -35.0623  -7.7086
 -35.0683  -7.7227
 -35.0650  -7.7340
 -35.0590  -7.7459
 -35.0717  -7.7555
 -35.0840  -7.7574
 -35.0985  -7.7562
 -35.1130  -7.7699
 -35.1263  -7.7768
 -35.1390  -7.7830
 -35.1494  -7.7983
 -35.1507  -7.8103
 -35.1565  -7.8257
 -35.1586  -7.8412
 -35.1633  -7.8528
 -35.1637  -7.8664
 -35.1613  -7.8786
 -35.1499  -7.8855
 -35.1374  -7.8879
 -35.1249  -7.8908
 -35.1126  -7.8936
 -35.1012  -7.8949
 -35.0873  -7.8991
 -35.0741  -7.8992
 -35.0609  -7.8980
 -35.0572  -7.9118
 -35.0491  -7.9251
 -35.0536  -7.9383
 -35.0526  -7.9505
 -35.0398  -7.9597
 -35.0273  -7.9648
 -35.0169  -7.9792
 -35.0034  -7.9909
 -34.9938  -8.0026
 -34.9937  -8.0155
 -34.9925  -8.0277
>999 999
