-34.48274 -10.27691
-34.95686 -10.91647
-35.4095 -11.65469
-35.91871 -12.31103
-36.40868 -12.95085
-36.84664 -13.46375
-37.09861 -13.8231
-37.37557 -14.44885
-37.56921 -15.0141
-37.56921 -15.0141
-37.60105 -15.45095
-37.56492 -15.79555
-37.43015 -16.36869
-37.26084 -16.93049
-37.11903 -17.35081
-36.96552 -17.87367
-36.86414 -18.26558
-36.75673 -18.72244
-36.73529 -19.10116
-36.70412 -19.46981
-36.75891 -20.05466
-36.86303 -20.67204
-37.02463 -21.13147
-37.15799 -21.49668
-37.24414 -21.70736
-37.60083 -22.12315
-37.89653 -22.62463
-38.2611 -23.1912
-38.65082 -23.75701
-38.95685 -24.26921
-39.22797 -24.79334
-39.65598 -25.50712
-39.8916 -26.09632
-40.05832 -26.63269
-40.15948 -26.88037
-40.28542 -27.14193
-40.47691 -27.35915
-40.69838 -27.57678
-40.98421 -27.83623
-41.39335 -28.21087
-41.73003 -28.42087
-42.00669 -28.64301
-42.29049 -28.71621
-42.67989 -28.74629
-42.92015 -28.72386
-43.161 -28.66085
-43.61302 -28.52068
-43.94434 -28.43683
-44.16473 -28.41852
-44.52463 -28.44804
-44.84259 -28.62107
-44.98495 -28.82662
-45.18064 -29.16352
-45.38775 -29.40128
-45.58472 -29.65207
-45.77007 -30.02796
-45.91772 -30.22789
-46.15547 -30.43825
-46.16549 -30.43843
-46.61366 -30.66134
-46.97113 -30.93147
-47.32457 -31.13424
-47.76817 -31.35623
-48.10641 -31.58944
-48.35054 -31.73174
> 
