 -38.3172  -3.9730
 -38.3161  -3.9854
 -38.3133  -3.9967
 -38.3237  -4.0083
 -38.3284  -4.0200
 -38.3178  -4.0325
 -38.3216  -4.0447
 -38.3331  -4.0549
 -38.3446  -4.0569
 -38.3471  -4.0456
 -38.3417  -4.0336
 -38.3546  -4.0246
 -38.3679  -4.0160
 -38.3806  -4.0149
 -38.3921  -4.0273
 -38.4015  -4.0400
 -38.4142  -4.0475
 -38.4257  -4.0490
 -38.4322  -4.0610
 -38.4437  -4.0678
 -38.4568  -4.0642
 -38.4685  -4.0620
 -38.4812  -4.0588
 -38.4927  -4.0626
 -38.4967  -4.0740
 -38.4931  -4.0864
 -38.4807  -4.0984
 -38.4685  -4.0993
 -38.4565  -4.1020
 -38.4466  -4.1142
 -38.4610  -4.1198
 -38.4725  -4.1262
 -38.4689  -4.1379
 -38.4544  -4.1409
 -38.4411  -4.1413
 -38.4289  -4.1402
 -38.4149  -4.1406
 -38.4081  -4.1537
 -38.4133  -4.1666
 -38.4162  -4.1786
 -38.4047  -4.1904
 -38.3923  -4.1947
 -38.3776  -4.1967
 -38.3663  -4.1996
 -38.3527  -4.1951
 -38.3392  -4.1894
 -38.3256  -4.1863
 -38.3137  -4.1939
 -38.3017  -4.1994
 -38.2900  -4.1939
 -38.2773  -4.1880
 -38.2679  -4.1747
 -38.2652  -4.1634
 -38.2532  -4.1545
 -38.2476  -4.1667
 -38.2441  -4.1783
 -38.2315  -4.1866
 -38.2342  -4.1993
 -38.2477  -4.2036
 -38.2592  -4.2052
 -38.2707  -4.2075
 -38.2832  -4.2097
 -38.2897  -4.2215
 -38.2860  -4.2349
 -38.2831  -4.2462
 -38.2885  -4.2593
 -38.2889  -4.2713
 -38.2918  -4.2839
 -38.2986  -4.2952
 -38.3108  -4.3057
 -38.3228  -4.3093
 -38.3365  -4.3147
 -38.3487  -4.3138
 -38.3609  -4.3172
 -38.3754  -4.3231
 -38.3874  -4.3175
 -38.4009  -4.3125
 -38.4138  -4.3026
 -38.4260  -4.2926
 -38.4387  -4.2899
 -38.4511  -4.2913
 -38.4649  -4.3010
 -38.4764  -4.3125
 -38.4877  -4.3214
 -38.4996  -4.3241
 -38.5069  -4.3372
 -38.5084  -4.3499
 -38.5118  -4.3614
 -38.5107  -4.3727
 -38.5152  -4.3845
 -38.5240  -4.3980
 -38.5222  -4.4109
 -38.5091  -4.4218
 -38.4959  -4.4276
 -38.4835  -4.4322
 -38.4720  -4.4326
 -38.4593  -4.4326
 -38.4473  -4.4313
 -38.4360  -4.4313
 -38.4234  -4.4439
 -38.4121  -4.4448
 -38.4005  -4.4457
 -38.3886  -4.4364
 -38.3836  -4.4240
 -38.3771  -4.4125
 -38.3649  -4.4134
 -38.3508  -4.4188
 -38.3391  -4.4154
 -38.3260  -4.4126
 -38.3143  -4.4113
 -38.3016  -4.3982
 -38.2887  -4.3862
 -38.2824  -4.3748
 -38.2856  -4.3631
 -38.2820  -4.3509
 -38.2707  -4.3425
 -38.2592  -4.3389
 -38.2457  -4.3377
 -38.2326  -4.3382
 -38.2206  -4.3402
 -38.2088  -4.3443
 -38.2054  -4.3556
 -38.2174  -4.3648
 -38.2294  -4.3649
 -38.2420  -4.3696
 -38.2517  -4.3818
 -38.2578  -4.3936
 -38.2668  -4.4067
 -38.2747  -4.4187
 -38.2869  -4.4314
 -38.2891  -4.4443
 -38.2758  -4.4477
 -38.2620  -4.4366
 -38.2496  -4.4329
 -38.2383  -4.4427
 -38.2349  -4.4544
 -38.2233  -4.4641
 -38.2104  -4.4648
 -38.1967  -4.4605
 -38.1854  -4.4594
 -38.1765  -4.4716
 -38.1654  -4.4851
 -38.1654  -4.4967
 -38.1692  -4.5082
 -38.1769  -4.5197
 -38.1834  -4.5320
 -38.1904  -4.5440
 -38.1967  -4.5559
 -38.2033  -4.5673
 -38.2091  -4.5804
 -38.2143  -4.5921
 -38.2218  -4.6035
 -38.2098  -4.6059
 -38.1969  -4.6032
 -38.1838  -4.6032
 -38.1713  -4.6009
 -38.1573  -4.6018
 -38.1447  -4.6036
 -38.1311  -4.6052
 -38.1248  -4.5939
 -38.1133  -4.5875
 -38.1018  -4.5837
 -38.0905  -4.5837
 -38.0846  -4.5954
 -38.0893  -4.6079
 -38.0970  -4.6208
 -38.1037  -4.6325
 -38.1155  -4.6407
 -38.1288  -4.6486
 -38.1407  -4.6579
 -38.1521  -4.6572
 -38.1634  -4.6527
 -38.1751  -4.6507
 -38.1864  -4.6539
 -38.1746  -4.6649
 -38.1620  -4.6726
 -38.1495  -4.6803
 -38.1405  -4.6921
 -38.1359  -4.7052
 -38.1233  -4.7056
 -38.1108  -4.7042
 -38.0973  -4.6974
 -38.0830  -4.6924
 -38.0713  -4.6961
 -38.0557  -4.7026
 -38.0441  -4.7148
 -38.0452  -4.7281
 -38.0316  -4.7374
 -38.0196  -4.7358
 -38.0061  -4.7319
 -37.9959  -4.7174
 -37.9921  -4.7054
 -37.9879  -4.6919
 -37.9761  -4.6846
 -37.9637  -4.6930
 -37.9512  -4.6984
 -37.9472  -4.6834
 -37.9488  -4.6705
 -37.9504  -4.6563
 -37.9375  -4.6513
 -37.9255  -4.6502
 -37.9134  -4.6433
 -37.9062  -4.6313
 -37.8949  -4.6250
 -37.8831  -4.6279
 -37.8702  -4.6220
 -37.8589  -4.6236
 -37.8501  -4.6374
 -37.8464  -4.6493
 -37.8451  -4.6616
 -37.8434  -4.6735
 -37.8446  -4.6864
 -37.8560  -4.7000
 -37.8662  -4.7129
 -37.8781  -4.7240
 -37.8892  -4.7363
 -37.9023  -4.7469
 -37.9136  -4.7512
 -37.9260  -4.7630
 -37.9305  -4.7748
 -37.9300  -4.7877
 -37.9325  -4.7999
 -37.9376  -4.8119
 -37.9419  -4.8262
 -37.9408  -4.8393
 -37.9468  -4.8538
 -37.9549  -4.8662
 -37.9694  -4.8710
 -37.9821  -4.8681
 -37.9938  -4.8681
 -38.0065  -4.8647
 -38.0178  -4.8607
 -38.0310  -4.8525
 -38.0414  -4.8654
 -38.0538  -4.8734
 -38.0629  -4.8600
 -38.0629  -4.8485
 -38.0778  -4.8415
 -38.0868  -4.8535
 -38.0907  -4.8655
 -38.0911  -4.8768
 -38.0911  -4.8892
 -38.0834  -4.9006
 -38.0800  -4.9132
 -38.0718  -4.9252
 -38.0738  -4.9367
 -38.0790  -4.9485
 -38.0914  -4.9521
 -38.0953  -4.9639
 -38.1068  -4.9761
 -38.1195  -4.9750
 -38.1215  -4.9619
 -38.1328  -4.9556
 -38.1455  -4.9601
 -38.1568  -4.9671
 -38.1545  -4.9800
 -38.1577  -4.9954
 -38.1620  -5.0072
 -38.1662  -5.0189
 -38.1678  -5.0305
 -38.1665  -5.0427
 -38.1515  -5.0470
 -38.1368  -5.0474
 -38.1298  -5.0617
 -38.1254  -5.0761
 -38.1243  -5.0877
 -38.1358  -5.0965
 -38.1462  -5.1087
 -38.1462  -5.1087
 -38.1412  -5.1200
 -38.1338  -5.1325
 -38.1308  -5.1447
 -38.1312  -5.1587
 -38.1328  -5.1723
 -38.1371  -5.1838
 -38.1427  -5.1972
 -38.1466  -5.2150
 -38.1515  -5.2288
 -38.1576  -5.2411
 -38.1594  -5.2528
 -38.1504  -5.2646
 -38.1490  -5.2764
 -38.1623  -5.2836
 -38.1741  -5.2913
 -38.1807  -5.3056
 -38.1823  -5.3196
 -38.1834  -5.3318
 -38.1938  -5.3449
 -38.2010  -5.3569
 -38.1867  -5.3614
 -38.1775  -5.3494
 -38.1646  -5.3395
 -38.1523  -5.3458
 -38.1435  -5.3585
 -38.1577  -5.3700
 -38.1675  -5.3827
 -38.1654  -5.3954
 -38.1718  -5.4071
 -38.1747  -5.4202
 -38.1735  -5.4325
 -38.1763  -5.4483
 -38.1767  -5.4596
 -38.1740  -5.4714
 -38.1724  -5.4872
 -38.1728  -5.5024
 -38.1733  -5.5148
 -38.1733  -5.5279
 -38.1606  -5.5311
 -38.1492  -5.5388
 -38.1463  -5.5510
 -38.1512  -5.5643
 -38.1397  -5.5738
 -38.1272  -5.5797
 -38.1224  -5.5910
 -38.1197  -5.6046
 -38.1224  -5.6170
 -38.1224  -5.6283
 -38.1224  -5.6419
 -38.1197  -5.6559
 -38.1201  -5.6684
 -38.1169  -5.6817
 -38.1190  -5.6946
 -38.1101  -5.7077
 -38.1065  -5.7195
 -38.0976  -5.7326
 -38.0854  -5.7346
 -38.0729  -5.7283
 -38.0641  -5.7165
 -38.0566  -5.7048
 -38.0439  -5.6959
 -38.0319  -5.6873
 -38.0210  -5.6988
 -38.0330  -5.7108
 -38.0459  -5.7179
 -38.0586  -5.7274
 -38.0568  -5.7394
 -38.0441  -5.7477
 -38.0309  -5.7509
 -38.0187  -5.7518
 -38.0074  -5.7518
 -37.9953  -5.7490
 -37.9772  -5.7438
 -37.9629  -5.7397
 -37.9511  -5.7397
 -37.9396  -5.7397
 -37.9255  -5.7415
 -37.9135  -5.7426
 -37.9001  -5.7410
 -37.8856  -5.7360
 -37.8657  -5.7346
 -37.8537  -5.7346
 -37.8423  -5.7355
 -37.8276  -5.7267
 -37.8163  -5.7221
 -37.8038  -5.7189
 -37.7925  -5.7189
 -37.7762  -5.7189
 -37.7632  -5.7166
 -37.7496  -5.7193
 -37.7349  -5.7238
 -37.7208  -5.7301
 -37.7084  -5.7326
 -37.6968  -5.7262
 -37.6905  -5.7138
 -37.6785  -5.7174
 -37.6662  -5.7248
 -37.6524  -5.7289
 -37.6413  -5.7146
 -37.6284  -5.7175
 -37.6175  -5.7317
 -37.6079  -5.7451
 -37.5953  -5.7378
 -37.5833  -5.7267
 -37.5731  -5.7151
 -37.5702  -5.7020
 -37.5643  -5.6886
 -37.5603  -5.6739
 -37.5603  -5.6588
 -37.5592  -5.6449
 -37.5470  -5.6470
 -37.5392  -5.6583
 -37.5455  -5.6723
 -37.5532  -5.6857
 -37.5536  -5.6990
 -37.5559  -5.7153
 -37.5540  -5.7296
 -37.5406  -5.7334
 -37.5273  -5.7270
 -37.5273  -5.7270
 -37.5273  -5.7270
 -37.5264  -5.7395
 -37.5247  -5.7533
 -37.5193  -5.7664
 -37.5059  -5.7747
 -37.4934  -5.7785
 -37.4821  -5.7726
 -37.4707  -5.7760
 -37.4560  -5.7803
 -37.4479  -5.7685
 -37.4386  -5.7549
 -37.4273  -5.7503
 -37.4151  -5.7503
 -37.4038  -5.7450
 -37.3922  -5.7330
 -37.3809  -5.7244
 -37.3674  -5.7160
 -37.3554  -5.7092
 -37.3431  -5.7128
 -37.3298  -5.7046
 -37.3169  -5.6991
 -37.3028  -5.6925
 -37.2872  -5.6859
 -37.2739  -5.6800
 -37.2624  -5.6725
 -37.2488  -5.6665
 -37.2329  -5.6697
 -37.2207  -5.6723
 -37.2084  -5.6762
 -37.1942  -5.6777
 -37.1786  -5.6729
 -37.1663  -5.6688
 -37.1530  -5.6687
 -37.1382  -5.6707
 -37.1262  -5.6736
 -37.1144  -5.6765
 -37.1020  -5.6722
 -37.0862  -5.6678
 -37.0728  -5.6678
 -37.0597  -5.6641
 -37.0479  -5.6568
 -37.0357  -5.6473
 -37.0056  -5.6445
 -36.9943  -5.6428
 -36.9828  -5.6414
 -36.9680  -5.6523
 -36.9669  -5.6394
 -36.9550  -5.6341
 -36.9430  -5.6311
 -36.9307  -5.6354
 -36.9171  -5.6369
 -36.9038  -5.6319
 -36.8966  -5.6187
 -36.8890  -5.6053
 -36.8770  -5.5944
 -36.8664  -5.5831
 -36.8552  -5.5721
 -36.8432  -5.5685
 -36.8316  -5.5718
 -36.8194  -5.5783
 -36.8081  -5.5778
 -36.7943  -5.5771
 -36.7802  -5.5725
 -36.7687  -5.5630
 -36.7556  -5.5615
 -36.7443  -5.5588
 -36.7326  -5.5481
 -36.7213  -5.5370
 -36.7098  -5.5423
 -36.7032  -5.5557
 -36.6898  -5.5588
 -36.6767  -5.5551
 -36.6645  -5.5512
 -36.6518  -5.5484
 -36.6387  -5.5527
 -36.6267  -5.5594
 -36.6115  -5.5548
 -36.5961  -5.5531
 -36.5837  -5.5558
 -36.5752  -5.5682
 -36.5637  -5.5697
 -36.5499  -5.5613
 -36.5387  -5.5529
 -36.5252  -5.5417
 -36.5202  -5.5288
 -36.5167  -5.5174
 -36.5097  -5.5059
 -36.5010  -5.4945
 -36.4884  -5.4840
 -36.4766  -5.4812
 -36.4650  -5.4878
 -36.4515  -5.4906
 -36.4402  -5.4847
 -36.4285  -5.4760
 -36.4160  -5.4746
 -36.4031  -5.4757
 -36.3916  -5.4783
 -36.3800  -5.4796
 -36.3669  -5.4805
 -36.3554  -5.4790
 -36.3409  -5.4805
 -36.3296  -5.4836
 -36.3167  -5.4867
 -36.3036  -5.4885
 -36.2879  -5.4893
 -36.2744  -5.4897
 -36.2632  -5.5037
 -36.2482  -5.5104
 -36.2369  -5.5103
 -36.2227  -5.5129
 -36.2111  -5.5145
 -36.2038  -5.5257
 -36.1915  -5.5420
 -36.1791  -5.5451
 -36.1671  -5.5391
 -36.1520  -5.5334
 -36.1387  -5.5217
 -36.1263  -5.5149
 -36.1114  -5.5084
 -36.0980  -5.5176
 -36.0894  -5.5318
 -36.0726  -5.5304
 -36.0589  -5.5206
 -36.0476  -5.5264
 -36.0319  -5.5344
 -36.0188  -5.5319
 -36.0064  -5.5286
 -35.9926  -5.5299
 -35.9781  -5.5255
 -35.9637  -5.5220
 -35.9501  -5.5265
 -35.9388  -5.5268
 -35.9273  -5.5283
 -35.9149  -5.5154
 -35.9034  -5.5155
 -35.8895  -5.5236
 -35.8780  -5.5239
 -35.8665  -5.5239
 -35.8545  -5.5242
 -35.8378  -5.5246
 -35.8256  -5.5261
 -35.8135  -5.5357
 -35.8022  -5.5409
 -35.7890  -5.5424
 -35.7766  -5.5439
 -35.7628  -5.5467
 -35.7467  -5.5471
 -35.7320  -5.5510
 -35.7265  -5.5646
 -35.7300  -5.5798
 -35.7297  -5.5920
 -35.7159  -5.5908
 -35.7037  -5.5862
 -35.6899  -5.5845
 -35.6761  -5.5848
 -35.6630  -5.5868
 -35.6512  -5.5881
 -35.6395  -5.5880
 -35.6274  -5.5969
 -35.6145  -5.6036
 -35.6021  -5.6065
 -35.5900  -5.6109
 -35.5762  -5.6163
 -35.5595  -5.6180
 -35.5477  -5.6192
 -35.5351  -5.6155
 -35.5350  -5.6273
 -35.5435  -5.6396
 -35.5398  -5.6509
 -35.5385  -5.6631
 -35.5530  -5.6675
 -35.5647  -5.6766
 -35.5546  -5.6881
 -35.5419  -5.6894
 -35.5300  -5.6873
 -35.5169  -5.6842
 -35.5059  -5.6959
 -35.5172  -5.7078
 -35.5279  -5.7203
 -35.5240  -5.7327
 -35.5099  -5.7369
 -35.4979  -5.7421
 -35.4912  -5.7565
 -35.4911  -5.7710
 -35.4718  -5.7801
 -35.4600  -5.7846
 -35.4506  -5.7963
 -35.4370  -5.7998
 -35.4242  -5.7981
 -35.4106  -5.7928
 -35.3989  -5.7957
 -35.3999  -5.8099
 -35.4054  -5.8249
 -35.4171  -5.8277
 -35.4348  -5.8254
 -35.4475  -5.8248
 -35.4605  -5.8303
 -35.4675  -5.8431
 -35.4744  -5.8547
 -35.4865  -5.8652
 -35.5003  -5.8630
 -35.5117  -5.8577
 -35.5291  -5.8598
 -35.5407  -5.8753
 -35.5476  -5.8896
 -35.5425  -5.9020
 -35.5425  -5.9138
 -35.5450  -5.9322
 -35.5606  -5.9443
 -35.5731  -5.9548
 -35.5780  -5.9677
 -35.5649  -5.9733
 -35.5515  -5.9703
 -35.5396  -5.9691
 -35.5334  -5.9803
 -35.5210  -5.9911
 -35.5063  -5.9924
 -35.5060  -5.9801
 -35.5104  -5.9657
 -35.5066  -5.9541
 -35.4954  -5.9479
 -35.4803  -5.9385
 -35.4660  -5.9384
 -35.4531  -5.9408
 -35.4398  -5.9434
 -35.4251  -5.9401
 -35.4138  -5.9387
 -35.4018  -5.9374
 -35.3949  -5.9256
 -35.3866  -5.9142
 -35.3763  -5.9024
 -35.3682  -5.8905
 -35.3609  -5.8776
 -35.3469  -5.8750
 -35.3405  -5.8865
 -35.3428  -5.9008
 -35.3552  -5.9099
 -35.3625  -5.9220
 -35.3656  -5.9338
 -35.3755  -5.9477
 -35.3860  -5.9627
 -35.3977  -5.9651
 -35.4049  -5.9767
 -35.4052  -5.9900
 -35.4190  -5.9958
 -35.4334  -5.9970
 -35.4481  -5.9980
 -35.4624  -6.0011
 -35.4739  -6.0016
 -35.4861  -6.0044
 -35.4973  -6.0140
 -35.5106  -6.0250
 -35.5230  -6.0283
 -35.5378  -6.0245
 -35.5491  -6.0212
 -35.5619  -6.0125
 -35.5759  -6.0060
 -35.5847  -6.0183
 -35.5991  -6.0266
 -35.6115  -6.0350
 -35.6250  -6.0383
 -35.6365  -6.0429
 -35.6481  -6.0452
 -35.6561  -6.0571
 -35.6465  -6.0708
 -35.6329  -6.0775
 -35.6157  -6.0763
 -35.6012  -6.0750
 -35.5889  -6.0856
 -35.5767  -6.0855
 -35.5645  -6.0854
 -35.5511  -6.0840
 -35.5384  -6.0839
 -35.5269  -6.0861
 -35.5140  -6.0819
 -35.5140  -6.0819
 -35.5060  -6.0934
 -35.5191  -6.1009
 -35.5320  -6.0992
 -35.5465  -6.1007
 -35.5641  -6.0992
 -35.5793  -6.0978
 -35.5892  -6.1096
 -35.6008  -6.1029
 -35.6180  -6.1007
 -35.6313  -6.1074
 -35.6435  -6.1125
 -35.6584  -6.1130
 -35.6730  -6.1081
 -35.6856  -6.1132
 -35.6996  -6.1262
 -35.7133  -6.1397
 -35.6967  -6.1486
 -35.6799  -6.1456
 -35.6628  -6.1432
 -35.6503  -6.1449
 -35.6387  -6.1478
 -35.6258  -6.1497
 -35.6106  -6.1496
 -35.5971  -6.1477
 -35.5801  -6.1476
 -35.5625  -6.1445
 -35.5509  -6.1415
 -35.5383  -6.1378
 -35.5261  -6.1347
 -35.5136  -6.1346
 -35.4985  -6.1327
 -35.4799  -6.1310
 -35.4684  -6.1287
 -35.4606  -6.1410
 -35.4789  -6.1491
 -35.4940  -6.1544
 -35.5112  -6.1598
 -35.5263  -6.1633
 -35.5417  -6.1604
 -35.5562  -6.1605
 -35.5702  -6.1668
 -35.5815  -6.1745
 -35.5930  -6.1735
 -35.6066  -6.1783
 -35.6206  -6.1784
 -35.6328  -6.1810
 -35.6361  -6.1933
 -35.6216  -6.1945
 -35.6099  -6.1956
 -35.6000  -6.2080
 -35.6024  -6.2200
 -35.6089  -6.2352
 -35.5951  -6.2326
 -35.5832  -6.2450
 -35.5703  -6.2444
 -35.5556  -6.2407
 -35.5458  -6.2536
 -35.5302  -6.2543
 -35.5087  -6.2499
 -35.4944  -6.2577
 -35.4828  -6.2576
 -35.4710  -6.2580
 -35.4529  -6.2594
 -35.4377  -6.2679
 -35.4200  -6.2683
 -35.4055  -6.2682
 -35.3919  -6.2667
 -35.3800  -6.2598
 -35.3756  -6.2387
 -35.3607  -6.2323
 -35.3440  -6.2355
 -35.3294  -6.2451
 -35.3158  -6.2543
 -35.2978  -6.2583
 -35.2860  -6.2627
 -35.2742  -6.2680
 -35.2746  -6.2823
 -35.2799  -6.2971
 -35.2877  -6.3098
 -35.2889  -6.3234
 -35.3003  -6.3414
 -35.3154  -6.3526
 -35.3274  -6.3525
 -35.3414  -6.3666
 -35.3363  -6.3827
 -35.3204  -6.3878
 -35.3103  -6.4020
 -35.2973  -6.4057
 -35.2799  -6.4067
 -35.2680  -6.4166
 -35.2538  -6.4181
 -35.2415  -6.4209
 -35.2428  -6.4343
 -35.2572  -6.4426
 -35.2689  -6.4463
 -35.2816  -6.4475
 -35.2659  -6.4578
 -35.2514  -6.4581
 -35.2371  -6.4598
 -35.2234  -6.4690
 -35.2218  -6.4810
 -35.2319  -6.4931
 -35.2431  -6.5034
 -35.2546  -6.5114
 -35.2643  -6.5237
 -35.2687  -6.5394
 -35.2747  -6.5528
 -35.2848  -6.5644
 -35.2960  -6.5733
 -35.3057  -6.5872
 -35.3110  -6.6002
 -35.3143  -6.6136
 -35.3011  -6.6171
 -35.2934  -6.6290
 -35.2896  -6.6403
 -35.2789  -6.6543
 -35.2720  -6.6667
 -35.2595  -6.6671
 -35.2463  -6.6690
 -35.2335  -6.6666
 -35.2201  -6.6681
 -35.2197  -6.6821
 -35.2275  -6.6983
 -35.2288  -6.7133
 -35.2255  -6.7246
 -35.2179  -6.7381
 -35.2126  -6.7516
 -35.2123  -6.7639
 -35.2081  -6.7781
 -35.2021  -6.7946
 -35.1920  -6.8099
 -35.1802  -6.8114
 -35.1674  -6.8231
 -35.1558  -6.8241
 -35.1420  -6.8276
 -35.1364  -6.8398
 -35.1282  -6.8518
 -35.1267  -6.8640
 -35.1389  -6.8702
 -35.1509  -6.8735
 -35.1629  -6.8740
 -35.1775  -6.8719
 -35.1890  -6.8695
 -35.2011  -6.8696
 -35.2086  -6.8853
 -35.2045  -6.8995
 -35.1869  -6.9082
 -35.1837  -6.9204
 -35.1837  -6.9204
 -35.1849  -6.9342
 -35.1981  -6.9343
 -35.2138  -6.9283
 -35.2256  -6.9273
 -35.2382  -6.9312
 -35.2554  -6.9384
 -35.2681  -6.9480
 -35.2809  -6.9556
 -35.2927  -6.9631
 -35.3003  -6.9750
 -35.3043  -6.9886
 -35.3185  -6.9985
 -35.3366  -7.0076
 -35.3485  -7.0222
 -35.3530  -7.0343
 -35.3495  -7.0469
 -35.3346  -7.0622
 -35.3191  -7.0691
 -35.3032  -7.0724
 -35.2869  -7.0660
 -35.2686  -7.0586
 -35.2537  -7.0528
 -35.2330  -7.0556
 -35.2198  -7.0555
 -35.2021  -7.0637
 -35.1900  -7.0763
 -35.1763  -7.0782
 -35.1860  -7.0663
 -35.1933  -7.0528
 -35.1934  -7.0410
 -35.1822  -7.0300
 -35.1690  -7.0331
 -35.1539  -7.0411
 -35.1461  -7.0524
 -35.1460  -7.0651
 -35.1376  -7.0777
 -35.1228  -7.0751
 -35.1180  -7.0864
 -35.1161  -7.0986
 -35.1085  -7.1137
 -35.0991  -7.1261
 -35.1026  -7.1436
 -35.0986  -7.1565
 -35.1117  -7.1693
 -35.1261  -7.1773
 -35.1349  -7.1901
 -35.1454  -7.2044
 -35.1606  -7.2141
 -35.1702  -7.2291
 -35.1742  -7.2413
 -35.1741  -7.2527
 -35.1693  -7.2646
 -35.1710  -7.2787
 -35.1743  -7.2935
 -35.1738  -7.3050
 -35.1617  -7.3140
 -35.1503  -7.3207
 -35.1366  -7.3278
 -35.1328  -7.3441
 -35.1327  -7.3563
 -35.1353  -7.3727
 -35.1425  -7.3868
 -35.1344  -7.4033
 -35.1176  -7.4126
 -35.1060  -7.4141
 -35.0924  -7.4145
 -35.0785  -7.4087
 -35.0645  -7.4054
 -35.0517  -7.4103
 -35.0543  -7.4262
 -35.0674  -7.4369
 -35.0794  -7.4418
 -35.0673  -7.4510
 -35.0496  -7.4547
 -35.0529  -7.4683
 -35.0653  -7.4727
 -35.0755  -7.4866
 -35.0770  -7.4982
 -35.0624  -7.5008
 -35.0537  -7.5170
 -35.0411  -7.5301
 -35.0494  -7.5451
 -35.0379  -7.5566
 -35.0383  -7.5722
 -35.0316  -7.5855
 -35.0186  -7.5967
 -35.0164  -7.6094
 -35.0277  -7.6165
 -35.0358  -7.6279
 -35.0420  -7.6456
 -35.0472  -7.6577
 -35.0539  -7.6713
 -35.0543  -7.6843
 -35.0496  -7.6969
 -35.0623  -7.7086
 -35.0683  -7.7227
 -35.0650  -7.7340
 -35.0590  -7.7459
 -35.0717  -7.7555
 -35.0840  -7.7574
 -35.0985  -7.7562
 -35.1130  -7.7699
 -35.1263  -7.7768
 -35.1390  -7.7830
 -35.1494  -7.7983
 -35.1507  -7.8103
 -35.1565  -7.8257
 -35.1586  -7.8412
 -35.1633  -7.8528
 -35.1637  -7.8664
 -35.1613  -7.8786
 -35.1499  -7.8855
 -35.1374  -7.8879
 -35.1249  -7.8908
 -35.1126  -7.8936
 -35.1012  -7.8949
 -35.0873  -7.8991
 -35.0741  -7.8992
 -35.0609  -7.8980
 -35.0572  -7.9118
 -35.0491  -7.9251
 -35.0536  -7.9383
 -35.0526  -7.9505
 -35.0398  -7.9597
 -35.0273  -7.9648
 -35.0169  -7.9792
 -35.0034  -7.9909
 -34.9938  -8.0026
 -34.9937  -8.0155
 -34.9925  -8.0277
>999 999
