 -47.9500 -25.2300
 -47.8900 -25.1400
 -47.8800 -25.1000
 -47.7500 -24.9400
 -47.4400 -24.7300
 -47.3600 -24.7400
 -47.0100 -24.4800
 -46.9900 -24.3800
 -46.3800 -24.0300
 -46.3000 -24.0600
 -46.1700 -24.0000
 -46.1400 -23.9300
 -45.8800 -23.7900
 -45.7800 -23.8200
 -45.5300 -23.8500
 -45.4700 -23.9000
 -45.4200 -23.8800
 -45.3900 -23.9000
 -45.4200 -23.9400
 -45.3200 -23.9500
 -45.2400 -24.0100
 -45.1500 -23.9800
 -45.2500 -23.9300
 -45.2700 -23.8800
 -45.2000 -23.8600
 -45.1900 -23.8300
 -45.2900 -23.7500
 -45.3600 -23.8200
 -45.3900 -23.9000
 -45.4200 -23.8800
 -45.4000 -23.8000
 -45.4300 -23.7500
 -45.3100 -23.6300
 -45.2100 -23.6400
 -45.2200 -23.6000
 -45.0600 -23.5500
 -44.9100 -23.4100
 -44.8300 -23.4500
 -44.6600 -23.4100
 -44.5900 -23.4200
 -44.5700 -23.3300
 -44.6800 -23.2700
 -44.6900 -23.1400
 -44.4600 -23.0600
 -44.3600 -23.0500
 -44.2700 -23.0800
 -44.2600 -23.1400
 -44.3800 -23.1900
 -44.3600 -23.2500
 -44.3300 -23.2100
 -44.2100 -23.2200
 -44.1700 -23.2400
 -44.1300 -23.2100
 -44.2000 -23.1500
 -44.2600 -23.1400
 -44.2700 -23.0800
 -44.1700 -23.0900
 -44.0500 -23.0200
 -44.0200 -23.0900
 -44.0200 -23.1300
 -43.9100 -23.1500
 -43.8500 -23.0900
 -43.8700 -23.0700
 -43.9200 -23.1100
 -44.0200 -23.0900
 -44.0500 -23.0200
 -43.6500 -23.0400
 -43.6900 -23.0800
 -43.4900 -23.0800
 -43.2700 -23.0400
 -43.0200 -23.0300
 -42.7800 -23.0200
 -42.5300 -23.0200
 -42.1800 -23.0100
 -41.9900 -23.0500
 -44.9100 -23.2200
 -44.7500 -23.4000
