-37.130402 -11.110900
-37.187302 -11.012800
-37.248100 -10.951600
-37.321400 -10.881500
-37.431301 -10.819900
-37.554600 -10.781400
-37.698700 -10.759800
-37.870602 -10.774700
-38.018101 -10.797600
-38.106899 -10.788400
-38.189602 -10.769200
-38.244598 -10.708500
-38.352001 -10.623600
-38.401199 -10.596000
-38.489700 -10.536900
-38.574799 -10.528700
-38.667599 -10.530500
-38.798302 -10.443000
-38.928299 -10.334600
-39.070000 -10.197800
-39.125702 -10.139700
-39.129101 -9.995990
-39.126999 -9.888780
-39.180901 -9.800190
-39.320702 -9.646680
-39.442001 -9.546490
-39.491100 -9.537430
-39.558399 -9.471510
-39.616699 -9.416360
-39.697701 -9.405330
-39.737202 -9.387740
-39.803001 -9.279920
-39.840000 -9.276600
-39.961399 -9.392020
-39.993401 -9.390090
-40.027199 -9.349730
-40.030201 -9.288920
-40.026901 -9.186190
-40.059399 -9.171400
-40.117500 -9.215310
-40.171299 -9.313610
-40.238800 -9.335440
-40.356701 -9.285280
-40.413200 -9.256840
-40.470299 -9.217140
-40.491699 -8.928790
-40.505501 -8.879490
-40.541199 -8.864640
-40.588799 -8.882310
-40.688202 -8.977250
-40.782398 -9.075280
-40.843601 -9.049970
-40.880402 -9.009340
-40.902401 -9.040630
-40.920700 -9.198980
-40.919701 -9.374460
-40.881802 -9.511650
-40.875198 -9.583890
-40.937302 -9.692430
-40.997002 -9.705830
-41.081001 -9.702320
-41.103600 -9.645050
-41.113998 -9.408380
-41.159100 -9.371180
-41.294998 -9.359440
-41.356499 -9.285540
-41.425598 -9.271540
-41.434399 -9.050710
-41.469700 -9.043680
-41.528702 -9.156790
-41.561298 -9.133530
-41.581902 -9.030790
-41.566700 -8.904430
-41.550900 -8.792630
-41.631100 -8.783530
-41.640701 -8.703070
-41.669102 -8.700590
-41.727200 -8.750570
-41.750301 -8.851320
-41.765598 -8.887280
-41.828400 -8.900260
-41.871700 -8.993550
-41.981899 -9.035280
-42.024601 -9.054190
-42.096802 -9.133770
-42.171501 -9.143800
-42.215199 -9.133570
-42.289501 -9.057660
-42.353100 -9.051100
-42.446301 -9.103600
-42.590599 -9.176760
-42.651001 -9.166800
-42.683498 -9.139940
-42.674599 -9.052070
-42.680401 -8.974280
-42.721298 -8.944320
-42.787701 -8.948980
-42.829300 -9.005080
-42.890499 -9.074610
-42.994499 -9.216630
-43.108501 -9.249930
-43.118999 -9.289200
-43.123798 -9.351160
-43.293900 -9.408430
-43.392799 -9.506600
-43.415199 -9.706000
-43.476398 -9.783970
-43.586601 -9.841780
-43.765999 -9.941850
-43.845600 -10.079100
-43.960999 -10.194400
-44.171200 -10.226400
-44.250999 -10.247600
-44.365299 -10.412100
-44.442600 -10.523500
-44.686199 -10.633200
-44.763401 -10.693800
-44.893600 -10.906800
-45.015598 -10.991400
-45.197399 -11.045700
-45.500599 -11.090400
-45.989601 -11.172000
-46.156799 -11.217200
-46.302799 -11.305300
-46.445099 -11.418200
-46.586102 -11.517800
-46.771198 -11.689500
-46.910099 -11.900800
-47.010300 -12.111800
-47.014900 -12.283500
-46.987000 -12.468100
-46.952099 -12.582600
-46.933800 -12.637300
-46.860500 -12.652800
-46.852699 -12.696000
-46.871101 -12.771300
-46.892101 -12.875000
-46.834400 -12.940600
-46.803902 -13.000100
-46.820801 -13.127100
-46.833401 -13.222300
-46.973202 -13.451800
-46.971401 -13.515200
-46.937302 -13.572900
-46.906700 -13.629000
-46.933998 -13.684700
-46.972900 -13.752200
-46.987202 -13.899500
-47.019402 -13.960300
-47.114700 -14.025800
-47.237900 -14.075200
-47.291302 -14.061200
-47.365799 -14.022500
-47.406601 -14.028300
-47.390800 -14.386300
-47.405602 -14.569100
-47.450199 -14.725900
-47.546902 -14.971200
-47.587399 -15.146600
-47.554401 -15.258200
-47.453602 -15.339600
-47.415798 -15.385600
-47.385502 -15.508900
-47.379101 -15.683200
-47.369400 -15.847400
-47.300598 -16.019899
-47.154099 -16.307400
-47.018700 -16.598301
-46.882000 -16.860300
-46.781502 -17.076401
-46.767502 -17.186600
-46.765999 -17.325701
-46.801800 -17.410999
-46.883701 -17.518200
-46.934200 -17.589001
-46.922401 -17.652399
-46.843399 -17.661100
-46.789501 -17.658899
-46.761902 -17.721600
-46.761902 -17.788799
-46.827000 -17.915701
-46.931999 -18.047600
-46.983601 -18.165701
-47.063702 -18.308599
-47.117401 -18.386499
-47.099899 -18.486799
-47.028000 -18.586500
-46.980400 -18.624901
-46.945202 -18.594801
-46.916698 -18.506100
-46.883499 -18.405500
-46.837200 -18.354700
-46.804001 -18.353300
-46.756500 -18.388300
-46.725601 -18.474400
-46.749802 -18.638500
-46.736401 -18.753901
-46.654598 -18.926800
-46.529999 -19.132900
-46.455799 -19.196600
-46.356300 -19.240601
-46.292500 -19.333200
-46.283600 -19.391600
-46.293201 -19.464399
-46.270901 -19.538900
-46.166302 -19.602501
-46.060200 -19.687700
-46.034401 -19.758600
-46.052799 -19.855400
-46.114201 -19.890499
-46.118900 -19.954700
-46.140499 -20.056700
-46.198399 -20.091700
-46.339001 -20.107500
-46.312000 -20.141500
-46.247898 -20.173401
-46.145599 -20.300900
-46.103401 -20.374300
-46.101601 -20.453300
-45.992500 -20.568300
-45.840000 -20.690901
-45.646801 -20.856199
-45.420300 -21.005600
-45.277000 -21.109301
-45.054798 -21.191000
-44.783901 -21.228901
-44.638100 -21.242800
-44.504799 -21.210501
-44.292301 -21.120899
-44.063400 -20.993401
-43.829800 -20.902201
-43.627399 -20.824800
-43.503799 -20.744499
-43.477402 -20.656000
-43.487000 -20.584999
-43.609600 -20.483500
-43.660599 -20.427000
-43.746498 -20.377899
-43.763802 -20.319000
-43.748600 -20.243000
-43.672199 -20.087999
-43.614899 -19.961000
-43.595600 -19.825001
-43.605499 -19.655899
-43.626400 -19.502600
-43.617500 -19.344101
-43.626801 -19.223400
-43.679298 -19.092100
-43.751801 -18.950399
-43.894299 -18.741301
-43.992401 -18.577600
-44.039101 -18.465599
-44.050800 -18.300100
-44.026199 -18.097700
-43.970600 -17.936899
-43.875900 -17.808800
-43.820202 -17.596800
-43.728001 -17.407801
-43.626499 -17.200300
-43.515598 -16.979200
-43.452000 -16.833599
-43.412998 -16.658100
-43.377602 -16.507601
-43.345402 -16.306200
-43.310699 -16.142700
-43.294601 -16.067699
-43.322300 -15.960300
-43.331902 -15.861900
-43.302799 -15.743400
-43.223202 -15.630700
-43.130100 -15.538800
-43.041302 -15.491600
-42.956699 -15.405100
-42.882401 -15.264900
-42.840401 -15.160900
-42.772099 -15.063900
-42.710701 -14.995200
-42.625702 -14.917100
-42.543201 -14.799800
-42.439800 -14.602900
-42.368301 -14.506000
-42.241798 -14.434200
-42.128700 -14.397500
-41.890499 -14.349300
-41.730099 -14.352400
-41.507702 -14.379700
-41.354500 -14.452800
-41.205601 -14.486900
-41.078899 -14.546500
-40.880901 -14.658700
-40.758202 -14.705100
-40.646099 -14.794300
-40.501701 -14.897600
-40.425701 -14.985500
-40.371399 -15.105600
-40.292900 -15.155800
-40.220798 -15.277900
-40.055401 -15.390500
-39.795700 -15.481700
-39.647202 -15.528200
-39.459499 -15.584800
-39.320702 -15.617000
-39.228001 -15.680000
-39.091202 -15.767200
-38.941101 -15.862900
-38.910000 -15.940000
-38.919998 -15.850000
-39.029999 -15.420000
-39.020000 -14.990000
-38.980000 -14.880000
-39.049999 -14.660000
-38.990002 -14.330000
-39.020000 -14.270000
-38.970001 -13.930000
-39.029999 -13.970000
-39.000000 -14.020000
-39.070000 -14.160000
-39.049999 -14.210000
-39.070000 -14.240000
-39.130001 -14.180000
-39.110001 -14.090000
-39.040001 -14.070000
-39.080002 -13.950000
-39.139999 -13.870000
-39.070000 -13.800000
-39.080002 -13.710000
-39.029999 -13.770000
-39.000000 -13.830000
-38.970001 -13.730000
-38.910000 -13.710000
-38.930000 -13.640000
-39.029999 -13.650000
-39.040001 -13.430000
-38.990002 -13.420000
-39.009998 -13.540000
-38.930000 -13.610000
-38.900002 -13.420000
-38.959999 -13.420000
-38.959999 -13.310000
-38.910000 -13.230000
-38.750000 -12.910000
-38.770000 -12.850000
-38.740002 -12.700000
-38.669998 -12.630000
-38.619999 -12.700000
-38.610001 -12.760000
-38.520000 -12.760000
-38.459999 -12.790000
-38.490002 -12.850000
-38.480000 -12.990000
-38.450001 -13.040000
-38.290001 -12.930000
-37.970001 -12.590000
-37.830002 -12.340000
-37.590000 -12.050000
-37.580002 -11.950000
-37.410000 -11.530000
-37.290001 -11.420000
-37.290001 -11.420000

