-45.50181064620665 2.369417500127764
-45.51194665566168 2.398285544145687
-45.5422285047431 2.475217860371745
-45.55223806789519 2.494420664494141
-45.58189127032925 2.523058772684855
-45.61178607418851 2.570992850492412
-45.6615584315885 2.647636449570338
-45.6818117724012 2.705298879153843
-45.70255324850475 2.753284777964657
-45.73227973758088 2.810802563324995
-45.77191766078246 2.887487925325578
-45.82129071148533 2.964041691232406
-45.87120551899955 3.098471028837164
-45.87156566692895 3.137067719143482
-45.91121876132873 3.213733369593309
-45.95096645983557 3.300042150756287
-45.9911819101047 3.434604562770267
-46.04076644418944 3.53040857239318
-46.08081543125922 3.645656764482768
-46.10065314775873 3.683970192609718
-46.13022041601879 3.722127147597184
-46.1699943782849 3.808393008699978
-46.23943938290329 3.942437673527316
-46.25928156903063 3.980730002214876
-46.31891271588172 4.1052447556338
-46.37862816603628 4.249171702911001
-46.4471574272509 4.345102059114646
-46.59413139458867 4.576058693379745
-46.67265178247097 4.701295160324687
-46.74147457660576 4.81702561378559
-46.8102854184432 4.923085920673587
-46.85940156826709 4.99052585885167
-46.87915715462358 5.029200627830762
-46.94809081109089 5.135368696746126
-47.02652831513166 5.212165347820339
-47.15467351279931 5.395575480261816
-47.21400646942277 5.4922991663596
-47.23386289828818 5.531064157003732
-47.36190219044254 5.675591591392973
-47.43050496615613 5.744672405260396
-47.54885774817404 5.880740587399856
-47.63746034554 5.958220400427508
-47.73626213482874 6.065188326111879
-47.83480166185637 6.142593376580101
-47.91404650068627 6.23066450403228
-48.00301746340848 6.30869218759312
-48.06249033543706 6.367532853078167
-48.13195188565803 6.436340420901138
-49.37129149300623 7.399112243873256
-51.65515945832816 4.186417445628977
-51.62551302776544 4.196441958940479
-51.59641093935656 4.22599681143061
-51.52829240954927 4.285185851459181
-51.50891059440519 4.304882125635055
-51.47823211348715 4.27581887172689
-51.43735380033166 4.23708669344962
-51.38632153668227 4.188712472051551
-51.3452982774012 4.140298395729325
-51.2941262195732 4.08225691919221
-51.26335569743147 4.043560603000845
-51.25319630119672 4.033916291856452
-51.2119293449766 3.966183906989536
-51.19093136511106 3.908093563047268
-51.17984082539846 3.849916156073593
-51.17810147397213 3.772168691284194
-51.16746782989571 3.743099305044485
-51.14600970620272 3.675273879614811
-51.13475516329633 3.617100518815928
-51.11341317102665 3.549357827300253
-51.11234662115388 3.500830892983986
-51.09171068157091 3.46225149858012
-51.08099686697885 3.423570294378348
-51.05054772729849 3.385147978350516
-51.04006548490434 3.35618462653445
-51.01932008162045 3.307967719214738
-50.99669350875356 3.230468495470241
-50.99574084974707 3.182048115674947
-50.97440520323189 3.095189112102672
-50.96330106620906 3.027573790029285
-50.9525741270427 2.979326583044343
-50.94321417228011 2.931195079575165
-50.94304807625392 2.921515057891973
-50.92192990059049 2.834700018592407
-50.91079296410867 2.757423629590972
-50.90014296358783 2.709188842467536
-50.89933757869139 2.660800574063412
-50.87828164575418 2.564342053816632
-50.84792783956002 2.477705582161667
-50.82749975995828 2.419960843610823
-50.79715164071313 2.372094982517865
-50.78640993529003 2.314211010814159
-50.76585068510799 2.256506809727624
-50.71576355454459 2.189660386936813
-50.6958719707096 2.170663572430309
-50.66557202644683 2.103458813840627
-50.64533643866138 2.05543344870437
-50.61504944660427 2.007659071831786
-50.5949280381528 1.969328622423853
-50.5650955307674 1.940876616322081
-50.54498283908167 1.902556436333788
-50.50533284919613 1.854890329197739
-50.46613536986334 1.8459451552263
-50.40724554126557 1.847139769503956
-50.33878701179469 1.838749250275011
-50.29015253105979 1.829893716174647
-50.24095784444963 1.792105819614727
-50.15280016746979 1.755057634760846
-50.1135021402833 1.726772637604388
-50.03505295310416 1.679882502972204
-49.98594973335332 1.642117416614418
-49.95642505543562 1.613661617893492
-49.96523448846638 1.536118956455779
-49.96489089465129 1.50710564753678
-49.99310548022845 1.419446114804592
-50.03130588878125 1.341149710694999
-50.0406793238537 1.30217548459674
-50.06936516503071 1.243392516290731
-50.08849653543345 1.204187596794899
-50.11747876445654 1.174468480520257
-50.12686792041654 1.135445140898423
-50.1558635528795 1.105704906281599
-50.18477883405508 1.066243578263287
-50.2328756388641 0.987485781161336
-50.27149950326977 0.938046217897342
-50.31991535404124 0.888366095471172
-50.35849260448342 0.8291477857738768
-50.39709607573067 0.7698914172266708
-50.4455432533664 0.7103507163405751
-50.4649178448133 0.6806514363502002
-50.50371988477178 0.6211959603169518
-50.56221129395901 0.5611889102122805
-50.61086726462875 0.4817867009750553
-50.65985047719401 0.4217291008068521
-50.7086875260705 0.3519443506136807
-50.71837430340418 0.3223182216172126
-50.75762099617033 0.2820517218119586
-50.78683811756817 0.212668108992803
-50.82608933304199 0.1625303228834573
-50.8358317133908 0.1229685137205555
-50.82579652051579 0.0741278841625054
-50.79606284616006 0.03565225750088299
-50.75650325141165 0.007279354790134275
-50.65785739660151 -0.01946883319199869
-50.62828016246913 -0.02847914153231974
-50.54960339138198 -0.05596893187654656
-50.51031827561589 -0.05495187330265645
-50.48086177878413 -0.05418956697267493
-50.38237147070944 -0.06113261546806046
-50.33329942463401 -0.06969678527380853
-50.274451562423 -0.07801784522641887
-50.23518349849788 -0.09667818630141613
-50.18643551020914 -0.1055847922708368
-50.08850137120457 -0.1228213577515455
-50.04934540248379 -0.131697328940388
-50.00042192732683 -0.1403336094213226
-49.95148052837897 -0.1588262856818676
-49.91239880202179 -0.1578695488500888
-49.83393977605579 -0.1752888999227895
-49.77540541695577 -0.1739102396533285
-49.6876037035431 -0.1817028713991434
-49.62914485553772 -0.1803697988748977
-49.57070783287779 -0.179047160840811
-49.51237176448988 -0.16793148369462
-49.49290909217145 -0.1675007426605153
-49.46379273465554 -0.1570465084487298
-49.40551252357261 -0.1459686953229294
-49.33763163263077 -0.1448398548146948
-49.25984315711411 -0.1530732846425347
-49.20142212587691 -0.1715315393205033
-49.15279218142062 -0.1803648713508688
-49.11388296951261 -0.1894119012162349
-49.02637420928409 -0.2073370395305777
-48.97778221836238 -0.216228317566208
-48.90010571418652 -0.2245902680829154
-48.86121146627522 -0.2336389164969363
-48.78362623347667 -0.2321117443450926
-48.67702495395716 -0.2301768973227859
-48.59952616646062 -0.2288189172401844
-48.50268007003026 -0.2271649303974674
-48.47362547256223 -0.2266531088925634
-48.45414787084154 -0.2361294742740388
-48.44370921190843 -0.3047928961468243
-48.44327092369191 -0.3441014631397222
-48.44271620683792 -0.3932324096620265
-48.4516134020486 -0.4620967812474269
-48.45085440117209 -0.5310362525866444
-48.46022843277856 -0.5607726917384686
-48.4787711149205 -0.6400071417503324
-48.48815492485937 -0.6697807442012606
-48.50693901615608 -0.7293982559025631
-48.52595339754052 -0.7693482216897382
-48.52565211439036 -0.7990564996671072
-48.55439839504254 -0.8392427231300718
-48.60221663217927 -0.9195075268133311
-48.67936628410484 -0.9905187839004023
-48.70819508104913 -1.030826144460546
-48.6980046990121 -1.080285209011617
-48.65851869901171 -1.128759598000632
-48.59011804574066 -1.157355488279456
-48.55100116424015 -1.176561282235329
-48.5314409740074 -1.18616636641589
-48.48285767717709 -1.185773192115517
-48.44424374848434 -1.155215891645658
-48.40585421205944 -1.104745978664026
-48.38661682848234 -1.08450456476781
-48.35788010945918 -1.044226598598872
-48.31933358071957 -1.013763087774344
-48.29051954220699 -0.9834921358939962
-48.23258454175245 -0.9528412208466994
-48.20356588993487 -0.9424818028063127
-48.1844987196634 -0.9124218264307032
-48.14590373245068 -0.8920102170985794
-48.11739188873768 -0.8420121049146808
-48.09835252889377 -0.8120031946857421
-48.06961632038685 -0.7818459426872827
-48.04114397604765 -0.7318936928653719
-48.0220013408446 -0.7118057791422632
-48.00312170834994 -0.671976579124713
-47.9648629989739 -0.631894495164656
-47.92622343165632 -0.6214777398187237
-47.89741389575493 -0.6013441764108418
-47.85878345021905 -0.590936160946416
-45.50181064620665 2.369417500127764