-41.06192047791404 0.5568536137242383
-41.14121064692592 0.5569686171688391
-41.19791172045952 0.5683927746800571
-41.23195948814578 0.5797861361010496
-41.28863400111693 0.5798694338977114
-41.35665974627901 0.5799684729638819
-41.40207426508899 0.5913822269247852
-41.47024367351456 0.614182179981102
-41.50428036866771 0.6142330736203114
-41.62917808298873 0.6257721113060043
-41.70871419939322 0.6372461747876242
-41.78840522777602 0.6714421401391505
-41.79976457323969 0.671459502817145
-41.85676785931046 0.7056332862465452
-41.90249114702617 0.7511649441929107
-41.98227163569252 0.7854008942057966
-42.06201501704695 0.8082772411869611
-42.1304831966794 0.8425147341950564
-42.17606878447609 0.8539696453435636
-42.24450304481992 0.876844877352875
-42.32618812033996 0.9125682994442447
-42.37215033088518 0.9356125682815331
-42.42967286270466 0.9701296661803168
-42.47568136827665 0.9931963035559176
-42.4874751981469 1.038870355043639
-44.48491081262005 -2.459804673169694
-44.50906207518639 -2.517411061066041
-44.52131116969073 -2.563443743377089
-44.53379032900437 -2.632456464371091
-44.53401801388838 -2.655425262494066
-44.55814784123517 -2.701650370674577
-44.58067366121946 -2.758691807085115
-44.58351354307947 -2.839973911885288
-44.58217163259938 -2.873743979888236
-44.53577290531109 -2.930759975295019
-44.48875677659441 -2.941713855753902
-44.44350860067424 -2.919134311783205
-44.40805694869692 -2.895794385030371
-44.34895855321852 -2.849268027051053
-44.32530355672752 -2.826079171943528
-44.24193836645075 -2.790404495904966
-44.19478896642049 -2.766966760327188
-44.11254070710049 -2.743192068735643
-44.06597177115131 -2.76567247236216
-44.05558911478011 -2.857513623370117
-44.05599070137518 -2.91480691314422
-44.03407764671565 -2.995252226045125
-44.02385100979139 -3.075863866230748
-44.01278137415923 -3.110350184070581
-43.99042679297694 -3.167795452363686
-43.95588112056548 -3.201980654029887
-43.92087684326796 -3.213040100459569
-43.88571216517123 -3.212570907119763
-43.83884672658272 -3.211943456368942
-43.73381613804181 -3.233554943668538
-43.6521086466587 -3.243945481765652
-43.59367624001204 -3.243138761384361
-43.51247276222301 -3.230960330955238
-43.46617908340811 -3.230573480889365
-43.43220135616321 -3.287790219017439
-43.43264165742411 -3.322305595743088
-43.42165343822337 -3.368235916935209
-43.41066158087017 -3.414176354310091
-43.37636797334475 -3.448399233321639
-43.3303560296884 -3.470998411301509
-43.26120902379297 -3.493373290509998
-43.07621986797122 -3.491603946603853
-43.04156052647136 -3.491268388505209
-42.96035065107102 -3.455981825620544
-42.92560230873655 -3.444150007644711
-42.87932896682398 -3.432208997919803
-42.80989857923295 -3.408557617636826
-42.70604311709565 -3.396047441051946
-42.67126564834015 -3.372744725953743
-42.62509197664953 -3.360809779995044
-42.54421226274801 -3.325593812079349
-42.47499885365505 -3.301976915322749
-42.45190717136073 -3.290286342507662
-42.3828508153092 -3.278143337568817
-42.34838409227687 -3.277801480268382
-42.29087137562988 -3.265775062117204
-42.25634476138104 -3.253979459260628
-42.1989644154291 -3.253407307543925
-42.1530623727378 -3.241571235349366
-42.08423507523869 -3.218134968236847
-42.03832322182566 -3.194889398390489
-41.99228840545796 -3.148781882768933
-41.95778184675178 -3.114217165860315
-41.94628330049472 -3.102698801279941
-41.06192047791404 0.5568536137242383