-32.49037912761404 -3.575595801983921
-32.51088914264661 -3.549942049408253
-32.51815438786576 -3.523982342686628
-32.53214207737943 -3.49165283123885
-32.53963580634672 -3.452640492463024
-32.54712828241647 -3.413628303074423
-32.56094677222818 -3.387832812486368
-32.59504875615606 -3.342936706808905
-32.60871530867328 -3.323675625089354
-32.61620223478627 -3.284672166276899
-32.62310699515705 -3.271779535277968
-32.64425439067153 -3.213522949632081
-32.65834992502419 -3.174688711531178
-32.66554198636952 -3.148745320597059
-32.67258860485786 -3.129330121054654
-32.68624394628554 -3.110082815622271
-32.70033306634461 -3.071256883966517
-32.72763412935446 -3.032772835011066
-32.74803273193025 -3.007177624554974
-32.75492729228772 -2.994296143449582
-32.76886125408413 -2.962009331666434
-32.79585346192376 -2.93659492266301
-32.80978107828922 -2.904315319563636
-32.81667191265105 -2.891439004146891
-32.86451232911674 -2.840620052816131
-32.89810576354746 -2.808851598703801
-32.91850437542053 -2.77673477115079
-32.96564027045873 -2.725742829252562
-33.00617124148675 -2.674580829855176
-33.01996940954688 -2.642292537106487
-33.06006989168185 -2.610707460165817
-33.1138181819405 -2.546773240828885
-33.12731599134624 -2.527524410801361
-33.20048425782143 -2.47717187909442
-33.27980794612364 -2.44659140619998
-33.32620275817975 -2.421681775120747
-33.38569223236654 -2.397121703634668
-33.41228177346742 -2.378227408765722
-33.43219017633503 -2.365689699324735
-33.45890164548974 -2.340268010242768
-35.57157594443323 -1.747289316404743
-37.25436426504695 -0.5326909304326246
-38.52031603118908 -3.952555128495058
-38.50680119128668 -3.945686642147387
-38.47289423584713 -3.938399992010319
-38.45919889558096 -3.944705780831205
-38.47929963600525 -3.964885807163288
-38.51301448784621 -3.985355930971529
-38.53313568812528 -4.00555024048314
-38.53955079878534 -4.032053486906921
-38.54586958647089 -4.065150985478169
-38.55228733925338 -4.091661813998662
-38.58595343279393 -4.118769626915793
-38.60610485426624 -4.138997366835651
-38.63279139131472 -4.179169379816218
-38.64623723781766 -4.192665088627255
-38.66633453324786 -4.219515374803356
-38.68669548297097 -4.239806417864184
-38.68657022798254 -4.272878002515542
-38.67965466928111 -4.299186222092054
-38.66594933539908 -4.318724404874065
-38.60467698441505 -4.310710673337269
-38.59106221177418 -4.310399512541797
-38.56386990721656 -4.303165902444722
-38.52991892654936 -4.289170314757078
-38.50281593915611 -4.268729460475893
-38.48931700157646 -4.248605189753631
-38.4826474349379 -4.2220362117994
-38.45562520822231 -4.208240312242753
-38.42182759278129 -4.19429803650425
-38.37441684852617 -4.186650483377759
-38.34059296169562 -4.179307189490796
-38.31348949904584 -4.178703599902248
-38.286549122303 -4.164930144532581
-38.27285401566988 -4.17779697328187
-38.31320343095298 -4.205052360740916
-38.31990745148052 -4.211792424725399
-38.35365834278559 -4.225735086134174
-38.36704785719724 -4.259035660556196
-38.38729799615562 -4.279302766887854
-38.42123589625297 -4.280080559204879
-38.47553945848451 -4.287928485385199
-38.48909956891291 -4.2948459864907
-38.50936940476712 -4.321746171236865
-38.5228488279297 -4.348500650339752
-38.52272864718383 -4.374946095840352
-38.47506696220789 -4.387049704722917
-38.43419339904468 -4.405913401518554
-38.42739930379171 -4.405751818917076
-38.3867851173595 -4.378356378453406
-38.35288346661891 -4.370948991941462
-38.32578308365333 -4.363704525969727
-38.29873156869265 -4.349861630729821
-38.27161852705146 -4.349221950675614
-38.25806627822812 -4.348901852164456
-38.21742462537988 -4.347940295680134
-38.20382089302768 -4.347603495435747
-38.23762941619103 -4.361607455879527
-38.25763669499663 -4.388443821173873
-38.28425842711617 -4.428630034469563
-38.3177111383182 -4.469009904494129
-38.33114029146487 -4.482533344707317
-38.36493256161464 -4.503176954715422
-38.36452520709958 -4.529534086518978
-38.36401625805289 -4.562481427105587
-38.37022844227535 -4.602200989342353
-38.37666161424687 -4.635374298513503
-38.37664279021261 -4.648617036979776
-38.32951557707036 -4.647535303698921
-38.30936057178543 -4.627213763432353
-38.26904905992766 -4.599821741245675
-38.24219506390223 -4.579363875068377
-38.20186646154232 -4.578443385974885
-38.16153574843079 -4.584132175226997
-38.13438615229217 -4.58342045068174
-38.1273849306476 -4.603018491152846
-38.12712628441312 -4.629398904220729
-38.12005905851415 -4.655592684111574
-38.11305679526214 -4.675189934318119
-38.06522561170826 -4.693631647984563
-38.03802313301453 -4.692860841126295
-37.99724427838549 -4.691703274667053
-37.97693435904596 -4.684535483818155
-37.95679100454324 -4.67081695124168
-37.9166587252553 -4.636833867239398
-37.90339688104253 -4.616739157452592
-37.889661487174 -4.642731210341085
-37.90271729784499 -4.682584838607605
-37.91598237812206 -4.702691451370202
-37.94948481546238 -4.723335771521474
-37.98970461586007 -4.76400402363825
-38.00982351971998 -4.790968332622905
-38.05049349501488 -4.805353657458211
-38.07751569548914 -4.8259456706398
-38.09080403477164 -4.859344846826031
-38.13115945947117 -4.913385116143248
-38.14466404889048 -4.927005941185717
-38.18526886020407 -4.961282538964982
-38.21920938592849 -4.98215428689238
-38.22597556671288 -4.988974815544641
-38.24628103861468 -5.009441961861865
-38.26641218209123 -5.04976372971748
-38.23211992801884 -5.061927300904765
-38.19797141352357 -5.060857992624784
-38.19114433902034 -5.060643988881131
-38.19759293135939 -5.100532997641138
-38.19734041146138 -5.126986720189882
-38.19030046036178 -5.153244507140237
-38.16285968614602 -5.198821584252017
-38.16951947153015 -5.225550838667263
-38.18298411611105 -5.252497967314799
-38.18968462629288 -5.272609088272955
-38.20315952935275 -5.29957333212935
-38.20299036815059 -5.332756247561101
-38.20966411763085 -5.359523489396777
-38.2163065539111 -5.392939054334204
-38.23651356960968 -5.440090169276545
-38.2364154067189 -5.460022526495666
-38.22940266535355 -5.499671692199394
-38.22933658420371 -5.512963906085131
-38.20187367252922 -5.551943738569396
-38.19499068140566 -5.565010926497271
-38.16756321145545 -5.597334180940147
-38.14698503345621 -5.623233426124581
-38.11279955175918 -5.648670838118075
-38.09227246912716 -5.667917735094035
-38.07858926409272 -5.680746247827655
-38.05122529222511 -5.706398406719067
-38.0241015434805 -5.712189523052152
-38.00377579226822 -5.711534970941977
-37.96316455342277 -5.71024134983423
-37.92272297403215 -5.70905328810633
-37.86206963893687 -5.700577986785903
-37.82836052344878 -5.699551699734754
-37.78792689617134 -5.698318112294093
-37.74752563507678 -5.690421635561183
-37.73405876819644 -5.690009676931792
-37.70717726333648 -5.669210421574564
-37.69368676103129 -5.682114260691805
-37.66672101141175 -5.701261545628195
-37.60614744293974 -5.712706931696788
-37.57246891665134 -5.731632697301144
-37.52537681710896 -5.743476245682261
-37.49850364235554 -5.742634321109132
-37.4716898000022 -5.728485250248016
-37.45160178752397 -5.714551226823706
-37.41813087715928 -5.693553358282654
-37.37797668567529 -5.672357295323359
-37.3578951097975 -5.665085187886706
-37.31771911314917 -5.657188082207482
-37.29762272767191 -5.656560711833746
-37.27083489037558 -5.655723219319532
-37.23074731254775 -5.65453689512194
-37.19057271200705 -5.673274123932833
-37.13050471733348 -5.67149672259514
-37.10381929840357 -5.670705154269037
-37.07714128244628 -5.669912576244985
-37.04389346723391 -5.655653315301306
-37.00409293755796 -5.627939786057262
-36.96440553898061 -5.600325765149257
-36.91802825884886 -5.579140813744373
-36.89163478572213 -5.558552289584049
-36.8518083654437 -5.550777581627854
-36.8252177153456 -5.549993509812205
-36.80535505917086 -5.54280770417925
-36.74564418413868 -5.534445529465987
-36.71908359039646 -5.533659460298733
-36.67925680647241 -5.532478427725683
-36.6328125771844 -5.531097849358851
-36.59973417740074 -5.523524868750847
-36.5799576063876 -5.516393473684849
-36.52724226556144 -5.50178305023476
-36.50100252116678 -5.487931962903213
-36.46826468594644 -5.467335501948599
-36.41548754033801 -5.465989316193677
-36.36923019305433 -5.471388904581624
-36.32948277847549 -5.483534230297114
-36.2898336305518 -5.489094634319579
-36.25687697557105 -5.488242159111121
-36.23051639423611 -5.487559125376754
-36.1709271835265 -5.50575362038498
-36.1444791951139 -5.511643925283209
-36.05228694869633 -5.509225127529191
-35.99304873887955 -5.507663450523765
-35.97988758669354 -5.507315571732421
-35.89437346421736 -5.505067228654138
-35.83524113117174 -5.503587231998474
-35.81554317241596 -5.50311335734634
-32.49037912761404 -3.575595801983921