-42.48259180480397 1.069396111561899
-42.50534322935728 1.103208572655334
-42.53948605303317 1.159572866828491
-42.5848163508298 1.170691783227117
-42.70959329685981 1.249268959147423
-42.81159869352752 1.294025468389459
-42.90226350319223 1.338814356457708
-42.95893685445699 1.372445972070133
-43.09479784838369 1.428340198154342
-43.20793674532948 1.473074887520016
-43.32108570240428 1.529112646408153
-43.3550183964626 1.540264139096049
-43.45685765065998 1.596342580107659
-43.54739354567143 1.652469916533045
-43.64916211645146 1.697362321281517
-43.7057176853512 1.731178422380919
-43.72833753908339 1.742442053637966
-43.79621013104439 1.776236727018859
-43.88669810899884 1.809978166381815
-43.96595186561896 1.855082566542312
-44.01124030856968 1.877623272478022
-44.13571230673118 1.911287708465245
-44.35074218604127 1.956037929056336
-44.46395007415558 1.978393432675259
-44.5659290804817 2.012118423379957
-44.71319601986127 2.045710769996072
-44.95115740609056 2.112898731825527
-44.9852576570915 2.124250224874866
-45.0646793475504 2.146745111606112
-45.15579777376846 2.169678063980923
-45.21273560145016 2.192397084803536
-45.25833380687498 2.215119898915742
-45.30386598173201 2.226487638297836
-45.39530063817197 2.294686581425937
-45.46388106652211 2.340177398980613
-45.49818550503161 2.362929949154749
-47.85965619730926 -0.5758163626747891
-47.83619882896782 -0.552730673684694
-47.67334312033553 -0.5512119094607945
-47.59207658359773 -0.5504716403853429
-47.54573084790125 -0.5614621380056359
-47.45328155872065 -0.6176642556703258
-47.39561556052723 -0.6627690764944242
-47.34957521815885 -0.7079840244145147
-47.25744748539522 -0.7641923187483368
-47.22317294497931 -0.8437368632262186
-47.21169282040223 -0.8892118711184056
-47.21174131878923 -0.9120132521790993
-47.18907570598326 -0.9917180005571176
-47.17793803377625 -1.060158257450286
-47.17840962079194 -1.14016984544621
-47.15563081522036 -1.197079061969415
-47.13272396558268 -1.231125071535817
-47.05234142888346 -1.310256327130286
-46.99487789854995 -1.355329983923312
-46.97197569003359 -1.3893638199434
-46.93759904959269 -1.423299976300793
-46.88012660670589 -1.445533995845106
-46.85772369658262 -1.52550295967299
-46.83475343458488 -1.536684053667518
-46.76603661529272 -1.593153043588243
-46.69715516622054 -1.626673410528464
-46.65124522795232 -1.649012581075305
-46.57125909321664 -1.739673903864516
-46.53686716675989 -1.762140919683624
-46.47930886874801 -1.761353193074778
-46.44478733606204 -1.760880075487916
-46.35326887184404 -1.794272167648878
-46.30778541116699 -1.83972332040296
-46.2622302152997 -1.873710641545253
-46.18224310735432 -1.884450784543028
-46.11359157871903 -1.872360600959985
-46.07907848427863 -1.826204717494525
-46.10170316902748 -1.780580513736302
-46.1242635109306 -1.723512560613879
-46.18126993057222 -1.701108368016957
-46.2610717462418 -1.667445970892287
-46.24957963741822 -1.655897179269199
-46.22641227037457 -1.598464695317961
-46.19165430099065 -1.506649224361952
-46.18011505991294 -1.483682832748861
-46.17981232022673 -1.426519326778626
-46.20233959795177 -1.369567522684247
-46.24785651769934 -1.335696576000597
-46.25906075030451 -1.278758168656697
-46.25896547216025 -1.244572031752601
-46.25886429973368 -1.187651924475915
-46.20159928439822 -1.130221946183214
-46.1673116943686 -1.129908068209063
-46.11021073632441 -1.12940690061102
-46.04179176604224 -1.128865257537167
-45.92791254791217 -1.162127870364832
-45.87106023988083 -1.19586195059671
-45.82560095374687 -1.229683825413628
-45.78007929462542 -1.240714345509547
-45.7117953446801 -1.251559195715635
-45.64350362643831 -1.251007443215727
-45.58665748143504 -1.273327573372604
-45.49580724751964 -1.329599026795009
-45.47314862525246 -1.363630095390188
-45.45058421551969 -1.431914114647805
-45.42795742779568 -1.477395418340016
-45.39392286489362 -1.511372092803242
-45.3598841138836 -1.54535123829817
-45.33729077580498 -1.613705797485775
-45.32596492249286 -1.636463860020436
-45.30330995569038 -1.681986787471322
-45.28069450774777 -1.750390518501236
-45.23530449844806 -1.818609387156492
-45.21256724642826 -1.841248322919346
-45.20128616537485 -1.898368014055062
-45.20145923181497 -1.990001457041059
-45.20157426234173 -2.058736875409622
-45.21300157685674 -2.081765880685932
-45.23588748926865 -2.139303067421084
-45.23596962086343 -2.185172620247517
-45.23605213679873 -2.231056327098565
-45.23615637745176 -2.288430461361523
-45.20205225512184 -2.345475330140482
-45.15650143332149 -2.379447538018513
-45.09953431755211 -2.401816876086909
-45.04253450139184 -2.412635450299164
-44.9515263822066 -2.412080323398676
-44.90594494157063 -2.400087316537387
-44.8149356738605 -2.376470863547725
-44.76939412702203 -2.375960544101047
-44.70115566459145 -2.329453939360509
-44.6557079841933 -2.271741770622692
-44.61026203113686 -2.248425843825879
-44.5648336062713 -2.22512385880254
-44.53079226649166 -2.190483801690993
-44.49677618275351 -2.144392177971164
-44.43998694186325 -2.189928987242562
-42.48259180480397 1.069396111561899