-37.26698359640918 -0.5209274488354915
-37.27830826891535 -0.5095897290125133
-37.33491851594844 -0.4756631615003401
-37.3802194606919 -0.4416854497451522
-37.44814753142877 -0.4191837323631995
-37.50477971160621 -0.3852429187829243
-37.57273689718252 -0.3513429226215381
-37.60672874767485 -0.3286942148598701
-37.68599661437303 -0.3062283285546777
-37.73133711643426 -0.2722246519287589
-37.78800311335952 -0.2382621965011698
-37.85596792708159 -0.2157423869019441
-37.93531567663347 -0.170547273010839
-38.00335310202738 -0.1251315798537304
-38.02605839891546 -0.1022691240479975
-38.06004538403004 -0.08117842332261076
-38.23005816181041 -0.01247725886985841
-38.29818262047098 0.03335489727821711
-38.32088292356129 0.04481711363070419
-38.51371153999549 0.09070096622138156
-38.63858780296942 0.1251324448432546
-38.68400714920144 0.1366140793139191
-38.77501041757628 0.1825386648458364
-38.90010871825132 0.2284975328931006
-38.9684407010068 0.2629757496005081
-39.02536358896 0.2859728153427437
-39.07094764570327 0.3089720998315128
-39.17342334408794 0.3434939306685877
-39.25321944393382 0.378021637445499
-39.27594427695694 0.3780300147998068
-39.34422897497193 0.4008718356141089
-39.42407753485115 0.4241032800413784
-39.49275553273493 0.4363725144524571
-39.53849764843979 0.4481887684897496
-39.57273376793715 0.4484158802426637
-39.64122389965321 0.4488698452692058
-39.73258297131442 0.4494744315636628
-39.93817974121926 0.4393043908760497
-39.96092233728457 0.4279271230898624
-40.06386933998486 0.4285976846109625
-40.12108657415998 0.4289698463660641
-40.17831970963693 0.4293415786306118
-40.2241186468624 0.4296388890254362
-40.33880962473466 0.4419187966292645
-40.40772049073 0.4539064462838167
-40.46519504252155 0.4658238583412068
-40.49975239797254 0.4775944114135035
-40.58021035772804 0.4896704076120841
-40.68383058694422 0.5134569751000956
-40.7758670406765 0.5256226953437804
-40.87994563901407 0.5270247008382515
-40.90309560065202 0.5273453057576274
-40.98398171819176 0.5168957475357083
-41.0069723446321 0.5056438683345859
-41.87576307111575 -2.883555304756683
-41.86414622312967 -2.89492916254614
-41.81765285767101 -2.929022837356779
-41.81776254003373 -2.963190665250593
-41.80629561939384 -3.020115133215886
-41.72492596936918 -3.065473253316651
-41.6784093864611 -3.076738081509491
-41.64361070638707 -3.110790603665099
-41.60882052848469 -3.144831563168165
-41.5623831804208 -3.167444795611419
-41.4810551095743 -3.167182167743654
-41.4462520578676 -3.167072239553622
-41.411468230048 -3.14423575190498
-41.36508991140877 -3.098649587312438
-41.30726080490192 -3.087134141523428
-41.26102965604689 -3.087014260119553
-41.19174308632664 -3.086835501741335
-41.12253402967179 -3.098008921666748
-41.0533759719533 -3.131869558522777
-41.03034451147526 -3.143153568224737
-40.98429451096866 -3.154370001425637
-40.96128517990362 -3.108932087446847
-40.91529160171356 -3.063445948028264
-40.84635535381197 -3.040601602062205
-40.80041239663864 -3.040490765634077
-40.74302981007098 -3.063024432250446
-40.73151989543822 -3.142330446421064
-40.70859209788416 -3.119603213090248
-40.67420322972425 -3.096849088397388
-40.59401996990064 -3.062659384452855
-40.57113731561634 -3.062607254415685
-40.51393876366005 -3.073801019688343
-40.46818574564114 -3.096340787021086
-40.39956210936316 -3.152779860764347
-40.38812611047996 -3.164070615690125
-40.31954867263919 -3.186518552719179
-40.27386195900643 -3.18638130469244
-40.23965031561682 -3.129703135061153
-40.19403646613112 -3.106955562401493
-40.1484371557226 -3.08420945702929
-40.12562684841036 -3.129415296668334
-40.12560836275902 -3.174664523613391
-40.14839819829015 -3.219990930817304
-40.0458794032868 -3.231048599625474
-39.98895376687629 -3.219581394757801
-39.94342673038771 -3.219459433055871
-39.89790833942698 -3.208022739104302
-39.82964969483706 -3.207834838849886
-39.79552465797503 -3.230359840101351
-39.76144143995001 -3.264208290845682
-39.72736342458317 -3.298055262751573
-39.6591598607884 -3.343091712889514
-39.61372490443738 -3.376894634666396
-39.55694881799786 -3.376731927630903
-39.51152825823991 -3.365285356807292
-39.47746025127194 -3.342559361471611
-39.43208244786596 -3.387675536674336
-39.39805518998697 -3.444137354699722
-39.37503365505897 -3.466471128068756
-39.21629893490162 -3.499938699601964
-39.15963849602866 -3.499781183400139
-39.0349963779658 -3.544665299127471
-38.98967562453411 -3.567156240012438
-38.94435689291176 -3.578330064732283
-38.92169997393847 -3.578258840374425
-38.87636855701971 -3.62337139633593
-38.84236644941462 -3.657205810800851
-38.80836816693735 -3.679723631735277
-38.75170071396723 -3.713476248438101
-38.70638122302068 -3.724633420899841
-38.66104375651283 -3.758428557603802
-38.60438352220015 -3.792194972841871
-38.58169315780403 -3.826073519144757
-38.57031117084603 -3.871312213423525
-38.57024088545929 -3.927920013512928
-38.54754439352426 -3.961818164226438
-37.26698359640918 -0.5209274488354915