 -51.3500 -30.1910
 -51.4480 -30.2290
 -51.5310 -30.2560
 -51.6100 -30.2430
 -51.7090 -30.2220
 -51.7910 -30.2100
 -51.8370 -30.2150
 -51.8690 -30.2700
 -51.9450 -30.2780
 -52.0400 -30.2630
 -52.0880 -30.2450
 -52.1260 -30.2190
 -52.1740 -30.2560
 -52.2420 -30.3000
 -52.2810 -30.3380
 -52.3360 -30.3200
 -52.3790 -30.3280
 -52.5070 -30.3530
 -52.6320 -30.3690
 -52.7560 -30.3610
 -52.8640 -30.3590
 -52.9570 -30.3680
 -53.0230 -30.3950
 -53.1040 -30.4720
 -53.1430 -30.4850
 -53.2470 -30.4520
 -53.3570 -30.4300
 -53.4340 -30.3960
 -53.5230 -30.3560
 -53.6290 -30.3150
 -53.6910 -30.2430
 -53.7560 -30.2410
 -53.8710 -30.2790
 -53.9640 -30.3060
 -54.0280 -30.3220
 -54.0900 -30.3280
 -54.1600 -30.3330
 -54.2150 -30.3610
 -54.2380 -30.4130
 -54.2630 -30.5100
 -54.2840 -30.5990
 -54.3090 -30.6610
 -54.3350 -30.7280
 -54.3910 -30.7920
 -54.4700 -30.8250
 -54.5450 -30.8720
 -54.5860 -30.9090
 -54.6180 -30.9410
 -54.6060 -31.0280
 -54.6030 -31.0960
 -54.5460 -31.1710
 -54.5060 -31.2640
 -54.4590 -31.3270
 -54.4030 -31.3810
 -54.3520 -31.4320
 -54.3120 -31.4600
 -54.2750 -31.4570
 -54.2290 -31.4850
 -54.1330 -31.4860
 -54.0710 -31.4850
 -53.9770 -31.5140
 -53.9100 -31.5000
 -53.8590 -31.4920
 -53.8000 -31.4980
 -53.7530 -31.5430
 -53.7340 -31.5660
 -53.6680 -31.5790
 -53.6190 -31.6190
 -53.6180 -31.6360
 -53.8250 -31.8240
 -53.7580 -31.8530
 -53.6960 -31.8510
 -53.6640 -31.8690
 -53.6280 -31.9440
 -53.5950 -31.9630
 -53.5630 -31.9740
 -53.8570 -32.2230
 -53.8310 -32.2800
 -53.8310 -32.3430
 -53.8460 -32.4190
 -53.8710 -32.4650
 -53.8840 -32.5190
 -53.9170 -32.5910
 -53.9880 -32.6400
 -54.1050 -32.6790
 -54.2100 -32.7070
 -54.3380 -32.7140
 -54.4430 -32.6940
 -54.5150 -32.6820
 -54.6020 -32.6760
 -54.6700 -32.6300
 -54.7230 -32.5960
 -54.7720 -32.5970
 -54.8190 -32.6220
 -54.8830 -32.6410
 -54.9360 -32.6420
 -54.9830 -32.6760
 -55.0250 -32.7200
 -55.0950 -32.7330
 -55.2000 -32.7640
 -55.2530 -32.8150
 -55.2980 -32.8520
 -55.3570 -32.9420
 -55.4450 -32.9850
 -55.5060 -33.0080
 -55.5690 -33.0360
 -55.6450 -33.1000
 -55.7470 -33.1890
 -55.8200 -33.2410
 -55.8740 -33.2570
 -55.9660 -33.2670
 -56.0440 -33.2680
 -56.0950 -33.2760
 -56.1440 -33.3020
 -56.2520 -33.3110
 -56.3720 -33.3080
 -56.3720 -33.3080
 -56.4850 -33.2700
 -56.4850 -33.2700
 -56.6050 -33.2320
 -56.6910 -33.1980
 -56.7870 -33.1590
 -56.8420 -33.0790
 -56.9540 -33.0600
 -56.9570 -33.0600
 -57.0560 -33.0570
 -57.1370 -33.0580
 -57.2100 -33.0880
 -57.2820 -33.0940
 -57.3640 -33.1050
 -57.4170 -33.1700
 -57.4410 -33.2650
 -57.4500 -33.3290
 -57.4670 -33.4360
 -57.5010 -33.4820
 -57.5090 -33.5260
 -57.4840 -33.5880
 -57.4830 -33.6890
 -57.4780 -33.7470
 -57.5110 -33.7940
 -57.6020 -33.8140
 -57.6830 -33.7870
 -57.7290 -33.7560
 -57.7930 -33.7230
 -57.8620 -33.7340
 -57.9110 -33.7750
 -57.9150 -33.8410
 -57.8750 -33.9270
 -57.8660 -34.0050
 -57.8670 -34.1080
 -57.8640 -34.1880
 -57.9050 -34.2380
 -57.9870 -34.2650
