 -50.0291  -3.5377
 -50.1268  -3.4432
 -50.1762  -3.3552
 -50.2609  -3.2524
 -50.3457  -3.2084
 -50.4717  -3.2227
 -50.6143  -3.2077
 -50.7698  -3.2034
 -50.8959  -3.1776
 -50.9996  -3.1315
 -51.0833  -3.0816
 -51.2048  -3.0333
 -51.2920  -2.9634
 -51.3663  -2.9312
 -51.4642  -2.9262
 -51.5420  -2.9754
 -51.5739  -3.0229
 -51.6482  -3.1120
 -51.7036  -3.1680
 -51.7755  -3.2277
 -51.8711  -3.2569
 -51.9595  -3.2766
 -52.0574  -3.3165
 -52.1789  -3.3648
 -52.2710  -3.4294
 -52.3323  -3.5090
 -52.4066  -3.5451
 -52.4562  -3.5739
 -52.4739  -3.5894
 -52.5376  -3.6418
 -52.6025  -3.6778
 -52.6614  -3.6984
 -52.7169  -3.7072
 -52.7830  -3.7220
 -52.8562  -3.7451
 -52.9152  -3.7586
 -52.9706  -3.8063
 -53.0237  -3.8586
 -53.1122  -3.9043
 -53.1878  -3.9179
 -53.2870  -3.9306
 -53.3779  -3.9409
 -53.4499  -3.9356
 -53.5916  -3.9581
 -53.6825  -3.9436
 -53.7593  -3.9596
 -53.8136  -4.0179
 -53.8773  -4.0786
 -53.9871  -4.1350
 -54.1111  -4.1408
 -54.2470  -4.1537
 -54.3486  -4.1688
 -54.4573  -4.1992
 -54.5542  -4.2130
 -54.6700  -4.2210
 -54.7515  -4.2371
 -54.8709  -4.2723
 -54.9761  -4.2613
 -55.0494  -4.2395
 -55.1535  -4.2428
 -55.1535  -4.2428
 -55.2599  -4.2460
 -55.3770  -4.2411
 -55.4527  -4.2205
 -55.5011  -4.2385
 -55.5496  -4.2778
 -55.6465  -4.3305
 -55.7730  -4.3574
 -55.8700  -4.3724
 -55.9172  -4.4234
 -56.0059  -4.4595
 -56.1183  -4.4604
 -56.2059  -4.4693
 -56.3324  -4.5151
 -56.4247  -4.5465
 -56.5465  -4.5769
 -56.6517  -4.6449
 -56.7688  -4.6894
 -56.8670  -4.7160
 -56.9664  -4.7427
 -57.0528  -4.7693
 -57.0812  -4.7919
 -57.1379  -4.8312
 -57.2575  -4.8451
 -57.3250  -4.8538
 -57.3735  -4.8801
 -57.4315  -4.8829
 -57.4919  -4.9128
 -57.5273  -4.9625
 -57.5745  -5.0301
 -57.5921  -5.0927
 -57.6300  -5.1330
 -57.7129  -5.1372
 -57.7567  -5.1304
 -57.7934  -5.1247
 -57.8325  -5.1368
 -57.8953  -5.1502
 -57.9557  -5.1365
 -57.9925  -5.0919
 -58.0234  -5.0603
 -58.0803  -5.0607
 -58.1442  -5.1060
 -58.2092  -5.1677
 -58.2837  -5.2107
 -58.3607  -5.2430
 -58.4756  -5.2756
 -58.5241  -5.3137
 -58.5618  -5.3823
 -58.6376  -5.4347
 -58.7358  -5.4872
 -58.8294  -5.5114
 -58.9087  -5.5496
 -58.9786  -5.5772
 -59.0626  -5.6319
 -59.1444  -5.6513
 -59.2202  -5.6671
 -59.3209  -5.6902
 -59.4122  -5.7108
 -59.5047  -5.7055
 -59.5571  -5.6469
 -59.5704  -5.5515
 -59.5990  -5.4998
 -59.6405  -5.5095
 -59.6771  -5.5875
 -59.7326  -5.6586
 -59.7881  -5.7343
 -59.8045  -5.8276
 -59.8302  -5.9468
 -59.8715  -6.0508
 -59.9282  -6.1242
 -60.0075  -6.2048
 -60.0677  -6.3066
 -60.0722  -6.4139
 -60.1230  -6.4696
 -60.1895  -6.4546
 -60.2027  -6.3981
 -60.2443  -6.3654
 -60.3000  -6.3681
 -60.3248  -6.4283
 -60.3376  -6.5168
 -60.3432  -6.6277
 -60.3513  -6.7114
 -60.3522  -6.8234
 -60.3936  -6.9168
 -60.4716  -7.0339
 -60.5603  -7.1205
 -60.6266  -7.2022
 -60.7011  -7.2910
 -60.7603  -7.3197
 -60.8350  -7.3378
 -60.9287  -7.3642
 -61.0152  -7.3977
 -61.0827  -7.4370
 -61.1597  -7.4893
 -61.2296  -7.5533
 -61.2888  -7.6031
 -61.3528  -7.6412
 -61.4477  -7.6712
 -61.5509  -7.6717
 -61.6708  -7.6629
 -61.7608  -7.7258
 -61.8307  -7.7934
 -61.9386  -7.8623
 -62.0085  -7.8921
 -62.1463  -7.8869
 -62.2211  -7.8696
 -62.2865  -7.8499
 -62.4230  -7.8505
 -62.5548  -7.8830
 -62.6807  -7.8836
 -62.8220  -7.8889
 -62.9324  -7.9048
 -63.0393  -7.9229
 -63.1426  -7.9623
 -63.2469  -8.0288
 -63.3371  -8.0834
 -63.4319  -8.1746
 -63.5350  -8.2611
 -63.6346  -8.3275
 -63.7450  -8.3928
 -63.8351  -8.4439
 -63.9480  -8.4596
 -64.0360  -8.4624
 -64.1454  -8.4380
 -64.2215  -8.4619
 -64.3021  -8.5235
 -64.3399  -8.5944
 -64.3871  -8.7030
 -64.4998  -8.7836
 -64.5865  -8.8252
 -64.6958  -8.8398
 -64.8351  -8.8238
 -64.9446  -8.7817
 -65.0235  -8.7019
 -65.0798  -8.5948
 -65.1419  -8.5172
 -65.2018  -8.4161
 -65.2807  -8.3457
 -65.3439  -8.3011
 -65.4334  -8.2495
 -65.5313  -8.1803
 -65.6351  -8.1489
 -65.7575  -8.1988
 -65.8978  -8.2546
 -66.0000  -8.2927
 -66.1294  -8.3874
 -66.2325  -8.4985
 -66.2325  -8.5008
 -66.3406  -8.5766
 -66.3406  -8.5766
 -66.4283  -8.6652
 -66.4900  -8.7314
 -66.6075  -8.8202
 -66.7048  -8.9112
 -66.8069  -8.9952
 -66.8734  -9.0531
 -66.9243  -9.1275
 -66.9371  -9.1876
 -66.9190  -9.2453
 -66.9081  -9.2877
 -66.9102  -9.3655
 -66.8921  -9.4056
 -66.8921  -9.4056
 -66.8443  -9.4455
 -66.7572  -9.4865
 -66.6749  -9.5181
 -66.5486  -9.5283
 -66.3985  -9.5550
 -66.2710  -9.5971
 -66.1506  -9.6462
 -66.0420  -9.7119
 -65.9906  -9.7883
 -65.9474  -9.8872
 -65.9370 -10.0200
 -65.9330 -10.1770
 -65.8830 -10.2360
 -65.8140 -10.3030
 -65.7630 -10.4070
 -65.7440 -10.4850
 -65.6980 -10.5180
 -65.6750 -10.6010
 -65.6410 -10.7390
 -65.6270 -10.8310
 -65.6140 -10.9430
 -65.5550 -11.0440
 -65.5050 -11.1770
 -65.4700 -11.3270
 -65.4360 -11.4980
 -65.4170 -11.7050
 -65.4050 -11.8590
 -65.3800 -11.9440
 -65.3270 -12.0230
 -65.3170 -12.1130
 -65.2720 -12.1930
 -65.1980 -12.2960
 -65.1600 -12.3560
 -65.0940 -12.3770
 -65.0360 -12.3900
 -64.9990 -12.4110
 -64.8810 -12.4890
 -64.7460 -12.5730
 -64.5610 -12.6250
 -64.4430 -12.6190
 -64.3780 -12.5670
 -64.3260 -12.5560
 -64.2680 -12.5510
 -64.1950 -12.4790
 -64.1220 -12.4380
 -64.0190 -12.4340
 -63.8650 -12.4500
 -63.7980 -12.5150
 -63.7740 -12.5770
 -63.7660 -12.6290
 -63.7740 -12.6870
 -63.6790 -12.8290
 -63.6100 -12.8980
 -63.5420 -12.9690
 -63.4800 -13.0530
 -63.4330 -13.1300
 -63.4230 -13.2400
 -63.4340 -13.3620
 -63.4940 -13.5120
 -63.5510 -13.6170
 -63.5940 -13.7530
 -63.6100 -13.8390
 -63.6150 -13.9610
 -63.5940 -14.0750
 -63.5600 -14.1880
 -63.5430 -14.2730
 -63.5300 -14.3500
 -63.5060 -14.4590
 -63.5040 -14.5460
 -63.5230 -14.6290
 -63.5290 -14.7080
 -63.5310 -14.7530
 -63.5530 -14.7700
 -63.5770 -14.7940
 -63.5840 -14.8460
 -63.5780 -14.9110
 -63.5720 -14.9580
 -63.5560 -14.9940
 -63.5030 -15.0260
 -63.4630 -15.0540
 -63.4170 -15.0600
 -63.3870 -15.0220
 -63.3530 -15.0040
 -63.3350 -15.0170
 -63.3130 -15.0820
 -63.2890 -15.1360
 -63.2710 -15.1820
 -63.2930 -15.2110
 -63.2970 -15.2660
 -63.2930 -15.3400
 -63.2650 -15.3910
 -63.1860 -15.4250
 -63.1550 -15.4810
 -63.1330 -15.5670
 -63.1520 -15.6130
 -63.2040 -15.6280
 -63.2540 -15.6560
 -63.2710 -15.7090
 -63.2670 -15.8090
 -63.2230 -15.8970
 -63.1740 -16.0070
 -63.1060 -16.1050
 -63.1060 -16.1050
 -63.0260 -16.1740
 -62.9700 -16.2470
 -62.9560 -16.2950
 -62.9250 -16.3350
 -62.8890 -16.3560
 -62.8620 -16.3860
 -62.8260 -16.4100
 -62.7710 -16.4170
 -62.7120 -16.4190
 -62.6900 -16.4600
 -62.6610 -16.5010
 -62.6210 -16.5030
 -62.5670 -16.5190
 -62.5000 -16.6110
 -62.4580 -16.7000
 -62.4260 -16.7850
 -62.3830 -16.8360
 -62.2850 -16.8840
 -62.1860 -16.9540
 -62.0980 -16.9800
 -61.9990 -17.0380
 -61.9080 -17.0620
 -61.7810 -17.0810
 -61.6700 -17.1300
 -61.5320 -17.2140
 -61.4700 -17.2410
 -61.3770 -17.2380
 -61.3160 -17.2250
 -61.2780 -17.1700
 -61.2610 -17.1160
 -61.2150 -17.1110
 -61.1730 -17.1770
 -61.1390 -17.2490
 -61.1070 -17.2840
 -61.0430 -17.2980
 -60.9940 -17.2930
 -60.9500 -17.2770
 -60.9170 -17.2780
 -60.8930 -17.3130
 -60.8560 -17.3500
 -60.7840 -17.3860
 -60.7120 -17.3890
 -60.6540 -17.4030
 -60.6130 -17.4350
 -60.5260 -17.4580
 -60.4540 -17.4610
 -60.3780 -17.4690
 -60.3220 -17.4950
 -60.2680 -17.5340
 -60.2070 -17.5520
 -60.1140 -17.5610
 -60.0460 -17.5700
 -59.9700 -17.5960
 -59.8850 -17.6400
 -59.7880 -17.6920
 -59.7210 -17.7090
 -59.6020 -17.7190
 -59.5040 -17.7650
 -59.4160 -17.7970
 -59.3220 -17.8260
 -59.2520 -17.8540
 -59.2390 -17.8990
 -59.2360 -17.9480
 -59.1550 -17.9900
 -59.0460 -18.0170
 -58.9070 -18.0780
 -58.7880 -18.1190
 -58.6760 -18.1730
 -58.5790 -18.1990
 -58.4960 -18.2380
 -58.4570 -18.2820
 -58.4440 -18.3400
 -58.4380 -18.4160
 -58.4380 -18.4870
 -58.4110 -18.5340
 -58.3380 -18.5940
 -58.2580 -18.6690
 -58.2050 -18.7390
 -58.1890 -18.8330
 -58.2510 -18.9040
 -58.2940 -18.9600
 -58.3140 -19.0220
 -58.3120 -19.1420
 -58.2570 -19.2240
 -58.1870 -19.3030
 -58.0570 -19.3540
 -57.9190 -19.3470
 -57.7740 -19.3330
 -57.7090 -19.3550
 -57.5950 -19.4120
 -57.4840 -19.4590
 -57.3900 -19.5520
 -57.3290 -19.6410
 -57.2740 -19.7110
 -57.2190 -19.8120
 -57.1610 -19.8890
 -57.1090 -19.9620
 -57.0500 -20.0640
 -57.0000 -20.1370
 -56.9480 -20.2230
 -56.9290 -20.3510
 -56.9580 -20.4530
 -57.0090 -20.5460
 -57.0830 -20.6190
 -57.1500 -20.6900
 -57.1940 -20.8010
 -57.2700 -20.8490
 -57.3000 -20.9100
 -57.3030 -21.0020
 -57.2970 -21.0540
 -57.3080 -21.0930
 -57.3430 -21.1420
 -57.4410 -21.2210
 -57.5090 -21.2790
 -57.5640 -21.3560
 -57.6160 -21.4670
 -57.6700 -21.5630
 -57.6700 -21.6800
 -57.6420 -21.7610
 -57.6320 -21.8240
 -57.6070 -21.8910
 -57.5830 -21.9400
 -57.5890 -21.9980
 -57.6080 -22.0570
 -57.6090 -22.1270
 -57.6210 -22.2160
 -57.6300 -22.2970
 -57.6240 -22.4020
 -57.5900 -22.5350
 -57.5480 -22.6220
 -57.4860 -22.7070
 -57.3880 -22.7830
 -57.3130 -22.8190
 -57.2230 -22.8120
 -57.1160 -22.8000
 -57.0310 -22.7170
 -56.9590 -22.6680
 -56.8880 -22.5940
 -56.8410 -22.5200
 -56.7900 -22.4310
 -56.7540 -22.3090
