 -61.0833   8.4317
 -61.3568   8.3899
 -61.6253   8.4059
 -61.8920   8.4631
 -62.1457   8.4427
 -62.3610   8.4191
 -62.5270   8.3769
 -62.6251   8.2845
 -62.6615   8.2372
 -62.7538   8.1589
 -62.8628   8.0724
 -62.9581   8.0342
 -63.0592   8.0595
 -63.1576   8.0672
 -63.2986   8.0358
 -63.3963   7.9952
 -63.4905   7.9547
 -63.5409   7.8803
 -63.5839   7.7906
 -63.6542   7.7643
 -63.7287   7.7686
 -63.8039   7.7482
 -63.8847   7.6983
 -63.9705   7.6590
 -64.0394   7.6163
 -64.1099   7.5994
 -64.1945   7.6414
 -64.2660   7.6869
 -64.3467   7.7030
 -64.4291   7.6791
 -64.5175   7.6527
 -64.6115   7.6805
 -64.6609   7.6897
 -64.6884   7.6849
 -64.6875   7.6284
 -64.6861   7.5354
 -64.6680   7.4530
 -64.6516   7.4025
 -64.6532   7.3519
 -64.6779   7.3164
 -64.6917   7.2775
 -64.6752   7.2246
 -64.6831   7.1916
 -64.6967   7.1350
 -64.6961   7.0220
 -64.7441   6.9429
 -64.8185   6.8637
 -64.8951   6.8516
 -64.9579   6.8795
 -64.9973   6.9394
 -65.0556   6.9897
 -65.1142   7.0507
 -65.1713   7.1705
 -65.2133   7.2492
 -65.2442   7.3067
 -65.3359   7.3322
 -65.3991   7.3060
 -65.4597   7.2622
 -65.5246   7.1924
 -65.5729   7.1322
 -65.6249   7.0825
 -65.6720   7.0988
 -65.7114   7.1563
 -65.7607   7.1643
 -65.8410   7.1534
 -65.8798   7.0991
 -65.9374   7.0988
 -66.0187   7.1479
 -66.0701   7.2042
 -66.1081   7.2558
 -66.1284   7.3169
 -66.1710   7.3497
 -66.2223   7.3307
 -66.2981   7.3386
 -66.4054   7.3570
 -66.4371   7.3110
 -66.4311   7.2404
 -66.4699   7.1896
 -66.5283   7.1564
 -66.5393   7.0951
 -66.5512   7.0174
 -66.5670   6.9479
 -66.5961   6.8948
 -66.6183   6.8512
 -66.6245   6.7946
 -66.6394   6.7440
 -66.6564   6.6815
 -66.6696   6.6096
 -66.6984   6.5295
 -66.7196   6.5023
 -66.7757   6.4797
 -66.8370   6.4783
 -66.9200   6.4839
 -67.0183   6.4694
 -67.0773   6.4033
 -67.1399   6.3347
 -67.2147   6.2780
 -67.2749   6.2083
 -67.3399   6.1398
 -67.3809   6.0737
 -67.4088   6.0171
 -67.4050   5.9300
 -67.4499   5.8816
 -67.5047   5.8496
 -67.5671   5.8447
 -67.6371   5.8586
 -67.7259   5.8500
 -67.8105   5.8038
 -67.8771   5.7554
 -67.8771   5.7554
 -67.9354   5.6469
 -67.9378   5.6469
 -67.9881   5.5560
 -68.0152   5.4465
 -68.0460   5.3440
 -68.1134   5.1990
 -68.1721   5.1070
 -68.2313   4.9714
 -68.2923   4.8794
 -68.3687   4.7661
 -68.4489   4.6694
 -68.5172   4.5762
 -68.6072   4.4876
 -68.6779   4.3979
 -68.7402   4.3071
 -68.8120   4.2057
 -68.8644   4.0949
 -68.8644   4.0925
 -68.9135   4.0053
 -68.9685   3.9050
 -68.9684   3.9027
 -69.0269   3.7919
 -69.0809   3.7081
 -69.1213   3.5974
 -69.1629   3.4913
 -69.2070   3.3841
 -69.3012   3.2555
 -69.3707   3.1553
 -69.4222   3.0633
 -69.5017   2.9925
 -69.5762   2.9122
 -69.6411   2.8309
 -69.7138   2.7094
 -69.7138   2.7094
 -69.7726   2.6186
 -69.8219   2.5361
 -69.8804   2.4289
 -69.9700   2.3074
 -70.0515   2.1318
 -70.1025   2.0010
 -70.1529   1.9091
 -70.2136   1.7877
 -70.2469   1.6770
 -70.2561   1.5663
 -70.2778   1.3991
 -70.3130   1.2530
 -70.3481   1.0963
 -70.3829   0.9279
 -70.4273   0.7477
 -70.4503   0.5816
 -70.4676   0.4391
 -70.4611   0.3143
 -70.4454   0.2166
 -70.4454   0.2166
 -70.4170   0.0707
 -70.3498  -0.1093
 -70.2935  -0.2800
 -70.2437  -0.4153
 -70.1424  -0.5470
 -70.0380  -0.6398
 -69.9484  -0.7091
 -69.8325  -0.8596
 -69.7088  -0.9700
 -69.5730  -1.0899
 -69.4437  -1.1744
 -69.3200  -1.2871
 -69.2172  -1.3705
 -69.0365  -1.4467
 -68.8912  -1.4699
 -68.7524  -1.4495
 -68.6098  -1.4492
 -68.4791  -1.4594
 -68.3376  -1.4673
 -68.1710  -1.4763
 -67.9475  -1.4297
 -67.8248  -1.3775
 -67.7130  -1.3030
 -67.6129  -1.2556
 -67.4530  -1.2033
 -67.3193  -1.1711
 -67.1161  -1.1481
 -66.9509  -1.1475
 -66.8062  -1.1412
 -66.6566  -1.1371
 -66.5143  -1.1308
 -66.3637  -1.1173
 -66.2444  -1.0945
 -66.1203  -1.0622
 -65.9840  -1.0547
 -65.8408  -1.0329
 -65.7409  -0.9795
 -65.6351  -0.9167
 -65.5279  -0.8751
 -65.3477  -0.8437
 -65.1373  -0.8452
 -65.0023  -0.8435
 -64.8698  -0.8288
 -64.8698  -0.8288
 -64.6889  -0.7527
 -64.5522  -0.6849
 -64.3961  -0.6454
 -64.2306  -0.5916
 -64.0914  -0.5274
 -63.9511  -0.4643
 -63.8189  -0.4295
 -63.6300  -0.4628
 -63.4791  -0.5175
 -63.2851  -0.5896
 -63.0984  -0.6570
 -62.9193  -0.8092
 -62.8145  -0.9371
 -62.6622  -1.0471
 -62.4841  -1.1027
 -62.2305  -1.2062
 -62.1206  -1.2481
 -61.9103  -1.3200
 -61.6929  -1.4001
 -61.5122  -1.5240
 -61.3388  -1.6373
 -61.0952  -1.7455
 -60.8470  -1.8442
 -60.6441  -1.9443
 -60.4140  -2.0231
 -60.0677  -2.0705
 -59.6779  -2.0397
 -59.4262  -1.9980
 -59.1368  -1.8995
 -58.9238  -1.7508
 -58.6751  -1.5959
 -58.4416  -1.5011
 -58.2293  -1.4537
 -58.0455  -1.4135
 -57.9388  -1.3679
 -57.8207  -1.2610
 -57.7571  -1.1568
 -57.6766  -1.1138
 -57.5650  -1.1154
 -57.4784  -1.1100
 -57.3703  -1.1257
 -57.3087  -1.1087
 -57.2234  -1.0610
 -57.1356  -1.0603
 -57.0691  -1.0810
 -56.9886  -1.0344
 -56.9118  -0.9737
 -56.8596  -0.9839
 -56.8084  -1.0189
 -56.6825  -1.0391
 -56.5971  -1.0349
 -56.5140  -1.0602
 -56.3942  -1.0664
 -56.3017  -1.0751
 -56.1889  -1.1095
 -56.1235  -1.1479
 -56.0713  -1.1640
 -56.0062  -1.1422
 -55.9458  -1.1382
 -55.8877  -1.1307
 -55.8108  -1.1029
 -55.7018  -1.0879
 -55.6141  -1.0919
 -55.5216  -1.1112
 -55.4374  -1.1222
 -55.3318  -1.1685
 -55.2831  -1.2105
 -55.2438  -1.2668
 -55.1939  -1.2982
 -55.1430  -1.3001
 -55.0719  -1.2995
 -55.0031  -1.3272
 -54.9497  -1.3692
 -54.8751  -1.3698
 -54.7792  -1.3642
 -54.6870  -1.3198
 -54.5769  -1.3330
 -54.4786  -1.3416
 -54.4004  -1.3822
 -54.3388  -1.3910
 -54.2939  -1.3624
 -54.2444  -1.2853
 -54.1914  -1.2294
 -54.1346  -1.2101
 -54.0650  -1.1587
 -53.9881  -1.1298
 -53.9032  -1.0512
 -53.8028  -0.9984
 -53.6799  -0.9549
 -53.6184  -0.9248
 -53.5511  -0.8818
 -53.4790  -0.8634
 -53.4270  -0.8547
 -53.3739  -0.8059
 -53.3018  -0.7746
 -53.2252  -0.6996
 -53.1497  -0.6446
 -53.0706  -0.5885
 -52.9690  -0.5569
 -52.8603  -0.5169
 -52.7587  -0.4830
 -52.6842  -0.4705
 -52.5991  -0.4626
 -52.4952  -0.4309
 -52.4185  -0.3854
 -52.2933  -0.3229
 -52.1658  -0.2898
 -52.0417  -0.2662
 -51.9212  -0.2461
 -51.7416  -0.2785
 -51.6566  -0.2493
 -51.5930  -0.1685
 -51.5283  -0.0500
 -51.4730   0.0685
 -51.4108   0.2224
 -51.3509   0.3597
 -51.3323   0.4743
 -51.3243   0.5710
 -51.3246   0.6512
 -51.2977   0.7540
 -51.2376   0.8183
 -51.1292   0.9208
 -51.0987   1.0048
 -51.0660   1.1231
 -51.0286   1.2602
 -51.0158   1.3216
 -50.9771   1.4270
 -50.8711   1.5283
 -50.8193   1.5972
 -50.7784   1.7332
 -50.7552   1.8631
 -50.7426   1.9882
 -50.6969   2.0747
