-39.04554763178759 -14.04345975380064
-39.04217465885391 -14.02595235182565
-39.04374659806386 -14.00015054379073
-39.03648068745755 -13.9737496781225
-39.03389784523817 -13.94336010078283
-39.03000517169119 -13.93446311635925
-39.02794957759588 -13.89549283421413
-39.02847399751725 -13.88690175964771
-39.029522669416 -13.86972130933125
-39.04485890996102 -13.83627069308368
-39.05473024830682 -13.81969817272143
-39.06953292971597 -13.79484205585831
-39.07965826295088 -13.77398127228077
-39.09399786078037 -13.7577636337623
-39.0912079898283 -13.7317677127481
-39.09175209603799 -13.72320567042398
-39.07594609265301 -13.6919942535723
-39.06817037999272 -13.67424335295701
-39.03937460957699 -13.63783108008384
-39.01448153130214 -13.61030143643422
-39.01528497800745 -13.59745915550682
-39.01635608193174 -13.58033805464297
-39.0218405722328 -13.56352458322179
-39.02839323012576 -13.52959719933279
-39.02892768078763 -13.52104020687771
-39.03882128131536 -13.50453662534031
-39.0531249784857 -13.48833725478295
-39.05472289891542 -13.46267334608219
-39.06019874631887 -13.44586965239188
-39.06620524278923 -13.4205154925698
-39.0680326076685 -13.39057027868537
-39.06930559375977 -13.36916820519213
-39.07115580619524 -13.33924959126917
-39.07250084040213 -13.31789570623273
-39.06613160335527 -13.27887741848461
-39.0545651961016 -13.25238128462672
-39.03834169909295 -13.22986421995754
-39.02624619644665 -13.21191225174354
-38.99242899751248 -13.18820482858524
-38.97593380588199 -13.16995413358446
-38.95089554149305 -13.14683238419855
-38.92972694891261 -13.13254489522474
-38.91763033983143 -13.11459847470587
-38.89702095781292 -13.09178779246226
-38.8720375046493 -13.06869090888448
-38.85530713655047 -13.05471962263131
-38.8303601588349 -13.03163714675274
-38.8177522908211 -13.02222651350269
-38.79695662914519 -13.00371590434385
-38.77655699594719 -12.98099346914551
-38.75172362061149 -12.9579529305919
-38.7473422463709 -12.95765555502867
-38.73097513531134 -12.93945821711422
-38.72337209152036 -12.92185756589095
-38.71575298815051 -12.9042525289724
-38.71805882396961 -12.87024379178605
-38.71835036137256 -12.8659940115279
-38.73586872779484 -12.86718100103797
-38.74726254164213 -12.89357252788262
-38.76363345678141 -12.9117658672545
-38.78468424494089 -12.9260072532998
-38.8104047873555 -12.93629089638886
-38.83231332342979 -12.93776855987073
-38.85042226111108 -12.9304450080558
-38.86387138953586 -12.92708107067171
-38.87877566903229 -12.90245589945211
-38.87522811058992 -12.88939497103321
-38.86541926349884 -12.83745523252068
-38.86242791027181 -12.81589202646022
-38.85888414522248 -12.80283894868229
-38.85237168407355 -12.76823506574701
-38.84943349253659 -12.74669097079759
-38.84617786340138 -12.72939382908025
-38.84673142004751 -12.72089037627142
-38.84460360919357 -12.68659476401043
-38.84192931207023 -12.6608064864741
-38.8436953649605 -12.63532041668964
-38.82306645060542 -12.61688323250893
-38.82366118129927 -12.6083888008738
-38.80769702952918 -12.58599398339946
-38.80363225452703 -12.58145714177268
-38.78677898120472 -12.57180338168843
-38.77716124673815 -12.58396413016073
-38.77626726046754 -12.59670495633035
-38.75296548053215 -12.61648619012205
-38.73838627778169 -12.63684620487172
-38.72004080876942 -12.64842014018217
-38.69241011038511 -12.66790634642352
-38.67027644550195 -12.67068629442861
-38.63000437368636 -12.68076779312112
-38.57691818160927 -12.68570405443166
-38.55505292980012 -12.68421988383212
-38.54074647618119 -12.70030642352068
-38.51712797090143 -12.72428931365739
-38.49875386243703 -12.73582934166424
-38.4675639670514 -12.74222428641611
-38.44134352474617 -12.74042678285033
-38.41950087992083 -12.73892800198255
-38.38892996741402 -12.73682785881126
-38.37612357376193 -12.73168230679306
-38.34152691115245 -12.72504407212
-38.32438176923296 -12.71960285920304
-38.29475868114996 -12.70477864545596
-38.28664438755496 -12.69569805947612
-38.2660730221954 -12.67724089879136
-38.25482214379031 -12.65090499632442
-38.25167683878943 -12.63364801909442
-38.24853051487374 -12.61639144444654
-38.24568544999141 -12.59489645596881
-38.24314201553792 -12.56916362150317
-38.24344286478965 -12.56492461927123
-38.22845939257914 -12.52982258077541
-38.22066842265732 -12.51651117252008
-38.20014088324433 -12.49806761319694
-38.18366221760881 -12.48416056613444
-38.17648142222365 -12.46237558446142
-38.1559636175645 -12.44393391502072
-38.13575234707353 -12.42125594718612
-38.12332574537129 -12.41188622681477
-38.10342708933589 -12.38497380179167
-38.09595465864143 -12.36743198255998
-38.08383857892074 -12.35382786378801
-38.07636972304321 -12.33628790395701
-38.06981351376178 -12.30604365851668
-38.08004173754002 -12.2854587118731
-38.08159200806917 -12.2642746491057
-38.08283197701965 -12.24732662583017
-38.08097208494779 -12.21313064743169
-38.08221197541785 -12.19618098215848
-38.08035268559205 -12.16198202306563
-38.07725410166446 -12.14473289353609
-38.07787390546865 -12.13625700639696
-38.07074793207735 -12.11447158316738
-38.06393288810408 -12.08844723818294
-38.05216192204535 -12.07060129068939
-38.03358162900604 -12.0267288329572
-38.02584087810475 -12.01341797795515
-38.00571575066821 -11.99073646458307
-37.99828121595009 -11.9731917915962
-37.98620828208289 -11.95958315884938
-37.98249635775643 -11.95080792030617
-37.96674522525426 -11.92839298168404
-37.94634464773968 -11.9099223379152
-37.92192901482019 -11.88690583648533
-37.91854269023498 -11.87387518222586
-37.90216233585461 -11.85994229046204
-37.88672877910416 -11.83327563318718
-37.86728112965176 -11.80205980097957
-37.85555038334622 -11.78417698282105
-37.84846610713797 -11.76234803442678
-37.84571239279696 -11.74081803455901
-37.84232826959513 -11.72777850633804
-37.83894402921489 -11.71473813207718
-37.84579681143465 -11.68106367595604
-37.85973217101164 -11.66922366871761
-37.87398291961545 -11.65313387225917
-37.887288252844 -11.64978659942317
-37.91452936040194 -11.63459251381525
-37.94421256139166 -11.64518657311149
-37.95688985734424 -11.65033287106629
-37.96830841076137 -11.67247190478683
-37.97696834597767 -11.67307380139386
-38.00105921277709 -11.70036415204252
-38.01775010650399 -11.71006049998422
-38.03845703661249 -11.72430252663894
-38.05514912800959 -11.73399584722491
-38.08018832627747 -11.74853319541266
-38.10955964114834 -11.76336679247342
-38.12255143101744 -11.76426310555607
-38.14821820922435 -11.7703036934831
-38.16522387643794 -11.77574616336506
-38.1992359844988 -11.78662767901778
-38.23820223748782 -11.78931331148277
-38.26850918288249 -11.79139831634761
-38.2855161907612 -11.79683321213786
-38.30685299704375 -11.8025637922658
-38.34523093936285 -11.81370030659249
-38.37960672878293 -11.82028293258498
-38.41832292653146 -11.82715339957979
-38.44000672702447 -11.82860961530234
-38.45675375706623 -11.83825192885434
-38.47692936675392 -11.86090760083122
-38.49276608642001 -11.88327470458984
-38.50053228468782 -11.89657952364356
-38.51576012166634 -11.92743113166632
-38.53160457228091 -11.94979692782693
-38.5471858230509 -11.97638698967794
-38.56337482293103 -11.99449689398713
-38.56652685826391 -12.01174360747946
-38.58212413910301 -12.03833473603577
-38.58964848142911 -12.05586313550472
-38.59370767858038 -12.06038831338156
-38.60529949486582 -12.08244236361368
-38.61718818606897 -12.10025938234156
-38.64185427636485 -12.12317769145417
-38.67030169018858 -12.15486661523701
-38.67903639933613 -12.15543502753758
-38.69534519678015 -12.173535627307
-38.71165958699005 -12.19163907019854
-38.74867997468748 -12.22813901471203
-38.76992188438422 -12.23805592930838
-38.77806258895354 -12.24711673067804
-38.79464470231638 -12.26099401688215
-38.81093352856338 -12.27911780497102
-38.82315288701239 -12.29271144294097
-38.83100720433428 -12.30601974318564
-38.85555068730928 -12.33320276005915
-38.87982541274136 -12.36463857298129
-38.88745046454305 -12.38219692692653
-38.88688698249646 -12.39069060759653
-38.9021440021054 -12.42581596717711
-38.91840788244781 -12.44395724044763
-38.92129145177596 -12.46548561836028
-38.94044437554539 -12.50515586967715
-38.94739844382845 -12.53122016867241
-38.96308236256893 -12.55785883681129
-38.97411045209514 -12.58845912925271
-38.98077567189045 -12.61877234683983
-38.99646980935919 -12.64541175837139
-39.01142692845363 -12.68481669122864
-39.03141165776681 -12.71602748884766
-39.0388221351499 -12.73787374385259
-39.04569171894646 -12.76823283859722
-39.05640984218704 -12.80740107164548
-39.06355864028815 -12.83351977253805
-39.06989654926941 -12.87241624410694
-39.07293130176382 -12.89399760854327
-39.0795461573726 -12.92865169647321
-39.09055910827719 -12.96360769037603
-39.09359950028117 -12.98520343777811
-39.10872074834533 -13.0247215551913
-39.11612813782524 -13.04660877177158
-39.12738202324405 -13.07731463738827
-39.13507225598679 -13.09494762412569
-39.13808738952579 -13.11654960705139
-39.15270996325246 -13.16463928474072
-39.15191123592446 -13.17744101603736
-39.15936760955022 -13.19936334322684
-39.1621656236044 -13.22526624937101
-39.16469865227705 -13.25544360058763
-39.16749891664173 -13.2813566841461
-39.17030038654286 -13.30727460790675
-39.17750157445815 -13.33349031474049
-39.18030610370154 -13.35941789508553
-39.1834568158985 -13.38111767072954
-39.18685874657123 -13.39854017274982
-39.19441574373055 -13.42054396532824
-39.20172626286388 -13.44683810558065
-39.20904078556001 -13.47314011632577
-39.21195184883786 -13.4991551391278
-39.21927307615562 -13.52547293167524
-39.22243722342034 -13.54721343054218
-39.22506162502992 -13.57751395502077
-39.22739616840666 -13.61208858583027
-39.23493886995851 -13.63411995396198
-39.24248447726106 -13.65615594965433
-39.25393901213936 -13.68707506663165
-39.2614922421763 -13.70912227576597
-39.2687477815879 -13.73543517180483
-39.26634358649207 -13.77399613059909
-39.26527484306482 -13.79113685519959
-39.26447293133504 -13.80399347548097
-39.25817063395925 -13.83368914378214
-39.24823800042842 -13.8502215798837
-39.2477023067088 -13.85879468229697
-39.2280991498545 -13.88757331971609
-39.21348129678196 -13.90810112560806
-39.19996691542557 -13.91150274115487
-39.19426661622205 -13.93269556883893
-39.18388658541052 -13.95789171457728
-39.18285961253703 -13.97509139367107
-39.18574132024587 -14.0011959101898
-39.19253475106269 -14.03621205628283
-39.19150835315703 -14.05342366054769
-39.16255703086314 -14.0948146389499
-39.14833252523498 -14.11121115149102
-39.13876833244716 -14.12358615436629
-39.11124834014962 -14.13907297984832
-39.09327035526136 -14.1421575791038
-39.04554763178759 -14.04345975380064