-38.3608374786972 -11.90603477760026
-38.36218348798035 -11.88556095608129
-38.35832784021836 -11.83733141365072
-38.36057054539842 -11.80321369827199
-38.35537091353168 -11.77546190961733
-38.3436291988974 -11.74043079945949
-38.31701269297612 -11.71812803741747
-38.28995416535043 -11.70264721186252
-38.26943935198536 -11.69444654925881
-38.23585870594376 -11.67168491983915
-38.20927424250123 -11.64938485320071
-38.18360595690977 -11.61345065771116
-38.16356762043229 -11.59843284156882
-38.14444298448284 -11.569782577993
-38.12487055270513 -11.54795116703367
-38.09832668325723 -11.52566011219919
-38.07179138662912 -11.50337042788463
-38.0461797443448 -11.46745568033085
-38.04057926725934 -11.44655528063565
-38.04332362014599 -11.40568084255698
-38.05258028626239 -11.37208141155464
-38.06092060513785 -11.35210624745896
-38.06319989754378 -11.31804951293488
-38.07153353226436 -11.29807529087706
-38.08774242502147 -11.26493734395373
-38.10352527241744 -11.2386094756141
-38.11982113269307 -11.20546733894299
-38.12962236317335 -11.1650539664613
-38.14544150661018 -11.13871527226259
-38.16869587623433 -11.10601392666174
-38.17754785760549 -11.07921458774996
-38.17990601520177 -11.04514750146588
-38.18875576182313 -11.0183442551873
-38.19713318686011 -10.99835319890314
-38.20043168563458 -10.95065163289275
-38.19535379975337 -10.92294194420396
-38.18473033767567 -10.87433691843518
-38.17222398537454 -10.85299214001465
-38.16809369986863 -10.81165129521527
-38.16254977913705 -10.79075602335868
-38.15842143615844 -10.74941362721772
-38.15287998744493 -10.72851750091275
-38.14227740060522 -10.67990688636838
-38.13626741553832 -10.66582632760521
-38.11729365714574 -10.63721807537349
-38.09832476501946 -10.60860990769825
-38.07983452218777 -10.57318580669561
-38.06136383776841 -10.53775471558896
-38.06427300919754 -10.49681794486019
-38.06815143355549 -10.44222571712566
-38.07558664003904 -10.43584655064084
-38.09191071615003 -10.40260923134036
-38.12262069229391 -10.3634249748253
-38.1449272752576 -10.34427077945762
-38.18162305436919 -10.31916633971808
-38.20393252756909 -10.3000006463437
-38.24111631447178 -10.26804724727389
-38.23010920906236 -10.22617512908125
-38.20616675207705 -10.16975388164113
-38.20713341190261 -10.15608673101501
-38.22442030042738 -10.10912216071331
-38.26009758223657 -10.09767557329173
-38.29576481614046 -10.08623284422004
-38.32401648926593 -10.08117288863483
-38.34674054789416 -10.05517872932783
-38.34357314464887 -10.00009552999553
-38.33804560845194 -9.979162744938305
-38.31169045459047 -9.956906837035897
-38.28392093883802 -9.955141227511673
-38.25426007522267 -9.980692857808663
-38.23753458814154 -10.02078417886107
-38.2203327316344 -10.06769915989591
-38.21244173845454 -10.08091199887904
-38.18464881555926 -10.07915282065185
-38.12953981536491 -10.06880803091789
-38.09480137735869 -10.0666100223004
-38.05360781414328 -10.05713469188211
-38.02776651188395 -10.02803795305525
-38.03067537669237 -9.987032894573288
-38.06087621833333 -9.954614495589315
-38.08218612256609 -9.949103490880424
-38.11136552554441 -9.930399109800362
-38.11279194590664 -9.909912602127253
-38.13598170604464 -9.877099080126897
-38.15822024237611 -9.857940817939369
-38.18644740424135 -9.852882856041367
-38.20874866713613 -9.83365818728646
-38.17613252788906 -9.80394325403528
-38.14196960252678 -9.794841685901886
-38.09496889738738 -9.771095802531127
-38.06081044533197 -9.761985838609794
-38.04150834276923 -9.740065451807205
-38.03014768197442 -9.704859404705559
-38.04504643503667 -9.691994294920679
-38.07282559957988 -9.693734722635766
-38.11160242319951 -9.64093896979182
-38.15480649107872 -9.622916259424057
-38.1910705919278 -9.604450296656523
-38.21885230398591 -9.606195286622379
-38.24661009352237 -9.607967684098822
-38.28928526582424 -9.596846603422822
-38.31062509581615 -9.591282998638606
-38.35434713360603 -9.566369430944793
-38.3847111006254 -9.533668562995365
-38.38626782654287 -9.512985952293867
-38.38886304380533 -9.478505657311846
-38.38503303023643 -9.436675040702891
-38.38809695749175 -9.395323782384748
-38.3906383180736 -9.360868352169481
-38.39368808962683 -9.31950964738353
-38.40318785858059 -9.28545725461059
-38.40572995136506 -9.250972155861977
-38.38790517484125 -9.208311093628673
-38.36906446141045 -9.179442255832235
-38.3914632999418 -9.160003800933168
-38.37961146171719 -9.131507665251306
-38.36139911793217 -9.095560104946285
-38.36405723432651 -9.060869354470892
-38.37314270468566 -9.033529428966386
-38.40687338960868 -9.049523352381833
-38.43471283428981 -9.051210742857355
-38.46951722049523 -9.053316995515969
-38.4984334853379 -9.041114201792981
-38.53431897218493 -9.029325055997241
-38.57021306238315 -9.017529411816151
-38.5927195247415 -8.997942031317189
-38.57986092876035 -8.983208004949113
-38.55414198406299 -8.95373316167556
-38.52895745455685 -8.917297268473877
-38.53806636873791 -8.889896116017274
-38.55360828369985 -8.869860273446644
-38.57612161454834 -8.850235039000712
-38.60935497164289 -8.873195729113485
-38.61524936285331 -8.887528352001148
-38.62703679459693 -8.916187609079554
-38.65865296516938 -8.959994798317844
-38.66400686595519 -8.981266884135591
-38.67689440350849 -8.995969124460492
-38.71247818758052 -8.990873338103921
-38.72812719791612 -8.97074606271801
-38.73731104039106 -8.943280697375435
-38.74704053336131 -8.90884176299738
-38.75677307944326 -8.874385734647072
-38.7988711808064 -8.876585911835711
-38.83342036828832 -8.885384855141881
-38.86041128181049 -8.900784926576868
-38.88093104702744 -8.908851064939132
-38.92903057314796 -8.92532150390339
-38.97825440766956 -8.927845433289015
-39.01233678701442 -8.943577834405874
-39.0182804964396 -8.957869378512241
-39.00851445934939 -8.992326771253877
-38.9787439023132 -9.011760045974528
-38.96250107590607 -9.03886599313377
-38.92517885688621 -9.064862779071044
-38.92300327455244 -9.092672279919713
-38.92082816359493 -9.120472953982457
-38.92518410950654 -9.155532630148828
-38.9145121130255 -9.203625681512019
-38.907486151093 -9.203256436294105
-38.86326201465291 -9.228714984230313
-38.83803989257375 -9.282928120621502
-38.83700047843264 -9.296755329052008
-38.8338285055337 -9.33827716419502
-38.83011196900797 -9.386712315169977
-38.82851949206592 -9.407463162179209
-38.82586559315354 -9.442037626312207
-38.8513230966306 -9.478083761190783
-38.86378763795453 -9.49956148474241
-38.86656607136727 -9.555210126824132
-38.87637260282082 -9.611206534513759
-38.89586749127624 -9.633045441042706
-38.93752875327679 -9.642203736830718
-38.95810026501498 -9.650234957932494
-38.99221801937031 -9.665922393754183
-38.99061716280797 -9.686636295712106
-38.98955004750751 -9.700443473934785
-38.96630753682487 -9.726917064542883
-38.95607519401835 -9.767928369365384
-38.97451336897139 -9.803549864775549
-38.99402018837289 -9.825377378052554
-39.02013543247264 -9.854418124801846
-39.04690592234024 -9.876498486207758
-39.0868492862121 -9.913054579673322
-39.10566345342 -9.948475766372837
-39.10426257395206 -9.969042078763604
-39.08077633751625 -10.0021630484169
-39.04977757461203 -10.04173769365091
-39.03287648913148 -10.08207039276799
-39.02536199898284 -10.08853186359831
-39.01550800328057 -10.12924145874563
-39.0131673629985 -10.16348744291514
-39.0112948942661 -10.190882187036
-39.0018868383526 -10.22473716606186
-38.99340372854186 -10.24489738234248
-38.99097527650272 -10.2791672489919
-39.01108430034189 -10.29409375430843
-39.05374364744982 -10.28967504025641
-39.08235446453761 -10.28443937871545
-39.11849211267627 -10.27274626710029
-39.13401738024189 -10.25297683513289
-39.15099994989355 -10.21262121858482
-39.15997654002078 -10.18557635233235
-39.18060332876184 -10.19363883320099
-39.19880946466785 -10.23601214667972
-39.19686975051932 -10.26345732893678
-39.19444483405227 -10.29775891495462
-39.19250479069643 -10.32519610233548
-39.18352495851319 -10.35222511641151
-39.15901262820616 -10.39900423781168
-39.14299607620232 -10.42560916998115
-39.11339424276527 -10.4445354867306
-39.08889114912607 -10.49126608414015
-39.05881496797932 -10.51701716143393
-39.04984014782047 -10.5439965951035
-39.03483913878944 -10.55685248438529
-39.03160500107615 -10.60472695985625
-39.03021855283342 -10.62524334606399
-39.02790784953549 -10.65943528229672
-39.03124518691861 -10.71455718137573
-39.03643250768085 -10.74232725864209
-39.03365928584127 -10.783351251962
-39.03042283624888 -10.83120840616345
-39.02857318402072 -10.85855337990206
-39.01922267408261 -10.89230749337819
-39.00144699461555 -10.94613282673081
-38.99821054589533 -10.9939688085534
-38.99589854522719 -11.02813463198172
-38.99404828803409 -11.05546559702558
-38.99266046875643 -11.07596277391023
-39.00211810033269 -11.14514773057308
-38.99980540528426 -11.17930534888028
-38.99702931566556 -11.22029106431008
-38.99430705897529 -11.26127349839829
-38.99387741987376 -11.26810378632531
-38.9970599653774 -11.33002130823149
-38.99534201815651 -11.35734818977287
-38.9949125067098 -11.36418021096683
-38.98528331730743 -11.40473172449846
-38.97522057204896 -11.45211614622413
-38.96515472442368 -11.49950184754974
-38.9634313987368 -11.5268354023074
-38.96170781990939 -11.5541705242929
-38.95912111606678 -11.59517579438681
-38.9573967399561 -11.62251447338032
-38.95567128943477 -11.64985468063463
-38.9535241714261 -11.68403386404687
-38.95096678579161 -11.72505620620681
-38.94883463969477 -11.75924488299123
-38.93128593116146 -11.81303435589599
-38.92250886593269 -11.83992844074311
-38.90537802108994 -11.88687651678537
-38.8974531340723 -11.9000911226032
-38.87324663855539 -11.94656942908316
-38.86491677159756 -11.9666288192902
-38.84786357332362 -12.01360060289181
-38.83288983370108 -12.02634995864835
-38.80168721399233 -12.07237572601989
-38.77850957838913 -12.10523024787442
-38.76160642800175 -12.15227545022903
-38.76040482353668 -12.17284290221156
-38.74188229173252 -12.24733841586058
-38.73906982029572 -12.29536275992586
-38.73786363929073 -12.3159495048718
-38.72879152546905 -12.34979179713476
-38.70761031954991 -12.34836472878627
-38.68018438714186 -12.33273516160493
-38.65361269518945 -12.30340381401283
-38.62043751385588 -12.26676102620681
-38.61421282097812 -12.2525770737927
-38.60176810700472 -12.22421477933656
-38.5690465959335 -12.18074840589481
-38.55041109101282 -12.13823734529483
-38.53137902217735 -12.10259073824389
-38.51156635859321 -12.08066200551048
-38.47736453925977 -12.06467483204978
-38.43744967888557 -12.02771225200703
-38.41071131577611 -12.00535350675245
-38.37698084734858 -11.98253464713687
-38.35069630396492 -11.95334775443325
-38.3608374786972 -11.90603477760026