-37.67199107624494 -8.944719391861881
-37.66004929644752 -8.931123670165547
-37.63952697937803 -8.916920285011262
-37.60310216864094 -8.884593505666967
-37.58657302240323 -8.874921753049945
-37.55749702775341 -8.860109550159024
-37.52411671242798 -8.84501829712044
-37.49869501494374 -8.838983188548992
-37.47756730178217 -8.833250186232789
-37.44849664826327 -8.818472051796668
-37.43166631054245 -8.813042215039816
-37.41515256989833 -8.803393688962512
-37.39467232235296 -8.789225138347533
-37.36963036588649 -8.778933963954561
-37.34952606676091 -8.760476977739767
-37.31690872731517 -8.736873758483611
-37.30504578242113 -8.723258214260977
-37.28495027825471 -8.704800180535095
-37.26848558144424 -8.695115838865995
-37.25695272431308 -8.677262003994509
-37.23751688256021 -8.650326132164476
-37.22138443879862 -8.636400845065106
-37.20130261588679 -8.617934851995305
-37.19275052728897 -8.617326237386013
-37.16872197332518 -8.594319213673098
-37.17034629759949 -8.573136468915067
-37.19172435960096 -8.574656118847566
-37.20947933107735 -8.567396041168914
-37.22756179961777 -8.555895684727704
-37.23216428468046 -8.551960592674234
-37.25517855442083 -8.532280254963396
-37.2614084263175 -8.507143691972972
-37.26173381360297 -8.502903453572495
-37.25940724754005 -8.477157414295096
-37.27387080836873 -8.45685218460075
-37.30415798393884 -8.454701991948568
-37.35158317158277 -8.453738142435306
-37.3861754851967 -8.451875483095561
-37.40331220353869 -8.453065819590602
-37.42473633352476 -8.454552688202218
-37.44485646106717 -8.473023514169176
-37.47355252172142 -8.492089028188028
-37.49004657124061 -8.501770352999342
-37.52863921900964 -8.504445749893904
-37.58538937277206 -8.495561908022927
-37.60255373165363 -8.496747138666771
-37.62302381605105 -8.510978446377795
-37.64843032594379 -8.517028893238816
-37.66493286117332 -8.526725871281144
-37.68638323732639 -8.528226940901439
-37.71212723574523 -8.530026704651402
-37.73358381771848 -8.531525458601783
-37.76362755821056 -8.533622149735921
-37.78905483759294 -8.539666732691886
-37.80622766584013 -8.540863254543881
-37.84883834597686 -8.548101346758148
-37.87032517438968 -8.549582499725299
-37.89677538326206 -8.542854305856855
-37.91925558972685 -8.531581348785194
-37.95432019979983 -8.525432743789489
-37.98444813327259 -8.527477419664606
-38.00102047222152 -8.537140121735448
-38.00930757352905 -8.541971612267588
-38.0305169400168 -8.547676125191675
-38.05506029211309 -8.566420910854268
-38.06237305458611 -8.584001876197602
-38.06602971415021 -8.592792267881331
-38.09123342303983 -8.603039141913676
-38.11245835715217 -8.608745208052017
-38.13401359228926 -8.610200619956753
-38.18117961992761 -8.617613565751201
-38.19653475006891 -8.644247138483202
-38.21749894443784 -8.654177823682103
-38.22550086754896 -8.663248365695111
-38.2415074410367 -8.68139026870476
-38.28282256992688 -8.709756843312523
-38.2914731858288 -8.710331929241752
-38.31646752132289 -8.72480548661455
-38.3451820299989 -8.748055240396587
-38.36588547766436 -8.762234683852428
-38.37824641606101 -8.77159329141876
-38.39895960240207 -8.785775756228283
-38.41563464465637 -8.795434804594985
-38.44097108098706 -8.805674367980469
-38.47133341347969 -8.807680821638154
-38.49302761757487 -8.809112850697209
-38.53209097918345 -8.811688238014829
-38.54077433916694 -8.812260091532297
-38.57117274910063 -8.814260709938544
-38.60124001335937 -8.820523152229777
-38.60958796726612 -8.825357623050838
-38.63532150713331 -8.831334131660249
-38.65602947274429 -8.845553310857772
-38.66472524136339 -8.846124425160037
-38.6851026450086 -8.864606167734362
-38.69575385966532 -8.895306300657534
-38.69838906797769 -8.916905199396012
-38.7100707383609 -8.934812237988872
-38.71339260424418 -8.947883635666786
-38.71133232886201 -8.973448523064336
-38.69289818046576 -8.985076902398431
-38.67515514759429 -8.98818356430489
-38.6627970720134 -8.978800533826687
-38.65513124260279 -8.965446901751948
-38.63945824190062 -8.94299772855525
-38.6277902514822 -8.925095193120356
-38.60845981554365 -8.893836056657843
-38.59245010891017 -8.875644668807839
-38.58913171047416 -8.862574498757923
-38.56341333361667 -8.856593026568621
-38.5373613069029 -8.85487194599007
-38.50527235858186 -8.874157753990074
-38.49854732806094 -8.903675720609366
-38.50917869152934 -8.93434009558316
-38.52551452478257 -8.948265904764142
-38.54185248847941 -8.962191935165093
-38.54916925210231 -8.979794751996515
-38.53478235382953 -8.995945046026165
-38.50727392721432 -9.015406462835413
-38.48412817918226 -9.035147680920018
-38.46592616938901 -9.046691983295537
-38.44003945109206 -9.0449008777645
-38.42709729805071 -9.044004688961033
-38.40584339308574 -9.038265271300062
-38.38459223361024 -9.032525037895482
-38.36734142769388 -9.031328090152611
-38.34977721529255 -9.034374904939787
-38.34052328653917 -9.04226424516915
-38.3340062208056 -9.071672842516463
-38.33274592367001 -9.088648208868808
-38.35304869041404 -9.107124708177956
-38.23821538718857 -9.133292780097003
-38.21291477112536 -9.123017524625412
-38.18762123529329 -9.11274303218965
-38.17096968763285 -9.103067627580527
-38.14630952139476 -9.084317338942492
-38.12535106927766 -9.074344705971297
-38.1170312715518 -9.069508281621886
-38.08714046065939 -9.063175435040764
-38.07451083196482 -9.058039980284464
-38.04863359311644 -9.05624244043578
-38.01751497410525 -9.066851412634554
-37.99995893417718 -9.069885975689955
-37.67199107624494 -8.944719391861881