-74.00 -40.00 3.92 
-73.00 -40.00 3.91 
-72.00 -40.00 3.90 
-71.00 -40.00 3.89 
-70.00 -40.00 3.89 
-69.00 -40.00 3.90 
-68.00 -40.00 3.91 
-67.00 -40.00 3.93 
-66.00 -40.00 3.95 
-65.00 -40.00 3.98 
-64.00 -40.00 3.96 
-63.00 -40.00 3.91 
-62.00 -40.00 3.86 
-61.00 -40.00 3.81 
-60.00 -40.00 3.77 
-59.00 -40.00 3.73 
-58.00 -40.00 3.76 
-57.00 -40.00 3.79 
-56.00 -40.00 3.77 
-55.00 -40.00 3.75 
-54.00 -40.00 3.75 
-53.00 -40.00 3.75 
-52.00 -40.00 3.75 
-51.00 -40.00 3.77 
-50.00 -40.00 3.79 
-49.00 -40.00 3.82 
-48.00 -40.00 3.89 
-47.00 -40.00 3.91 
-46.00 -40.00 3.93 
-45.00 -40.00 3.96 
-44.00 -40.00 4.00 
-43.00 -40.00 4.02 
-42.00 -40.00 4.05 
-41.00 -40.00 4.09 
-40.00 -40.00 4.13 
-39.00 -40.00 4.17 
-38.00 -40.00 4.21 
-37.00 -40.00 4.25 
-36.00 -40.00 4.30 
-35.00 -40.00 4.34 
-34.00 -40.00 4.37 
-33.00 -40.00 4.40 
-32.00 -40.00 4.43 
-31.00 -40.00 4.47 
-30.00 -40.00 4.50 
-74.00 -39.00 3.83 
-73.00 -39.00 3.82 
-72.00 -39.00 3.80 
-71.00 -39.00 3.80 
-70.00 -39.00 3.80 
-69.00 -39.00 3.81 
-68.00 -39.00 3.82 
-67.00 -39.00 3.84 
-66.00 -39.00 3.87 
-65.00 -39.00 3.90 
-64.00 -39.00 3.90 
-63.00 -39.00 3.85 
-62.00 -39.00 3.79 
-61.00 -39.00 3.74 
-60.00 -39.00 3.68 
-59.00 -39.00 3.70 
-58.00 -39.00 3.72 
-57.00 -39.00 3.69 
-56.00 -39.00 3.66 
-55.00 -39.00 3.65 
-54.00 -39.00 3.64 
-53.00 -39.00 3.64 
-52.00 -39.00 3.65 
-51.00 -39.00 3.66 
-50.00 -39.00 3.74 
-49.00 -39.00 3.78 
-48.00 -39.00 3.80 
-47.00 -39.00 3.82 
-46.00 -39.00 3.85 
-45.00 -39.00 3.89 
-44.00 -39.00 3.92 
-43.00 -39.00 3.95 
-42.00 -39.00 3.99 
-41.00 -39.00 4.03 
-40.00 -39.00 4.08 
-39.00 -39.00 4.13 
-38.00 -39.00 4.18 
-37.00 -39.00 4.22 
-36.00 -39.00 4.26 
-35.00 -39.00 4.30 
-34.00 -39.00 4.33 
-33.00 -39.00 4.37 
-32.00 -39.00 4.40 
-31.00 -39.00 4.44 
-30.00 -39.00 4.48 
-74.00 -38.00 3.74 
-73.00 -38.00 3.71 
-72.00 -38.00 3.70 
-71.00 -38.00 3.69 
-70.00 -38.00 3.69 
-69.00 -38.00 3.70 
-68.00 -38.00 3.72 
-67.00 -38.00 3.75 
-66.00 -38.00 3.78 
-65.00 -38.00 3.81 
-64.00 -38.00 3.85 
-63.00 -38.00 3.79 
-62.00 -38.00 3.72 
-61.00 -38.00 3.66 
-60.00 -38.00 3.65 
-59.00 -38.00 3.67 
-58.00 -38.00 3.62 
-57.00 -38.00 3.58 
-56.00 -38.00 3.55 
-55.00 -38.00 3.52 
-54.00 -38.00 3.51 
-53.00 -38.00 3.51 
-52.00 -38.00 3.56 
-51.00 -38.00 3.65 
-50.00 -38.00 3.66 
-49.00 -38.00 3.67 
-48.00 -38.00 3.69 
-47.00 -38.00 3.72 
-46.00 -38.00 3.77 
-45.00 -38.00 3.81 
-44.00 -38.00 3.84 
-43.00 -38.00 3.88 
-42.00 -38.00 3.93 
-41.00 -38.00 3.99 
-40.00 -38.00 4.05 
-39.00 -38.00 4.10 
-38.00 -38.00 4.14 
-37.00 -38.00 4.18 
-36.00 -38.00 4.22 
-35.00 -38.00 4.26 
-34.00 -38.00 4.30 
-33.00 -38.00 4.34 
-32.00 -38.00 4.38 
-31.00 -38.00 4.42 
-30.00 -38.00 4.45 
-74.00 -37.00 3.76 
-73.00 -37.00 3.67 
-72.00 -37.00 3.58 
-71.00 -37.00 3.57 
-70.00 -37.00 3.58 
-69.00 -37.00 3.59 
-68.00 -37.00 3.61 
-67.00 -37.00 3.64 
-66.00 -37.00 3.68 
-65.00 -37.00 3.73 
-64.00 -37.00 3.77 
-63.00 -37.00 3.73 
-62.00 -37.00 3.65 
-61.00 -37.00 3.61 
-60.00 -37.00 3.63 
-59.00 -37.00 3.57 
-58.00 -37.00 3.51 
-57.00 -37.00 3.46 
-56.00 -37.00 3.42 
-55.00 -37.00 3.38 
-54.00 -37.00 3.37 
-53.00 -37.00 3.47 
-52.00 -37.00 3.54 
-51.00 -37.00 3.54 
-50.00 -37.00 3.54 
-49.00 -37.00 3.56 
-48.00 -37.00 3.58 
-47.00 -37.00 3.63 
-46.00 -37.00 3.68 
-45.00 -37.00 3.71 
-44.00 -37.00 3.76 
-43.00 -37.00 3.82 
-42.00 -37.00 3.89 
-41.00 -37.00 3.95 
-40.00 -37.00 4.00 
-39.00 -37.00 4.04 
-38.00 -37.00 4.09 
-37.00 -37.00 4.13 
-36.00 -37.00 4.18 
-35.00 -37.00 4.22 
-34.00 -37.00 4.27 
-33.00 -37.00 4.31 
-32.00 -37.00 4.35 
-31.00 -37.00 4.38 
-30.00 -37.00 4.41 
-74.00 -36.00 3.78 
-73.00 -36.00 3.70 
-72.00 -36.00 3.61 
-71.00 -36.00 3.51 
-70.00 -36.00 3.44 
-69.00 -36.00 3.46 
-68.00 -36.00 3.49 
-67.00 -36.00 3.53 
-66.00 -36.00 3.58 
-65.00 -36.00 3.63 
-64.00 -36.00 3.69 
-63.00 -36.00 3.68 
-62.00 -36.00 3.60 
-61.00 -36.00 3.62 
-60.00 -36.00 3.54 
-59.00 -36.00 3.47 
-58.00 -36.00 3.39 
-57.00 -36.00 3.32 
-56.00 -36.00 3.27 
-55.00 -36.00 3.28 
-54.00 -36.00 3.40 
-53.00 -36.00 3.43 
-52.00 -36.00 3.41 
-51.00 -36.00 3.40 
-50.00 -36.00 3.40 
-49.00 -36.00 3.42 
-48.00 -36.00 3.46 
-47.00 -36.00 3.54 
-46.00 -36.00 3.57 
-45.00 -36.00 3.62 
-44.00 -36.00 3.70 
-43.00 -36.00 3.78 
-42.00 -36.00 3.84 
-41.00 -36.00 3.89 
-40.00 -36.00 3.94 
-39.00 -36.00 3.99 
-38.00 -36.00 4.04 
-37.00 -36.00 4.09 
-36.00 -36.00 4.15 
-35.00 -36.00 4.20 
-34.00 -36.00 4.25 
-33.00 -36.00 4.27 
-32.00 -36.00 4.30 
-31.00 -36.00 4.33 
-30.00 -36.00 4.37 
-74.00 -35.00 3.81 
-73.00 -35.00 3.73 
-72.00 -35.00 3.65 
-71.00 -35.00 3.56 
-70.00 -35.00 3.46 
-69.00 -35.00 3.36 
-68.00 -35.00 3.35 
-67.00 -35.00 3.41 
-66.00 -35.00 3.47 
-65.00 -35.00 3.54 
-64.00 -35.00 3.61 
-63.00 -35.00 3.63 
-62.00 -35.00 3.63 
-61.00 -35.00 3.54 
-60.00 -35.00 3.45 
-59.00 -35.00 3.36 
-58.00 -35.00 3.27 
-57.00 -35.00 3.18 
-56.00 -35.00 3.24 
-55.00 -35.00 3.35 
-54.00 -35.00 3.33 
-53.00 -35.00 3.28 
-52.00 -35.00 3.25 
-51.00 -35.00 3.23 
-50.00 -35.00 3.24 
-49.00 -35.00 3.27 
-48.00 -35.00 3.36 
-47.00 -35.00 3.40 
-46.00 -35.00 3.46 
-45.00 -35.00 3.56 
-44.00 -35.00 3.66 
-43.00 -35.00 3.71 
-42.00 -35.00 3.77 
-41.00 -35.00 3.82 
-40.00 -35.00 3.88 
-39.00 -35.00 3.94 
-38.00 -35.00 4.00 
-37.00 -35.00 4.06 
-36.00 -35.00 4.12 
-35.00 -35.00 4.16 
-34.00 -35.00 4.19 
-33.00 -35.00 4.22 
-32.00 -35.00 4.26 
-31.00 -35.00 4.30 
-30.00 -35.00 4.34 
-74.00 -34.00 3.85 
-73.00 -34.00 3.78 
-72.00 -34.00 3.70 
-71.00 -34.00 3.62 
-70.00 -34.00 3.53 
-69.00 -34.00 3.44 
-68.00 -34.00 3.45 
-67.00 -34.00 3.48 
-66.00 -34.00 3.53 
-65.00 -34.00 3.58 
-64.00 -34.00 3.64 
-63.00 -34.00 3.61 
-62.00 -34.00 3.57 
-61.00 -34.00 3.48 
-60.00 -34.00 3.37 
-59.00 -34.00 3.26 
-58.00 -34.00 3.14 
-57.00 -34.00 3.24 
-56.00 -34.00 3.34 
-55.00 -34.00 3.27 
-54.00 -34.00 3.18 
-53.00 -34.00 3.11 
-52.00 -34.00 3.06 
-51.00 -34.00 3.04 
-50.00 -34.00 3.05 
-49.00 -34.00 3.14 
-48.00 -34.00 3.21 
-47.00 -34.00 3.29 
-46.00 -34.00 3.41 
-45.00 -34.00 3.50 
-44.00 -34.00 3.56 
-43.00 -34.00 3.62 
-42.00 -34.00 3.69 
-41.00 -34.00 3.76 
-40.00 -34.00 3.83 
-39.00 -34.00 3.90 
-38.00 -34.00 3.97 
-37.00 -34.00 4.04 
-36.00 -34.00 4.07 
-35.00 -34.00 4.10 
-34.00 -34.00 4.14 
-33.00 -34.00 4.18 
-32.00 -34.00 4.22 
-31.00 -34.00 4.26 
-30.00 -34.00 4.29 
-74.00 -33.00 3.89 
-73.00 -33.00 3.83 
-72.00 -33.00 3.76 
-71.00 -33.00 3.68 
-70.00 -33.00 3.61 
-69.00 -33.00 3.55 
-68.00 -33.00 3.57 
-67.00 -33.00 3.60 
-66.00 -33.00 3.64 
-65.00 -33.00 3.68 
-64.00 -33.00 3.67 
-63.00 -33.00 3.58 
-62.00 -33.00 3.53 
-61.00 -33.00 3.42 
-60.00 -33.00 3.30 
-59.00 -33.00 3.22 
-58.00 -33.00 3.29 
-57.00 -33.00 3.36 
-56.00 -33.00 3.24 
-55.00 -33.00 3.13 
-54.00 -33.00 3.02 
-53.00 -33.00 2.91 
-52.00 -33.00 2.84 
-51.00 -33.00 2.80 
-50.00 -33.00 2.85 
-49.00 -33.00 2.99 
-48.00 -33.00 3.09 
-47.00 -33.00 3.25 
-46.00 -33.00 3.32 
-45.00 -33.00 3.38 
-44.00 -33.00 3.45 
-43.00 -33.00 3.53 
-42.00 -33.00 3.63 
-41.00 -33.00 3.71 
-40.00 -33.00 3.80 
-39.00 -33.00 3.87 
-38.00 -33.00 3.93 
-37.00 -33.00 3.97 
-36.00 -33.00 4.00 
-35.00 -33.00 4.05 
-34.00 -33.00 4.09 
-33.00 -33.00 4.13 
-32.00 -33.00 4.18 
-31.00 -33.00 4.21 
-30.00 -33.00 4.24 
-74.00 -32.00 3.84 
-73.00 -32.00 3.81 
-72.00 -32.00 3.78 
-71.00 -32.00 3.75 
-70.00 -32.00 3.69 
-69.00 -32.00 3.67 
-68.00 -32.00 3.69 
-67.00 -32.00 3.71 
-66.00 -32.00 3.74 
-65.00 -32.00 3.67 
-64.00 -32.00 3.59 
-63.00 -32.00 3.51 
-62.00 -32.00 3.46 
-61.00 -32.00 3.37 
-60.00 -32.00 3.31 
-59.00 -32.00 3.26 
-58.00 -32.00 3.24 
-57.00 -32.00 3.23 
-56.00 -32.00 3.14 
-55.00 -32.00 2.99 
-54.00 -32.00 2.84 
-53.00 -32.00 2.68 
-52.00 -32.00 2.55 
-51.00 -32.00 2.49 
-50.00 -32.00 2.70 
-49.00 -32.00 2.87 
-48.00 -32.00 3.04 
-47.00 -32.00 3.09 
-46.00 -32.00 3.16 
-45.00 -32.00 3.25 
-44.00 -32.00 3.36 
-43.00 -32.00 3.48 
-42.00 -32.00 3.58 
-41.00 -32.00 3.68 
-40.00 -32.00 3.77 
-39.00 -32.00 3.81 
-38.00 -32.00 3.86 
-37.00 -32.00 3.90 
-36.00 -32.00 3.94 
-35.00 -32.00 3.99 
-34.00 -32.00 4.04 
-33.00 -32.00 4.08 
-32.00 -32.00 4.12 
-31.00 -32.00 4.16 
-30.00 -32.00 4.20 
-74.00 -31.00 3.81 
-73.00 -31.00 3.79 
-72.00 -31.00 3.78 
-71.00 -31.00 3.77 
-70.00 -31.00 3.76 
-69.00 -31.00 3.71 
-68.00 -31.00 3.65 
-67.00 -31.00 3.64 
-66.00 -31.00 3.67 
-65.00 -31.00 3.60 
-64.00 -31.00 3.51 
-63.00 -31.00 3.46 
-62.00 -31.00 3.47 
-61.00 -31.00 3.36 
-60.00 -31.00 3.22 
-59.00 -31.00 3.08 
-58.00 -31.00 3.05 
-57.00 -31.00 3.04 
-56.00 -31.00 3.06 
-55.00 -31.00 2.87 
-54.00 -31.00 2.66 
-53.00 -31.00 2.42 
-52.00 -31.00 2.17 
-51.00 -31.00 2.37 
-50.00 -31.00 2.61 
-49.00 -31.00 2.78 
-48.00 -31.00 2.81 
-47.00 -31.00 2.89 
-46.00 -31.00 3.01 
-45.00 -31.00 3.17 
-44.00 -31.00 3.31 
-43.00 -31.00 3.44 
-42.00 -31.00 3.55 
-41.00 -31.00 3.64 
-40.00 -31.00 3.68 
-39.00 -31.00 3.74 
-38.00 -31.00 3.77 
-37.00 -31.00 3.82 
-36.00 -31.00 3.87 
-35.00 -31.00 3.93 
-34.00 -31.00 3.98 
-33.00 -31.00 4.02 
-32.00 -31.00 4.06 
-31.00 -31.00 4.10 
-30.00 -31.00 4.15 
-74.00 -30.00 3.90 
-73.00 -30.00 3.89 
-72.00 -30.00 3.87 
-71.00 -30.00 3.87 
-70.00 -30.00 3.84 
-69.00 -30.00 3.79 
-68.00 -30.00 3.74 
-67.00 -30.00 3.70 
-66.00 -30.00 3.63 
-65.00 -30.00 3.60 
-64.00 -30.00 3.60 
-63.00 -30.00 3.59 
-62.00 -30.00 3.50 
-61.00 -30.00 3.38 
-60.00 -30.00 3.24 
-59.00 -30.00 3.09 
-58.00 -30.00 2.91 
-57.00 -30.00 2.80 
-56.00 -30.00 2.85 
-55.00 -30.00 2.80 
-54.00 -30.00 2.53 
-53.00 -30.00 2.18 
-52.00 -30.00 2.31 
-51.00 -30.00 2.29 
-50.00 -30.00 2.51 
-49.00 -30.00 2.45 
-48.00 -30.00 2.51 
-47.00 -30.00 2.73 
-46.00 -30.00 2.95 
-45.00 -30.00 3.13 
-44.00 -30.00 3.29 
-43.00 -30.00 3.42 
-42.00 -30.00 3.48 
-41.00 -30.00 3.53 
-40.00 -30.00 3.59 
-39.00 -30.00 3.64 
-38.00 -30.00 3.68 
-37.00 -30.00 3.74 
-36.00 -30.00 3.81 
-35.00 -30.00 3.87 
-34.00 -30.00 3.91 
-33.00 -30.00 3.95 
-32.00 -30.00 4.00 
-31.00 -30.00 4.05 
-30.00 -30.00 4.11 
-74.00 -29.00 3.99 
-73.00 -29.00 3.97 
-72.00 -29.00 3.96 
-71.00 -29.00 3.96 
-70.00 -29.00 3.92 
-69.00 -29.00 3.86 
-68.00 -29.00 3.78 
-67.00 -29.00 3.69 
-66.00 -29.00 3.59 
-65.00 -29.00 3.48 
-64.00 -29.00 3.55 
-63.00 -29.00 3.61 
-62.00 -29.00 3.53 
-61.00 -29.00 3.43 
-60.00 -29.00 3.31 
-59.00 -29.00 3.18 
-58.00 -29.00 3.04 
-57.00 -29.00 2.88 
-56.00 -29.00 2.73 
-55.00 -29.00 2.62 
-54.00 -29.00 2.51 
-53.00 -29.00 2.15 
-52.00 -29.00 2.19 
-51.00 -29.00 2.20 
-50.00 -29.00 2.10 
-49.00 -29.00 2.00 
-48.00 -29.00 2.42 
-47.00 -29.00 2.71 
-46.00 -29.00 2.94 
-45.00 -29.00 3.11 
-44.00 -29.00 3.21 
-43.00 -29.00 3.29 
-42.00 -29.00 3.35 
-41.00 -29.00 3.44 
-40.00 -29.00 3.49 
-39.00 -29.00 3.52 
-38.00 -29.00 3.59 
-37.00 -29.00 3.67 
-36.00 -29.00 3.74 
-35.00 -29.00 3.78 
-34.00 -29.00 3.83 
-33.00 -29.00 3.89 
-32.00 -29.00 3.95 
-31.00 -29.00 4.01 
-30.00 -29.00 4.07 
-74.00 -28.00 4.05 
-73.00 -28.00 4.03 
-72.00 -28.00 4.00 
-71.00 -28.00 3.98 
-70.00 -28.00 3.93 
-69.00 -28.00 3.85 
-68.00 -28.00 3.76 
-67.00 -28.00 3.67 
-66.00 -28.00 3.56 
-65.00 -28.00 3.45 
-64.00 -28.00 3.44 
-63.00 -28.00 3.52 
-62.00 -28.00 3.55 
-61.00 -28.00 3.50 
-60.00 -28.00 3.39 
-59.00 -28.00 3.28 
-58.00 -28.00 3.16 
-57.00 -28.00 2.97 
-56.00 -28.00 2.75 
-55.00 -28.00 2.54 
-54.00 -28.00 2.62 
-53.00 -28.00 2.43 
-52.00 -28.00 2.45 
-51.00 -28.00 2.05 
-50.00 -28.00 1.91 
-49.00 -28.00 2.24 
-48.00 -28.00 2.54 
-47.00 -28.00 2.67 
-46.00 -28.00 2.81 
-45.00 -28.00 2.94 
-44.00 -28.00 3.05 
-43.00 -28.00 3.15 
-42.00 -28.00 3.24 
-41.00 -28.00 3.30 
-40.00 -28.00 3.35 
-39.00 -28.00 3.42 
-38.00 -28.00 3.50 
-37.00 -28.00 3.59 
-36.00 -28.00 3.64 
-35.00 -28.00 3.70 
-34.00 -28.00 3.76 
-33.00 -28.00 3.83 
-32.00 -28.00 3.90 
-31.00 -28.00 3.97 
-30.00 -28.00 4.03 
-74.00 -27.00 3.98 
-73.00 -27.00 3.95 
-72.00 -27.00 3.92 
-71.00 -27.00 3.90 
-70.00 -27.00 3.88 
-69.00 -27.00 3.84 
-68.00 -27.00 3.75 
-67.00 -27.00 3.66 
-66.00 -27.00 3.55 
-65.00 -27.00 3.43 
-64.00 -27.00 3.33 
-63.00 -27.00 3.45 
-62.00 -27.00 3.57 
-61.00 -27.00 3.56 
-60.00 -27.00 3.44 
-59.00 -27.00 3.31 
-58.00 -27.00 3.16 
-57.00 -27.00 3.04 
-56.00 -27.00 2.92 
-55.00 -27.00 2.75 
-54.00 -27.00 2.61 
-53.00 -27.00 2.59 
-52.00 -27.00 2.42 
-51.00 -27.00 2.31 
-50.00 -27.00 2.14 
-49.00 -27.00 2.01 
-48.00 -27.00 2.14 
-47.00 -27.00 2.38 
-46.00 -27.00 2.58 
-45.00 -27.00 2.78 
-44.00 -27.00 2.89 
-43.00 -27.00 2.97 
-42.00 -27.00 3.09 
-41.00 -27.00 3.15 
-40.00 -27.00 3.20 
-39.00 -27.00 3.31 
-38.00 -27.00 3.41 
-37.00 -27.00 3.48 
-36.00 -27.00 3.54 
-35.00 -27.00 3.61 
-34.00 -27.00 3.70 
-33.00 -27.00 3.78 
-32.00 -27.00 3.86 
-31.00 -27.00 3.93 
-30.00 -27.00 4.00 
-74.00 -26.00 3.91 
-73.00 -26.00 3.87 
-72.00 -26.00 3.83 
-71.00 -26.00 3.81 
-70.00 -26.00 3.79 
-69.00 -26.00 3.77 
-68.00 -26.00 3.76 
-67.00 -26.00 3.66 
-66.00 -26.00 3.55 
-65.00 -26.00 3.43 
-64.00 -26.00 3.39 
-63.00 -26.00 3.51 
-62.00 -26.00 3.58 
-61.00 -26.00 3.57 
-60.00 -26.00 3.46 
-59.00 -26.00 3.34 
-58.00 -26.00 3.20 
-57.00 -26.00 3.03 
-56.00 -26.00 2.83 
-55.00 -26.00 2.58 
-54.00 -26.00 2.60 
-53.00 -26.00 2.67 
-52.00 -26.00 2.52 
-51.00 -26.00 2.15 
-50.00 -26.00 2.23 
-49.00 -26.00 1.86 
-48.00 -26.00 2.01 
-47.00 -26.00 2.16 
-46.00 -26.00 2.48 
-45.00 -26.00 2.50 
-44.00 -26.00 2.64 
-43.00 -26.00 2.77 
-42.00 -26.00 2.87 
-41.00 -26.00 2.94 
-40.00 -26.00 3.06 
-39.00 -26.00 3.20 
-38.00 -26.00 3.28 
-37.00 -26.00 3.35 
-36.00 -26.00 3.44 
-35.00 -26.00 3.55 
-34.00 -26.00 3.65 
-33.00 -26.00 3.74 
-32.00 -26.00 3.82 
-31.00 -26.00 3.89 
-30.00 -26.00 3.95 
-74.00 -25.00 3.83 
-73.00 -25.00 3.78 
-72.00 -25.00 3.74 
-71.00 -25.00 3.71 
-70.00 -25.00 3.68 
-69.00 -25.00 3.66 
-68.00 -25.00 3.66 
-67.00 -25.00 3.67 
-66.00 -25.00 3.57 
-65.00 -25.00 3.45 
-64.00 -25.00 3.47 
-63.00 -25.00 3.57 
-62.00 -25.00 3.49 
-61.00 -25.00 3.53 
-60.00 -25.00 3.45 
-59.00 -25.00 3.32 
-58.00 -25.00 3.18 
-57.00 -25.00 3.01 
-56.00 -25.00 2.83 
-55.00 -25.00 2.63 
-54.00 -25.00 2.53 
-53.00 -25.00 2.36 
-52.00 -25.00 2.32 
-51.00 -25.00 2.25 
-50.00 -25.00 2.05 
-49.00 -25.00 2.04 
-48.00 -25.00 1.47 
-47.00 -25.00 1.88 
-46.00 -25.00 2.11 
-45.00 -25.00 2.28 
-44.00 -25.00 2.30 
-43.00 -25.00 2.51 
-42.00 -25.00 2.60 
-41.00 -25.00 2.74 
-40.00 -25.00 2.92 
-39.00 -25.00 3.04 
-38.00 -25.00 3.12 
-37.00 -25.00 3.24 
-36.00 -25.00 3.37 
-35.00 -25.00 3.49 
-34.00 -25.00 3.60 
-33.00 -25.00 3.68 
-32.00 -25.00 3.76 
-31.00 -25.00 3.84 
-30.00 -25.00 3.91 
-74.00 -24.00 3.74 
-73.00 -24.00 3.69 
-72.00 -24.00 3.64 
-71.00 -24.00 3.60 
-70.00 -24.00 3.56 
-69.00 -24.00 3.54 
-68.00 -24.00 3.54 
-67.00 -24.00 3.55 
-66.00 -24.00 3.57 
-65.00 -24.00 3.49 
-64.00 -24.00 3.55 
-63.00 -24.00 3.53 
-62.00 -24.00 3.42 
-61.00 -24.00 3.50 
-60.00 -24.00 3.42 
-59.00 -24.00 3.28 
-58.00 -24.00 3.12 
-57.00 -24.00 2.93 
-56.00 -24.00 2.76 
-55.00 -24.00 2.64 
-54.00 -24.00 2.74 
-53.00 -24.00 2.55 
-52.00 -24.00 2.34 
-51.00 -24.00 2.15 
-50.00 -24.00 2.14 
-49.00 -24.00 1.78 
-48.00 -24.00 1.30 
-47.00 -24.00 1.50 
-46.00 -24.00 1.68 
-45.00 -24.00 1.89 
-44.00 -24.00 1.98 
-43.00 -24.00 2.19 
-42.00 -24.00 2.27 
-41.00 -24.00 2.54 
-40.00 -24.00 2.74 
-39.00 -24.00 2.82 
-38.00 -24.00 2.99 
-37.00 -24.00 3.17 
-36.00 -24.00 3.32 
-35.00 -24.00 3.42 
-34.00 -24.00 3.52 
-33.00 -24.00 3.61 
-32.00 -24.00 3.71 
-31.00 -24.00 3.80 
-30.00 -24.00 3.89 
-74.00 -23.00 3.66 
-73.00 -23.00 3.59 
-72.00 -23.00 3.53 
-71.00 -23.00 3.48 
-70.00 -23.00 3.43 
-69.00 -23.00 3.41 
-68.00 -23.00 3.40 
-67.00 -23.00 3.42 
-66.00 -23.00 3.49 
-65.00 -23.00 3.54 
-64.00 -23.00 3.54 
-63.00 -23.00 3.48 
-62.00 -23.00 3.35 
-61.00 -23.00 3.48 
-60.00 -23.00 3.41 
-59.00 -23.00 3.27 
-58.00 -23.00 3.10 
-57.00 -23.00 2.89 
-56.00 -23.00 2.76 
-55.00 -23.00 2.66 
-54.00 -23.00 2.56 
-53.00 -23.00 2.25 
-52.00 -23.00 2.04 
-51.00 -23.00 1.92 
-50.00 -23.00 2.35 
-49.00 -23.00 1.94 
-48.00 -23.00 1.45 
-47.00 -23.00 1.22 
-46.00 -23.00 1.38 
-45.00 -23.00 1.46 
-44.00 -23.00 1.60 
-43.00 -23.00 1.58 
-42.00 -23.00 1.91 
-41.00 -23.00 2.36 
-40.00 -23.00 2.40 
-39.00 -23.00 2.68 
-38.00 -23.00 2.92 
-37.00 -23.00 3.08 
-36.00 -23.00 3.20 
-35.00 -23.00 3.33 
-34.00 -23.00 3.47 
-33.00 -23.00 3.59 
-32.00 -23.00 3.69 
-31.00 -23.00 3.79 
-30.00 -23.00 3.88 
-74.00 -22.00 3.57 
-73.00 -22.00 3.49 
-72.00 -22.00 3.46 
-71.00 -22.00 3.44 
-70.00 -22.00 3.45 
-69.00 -22.00 3.47 
-68.00 -22.00 3.50 
-67.00 -22.00 3.55 
-66.00 -22.00 3.60 
-65.00 -22.00 3.60 
-64.00 -22.00 3.51 
-63.00 -22.00 3.44 
-62.00 -22.00 3.36 
-61.00 -22.00 3.41 
-60.00 -22.00 3.38 
-59.00 -22.00 3.28 
-58.00 -22.00 3.11 
-57.00 -22.00 2.96 
-56.00 -22.00 2.98 
-55.00 -22.00 2.75 
-54.00 -22.00 2.44 
-53.00 -22.00 2.54 
-52.00 -22.00 2.46 
-51.00 -22.00 2.13 
-50.00 -22.00 2.00 
-49.00 -22.00 1.86 
-48.00 -22.00 1.82 
-47.00 -22.00 1.99 
-46.00 -22.00 1.89 
-45.00 -22.00 1.79 
-44.00 -22.00 1.70 
-43.00 -22.00 1.72 
-42.00 -22.00 1.81 
-41.00 -22.00 1.84 
-40.00 -22.00 2.29 
-39.00 -22.00 2.59 
-38.00 -22.00 2.75 
-37.00 -22.00 2.96 
-36.00 -22.00 3.16 
-35.00 -22.00 3.32 
-34.00 -22.00 3.46 
-33.00 -22.00 3.58 
-32.00 -22.00 3.68 
-31.00 -22.00 3.77 
-30.00 -22.00 3.86 
-74.00 -21.00 3.64 
-73.00 -21.00 3.61 
-72.00 -21.00 3.59 
-71.00 -21.00 3.58 
-70.00 -21.00 3.58 
-69.00 -21.00 3.60 
-68.00 -21.00 3.62 
-67.00 -21.00 3.66 
-66.00 -21.00 3.64 
-65.00 -21.00 3.56 
-64.00 -21.00 3.47 
-63.00 -21.00 3.41 
-62.00 -21.00 3.39 
-61.00 -21.00 3.34 
-60.00 -21.00 3.27 
-59.00 -21.00 3.21 
-58.00 -21.00 3.18 
-57.00 -21.00 3.15 
-56.00 -21.00 2.99 
-55.00 -21.00 2.76 
-54.00 -21.00 2.46 
-53.00 -21.00 2.44 
-52.00 -21.00 2.20 
-51.00 -21.00 2.33 
-50.00 -21.00 1.82 
-49.00 -21.00 2.18 
-48.00 -21.00 2.30 
-47.00 -21.00 2.19 
-46.00 -21.00 2.28 
-45.00 -21.00 2.24 
-44.00 -21.00 2.12 
-43.00 -21.00 1.90 
-42.00 -21.00 1.72 
-41.00 -21.00 2.01 
-40.00 -21.00 2.06 
-39.00 -21.00 2.46 
-38.00 -21.00 2.73 
-37.00 -21.00 2.94 
-36.00 -21.00 3.12 
-35.00 -21.00 3.27 
-34.00 -21.00 3.41 
-33.00 -21.00 3.54 
-32.00 -21.00 3.65 
-31.00 -21.00 3.75 
-30.00 -21.00 3.84 
-74.00 -20.00 3.63 
-73.00 -20.00 3.67 
-72.00 -20.00 3.70 
-71.00 -20.00 3.69 
-70.00 -20.00 3.70 
-69.00 -20.00 3.71 
-68.00 -20.00 3.73 
-67.00 -20.00 3.67 
-66.00 -20.00 3.57 
-65.00 -20.00 3.47 
-64.00 -20.00 3.37 
-63.00 -20.00 3.31 
-62.00 -20.00 3.43 
-61.00 -20.00 3.37 
-60.00 -20.00 3.25 
-59.00 -20.00 3.14 
-58.00 -20.00 3.04 
-57.00 -20.00 3.09 
-56.00 -20.00 2.93 
-55.00 -20.00 2.84 
-54.00 -20.00 2.62 
-53.00 -20.00 2.44 
-52.00 -20.00 2.55 
-51.00 -20.00 2.43 
-50.00 -20.00 2.19 
-49.00 -20.00 2.26 
-48.00 -20.00 2.30 
-47.00 -20.00 2.34 
-46.00 -20.00 2.52 
-45.00 -20.00 2.49 
-44.00 -20.00 2.35 
-43.00 -20.00 2.26 
-42.00 -20.00 1.97 
-41.00 -20.00 1.66 
-40.00 -20.00 1.85 
-39.00 -20.00 2.24 
-38.00 -20.00 2.57 
-37.00 -20.00 2.84 
-36.00 -20.00 3.05 
-35.00 -20.00 3.23 
-34.00 -20.00 3.38 
-33.00 -20.00 3.51 
-32.00 -20.00 3.63 
-31.00 -20.00 3.73 
-30.00 -20.00 3.83 
-74.00 -19.00 3.51 
-73.00 -19.00 3.57 
-72.00 -19.00 3.63 
-71.00 -19.00 3.69 
-70.00 -19.00 3.76 
-69.00 -19.00 3.75 
-68.00 -19.00 3.71 
-67.00 -19.00 3.61 
-66.00 -19.00 3.51 
-65.00 -19.00 3.39 
-64.00 -19.00 3.26 
-63.00 -19.00 3.38 
-62.00 -19.00 3.34 
-61.00 -19.00 3.28 
-60.00 -19.00 3.13 
-59.00 -19.00 2.98 
-58.00 -19.00 2.83 
-57.00 -19.00 2.91 
-56.00 -19.00 3.03 
-55.00 -19.00 2.97 
-54.00 -19.00 2.75 
-53.00 -19.00 2.62 
-52.00 -19.00 2.69 
-51.00 -19.00 2.54 
-50.00 -19.00 2.41 
-49.00 -19.00 2.25 
-48.00 -19.00 2.35 
-47.00 -19.00 2.56 
-46.00 -19.00 2.34 
-45.00 -19.00 2.66 
-44.00 -19.00 2.48 
-43.00 -19.00 2.21 
-42.00 -19.00 1.94 
-41.00 -19.00 1.07 
-40.00 -19.00 1.65 
-39.00 -19.00 2.23 
-38.00 -19.00 2.61 
-37.00 -19.00 2.85 
-36.00 -19.00 3.05 
-35.00 -19.00 3.22 
-34.00 -19.00 3.37 
-33.00 -19.00 3.50 
-32.00 -19.00 3.62 
-31.00 -19.00 3.73 
-30.00 -19.00 3.82 
-74.00 -18.00 3.39 
-73.00 -18.00 3.45 
-72.00 -18.00 3.53 
-71.00 -18.00 3.61 
-70.00 -18.00 3.69 
-69.00 -18.00 3.65 
-68.00 -18.00 3.62 
-67.00 -18.00 3.57 
-66.00 -18.00 3.45 
-65.00 -18.00 3.32 
-64.00 -18.00 3.33 
-63.00 -18.00 3.24 
-62.00 -18.00 3.31 
-61.00 -18.00 3.20 
-60.00 -18.00 3.06 
-59.00 -18.00 2.88 
-58.00 -18.00 2.69 
-57.00 -18.00 2.68 
-56.00 -18.00 2.87 
-55.00 -18.00 2.84 
-54.00 -18.00 2.63 
-53.00 -18.00 2.70 
-52.00 -18.00 2.78 
-51.00 -18.00 2.47 
-50.00 -18.00 2.55 
-49.00 -18.00 2.43 
-48.00 -18.00 2.53 
-47.00 -18.00 2.66 
-46.00 -18.00 2.61 
-45.00 -18.00 2.60 
-44.00 -18.00 2.58 
-43.00 -18.00 2.29 
-42.00 -18.00 1.97 
-41.00 -18.00 1.86 
-40.00 -18.00 1.81 
-39.00 -18.00 2.28 
-38.00 -18.00 2.63 
-37.00 -18.00 2.85 
-36.00 -18.00 3.04 
-35.00 -18.00 3.22 
-34.00 -18.00 3.38 
-33.00 -18.00 3.51 
-32.00 -18.00 3.63 
-31.00 -18.00 3.73 
-30.00 -18.00 3.81 
-74.00 -17.00 3.49 
-73.00 -17.00 3.41 
-72.00 -17.00 3.42 
-71.00 -17.00 3.52 
-70.00 -17.00 3.58 
-69.00 -17.00 3.53 
-68.00 -17.00 3.50 
-67.00 -17.00 3.47 
-66.00 -17.00 3.41 
-65.00 -17.00 3.31 
-64.00 -17.00 3.19 
-63.00 -17.00 3.10 
-62.00 -17.00 3.27 
-61.00 -17.00 3.15 
-60.00 -17.00 2.95 
-59.00 -17.00 2.93 
-58.00 -17.00 2.91 
-57.00 -17.00 2.80 
-56.00 -17.00 2.75 
-55.00 -17.00 2.76 
-54.00 -17.00 2.84 
-53.00 -17.00 2.80 
-52.00 -17.00 2.81 
-51.00 -17.00 2.54 
-50.00 -17.00 2.35 
-49.00 -17.00 2.59 
-48.00 -17.00 2.75 
-47.00 -17.00 2.67 
-46.00 -17.00 2.43 
-45.00 -17.00 2.66 
-44.00 -17.00 2.65 
-43.00 -17.00 2.38 
-42.00 -17.00 2.26 
-41.00 -17.00 2.37 
-40.00 -17.00 2.26 
-39.00 -17.00 2.48 
-38.00 -17.00 2.68 
-37.00 -17.00 2.91 
-36.00 -17.00 3.06 
-35.00 -17.00 3.22 
-34.00 -17.00 3.37 
-33.00 -17.00 3.50 
-32.00 -17.00 3.60 
-31.00 -17.00 3.68 
-30.00 -17.00 3.76 
-74.00 -16.00 3.60 
-73.00 -16.00 3.53 
-72.00 -16.00 3.47 
-71.00 -16.00 3.43 
-70.00 -16.00 3.47 
-69.00 -16.00 3.41 
-68.00 -16.00 3.39 
-67.00 -16.00 3.42 
-66.00 -16.00 3.35 
-65.00 -16.00 3.23 
-64.00 -16.00 3.06 
-63.00 -16.00 3.09 
-62.00 -16.00 3.27 
-61.00 -16.00 3.13 
-60.00 -16.00 2.92 
-59.00 -16.00 2.68 
-58.00 -16.00 2.81 
-57.00 -16.00 2.97 
-56.00 -16.00 2.89 
-55.00 -16.00 2.89 
-54.00 -16.00 3.06 
-53.00 -16.00 2.97 
-52.00 -16.00 2.85 
-51.00 -16.00 2.70 
-50.00 -16.00 2.46 
-49.00 -16.00 2.50 
-48.00 -16.00 2.80 
-47.00 -16.00 2.51 
-46.00 -16.00 2.56 
-45.00 -16.00 2.57 
-44.00 -16.00 2.80 
-43.00 -16.00 2.66 
-42.00 -16.00 2.52 
-41.00 -16.00 2.49 
-40.00 -16.00 2.57 
-39.00 -16.00 2.70 
-38.00 -16.00 2.78 
-37.00 -16.00 2.89 
-36.00 -16.00 3.02 
-35.00 -16.00 3.16 
-34.00 -16.00 3.30 
-33.00 -16.00 3.42 
-32.00 -16.00 3.52 
-31.00 -16.00 3.61 
-30.00 -16.00 3.70 
-74.00 -15.00 3.50 
-73.00 -15.00 3.48 
-72.00 -15.00 3.48 
-71.00 -15.00 3.44 
-70.00 -15.00 3.48 
-69.00 -15.00 3.53 
-68.00 -15.00 3.53 
-67.00 -15.00 3.43 
-66.00 -15.00 3.29 
-65.00 -15.00 3.17 
-64.00 -15.00 3.05 
-63.00 -15.00 3.13 
-62.00 -15.00 3.30 
-61.00 -15.00 3.14 
-60.00 -15.00 2.94 
-59.00 -15.00 2.69 
-58.00 -15.00 2.58 
-57.00 -15.00 2.72 
-56.00 -15.00 2.74 
-55.00 -15.00 2.83 
-54.00 -15.00 2.89 
-53.00 -15.00 2.74 
-52.00 -15.00 2.80 
-51.00 -15.00 2.61 
-50.00 -15.00 2.68 
-49.00 -15.00 2.59 
-48.00 -15.00 2.59 
-47.00 -15.00 2.65 
-46.00 -15.00 2.53 
-45.00 -15.00 2.59 
-44.00 -15.00 2.70 
-43.00 -15.00 2.71 
-42.00 -15.00 2.48 
-41.00 -15.00 2.59 
-40.00 -15.00 2.43 
-39.00 -15.00 2.38 
-38.00 -15.00 2.48 
-37.00 -15.00 2.66 
-36.00 -15.00 2.86 
-35.00 -15.00 3.05 
-34.00 -15.00 3.21 
-33.00 -15.00 3.32 
-32.00 -15.00 3.45 
-31.00 -15.00 3.54 
-30.00 -15.00 3.65 
-74.00 -14.00 3.35 
-73.00 -14.00 3.33 
-72.00 -14.00 3.34 
-71.00 -14.00 3.33 
-70.00 -14.00 3.41 
-69.00 -14.00 3.48 
-68.00 -14.00 3.43 
-67.00 -14.00 3.33 
-66.00 -14.00 3.24 
-65.00 -14.00 3.06 
-64.00 -14.00 3.05 
-63.00 -14.00 3.12 
-62.00 -14.00 3.14 
-61.00 -14.00 3.07 
-60.00 -14.00 2.88 
-59.00 -14.00 2.68 
-58.00 -14.00 2.49 
-57.00 -14.00 2.42 
-56.00 -14.00 2.64 
-55.00 -14.00 2.67 
-54.00 -14.00 2.70 
-53.00 -14.00 2.67 
-52.00 -14.00 2.89 
-51.00 -14.00 2.67 
-50.00 -14.00 2.42 
-49.00 -14.00 2.60 
-48.00 -14.00 2.72 
-47.00 -14.00 2.45 
-46.00 -14.00 2.43 
-45.00 -14.00 2.70 
-44.00 -14.00 2.94 
-43.00 -14.00 2.70 
-42.00 -14.00 2.47 
-41.00 -14.00 2.31 
-40.00 -14.00 1.98 
-39.00 -14.00 1.85 
-38.00 -14.00 2.10 
-37.00 -14.00 2.43 
-36.00 -14.00 2.74 
-35.00 -14.00 2.98 
-34.00 -14.00 3.15 
-33.00 -14.00 3.24 
-32.00 -14.00 3.35 
-31.00 -14.00 3.48 
-30.00 -14.00 3.60 
-74.00 -13.00 3.38 
-73.00 -13.00 3.25 
-72.00 -13.00 3.17 
-71.00 -13.00 3.23 
-70.00 -13.00 3.27 
-69.00 -13.00 3.35 
-68.00 -13.00 3.33 
-67.00 -13.00 3.20 
-66.00 -13.00 3.09 
-65.00 -13.00 2.99 
-64.00 -13.00 2.92 
-63.00 -13.00 3.00 
-62.00 -13.00 2.94 
-61.00 -13.00 2.98 
-60.00 -13.00 2.75 
-59.00 -13.00 2.46 
-58.00 -13.00 2.49 
-57.00 -13.00 2.63 
-56.00 -13.00 2.57 
-55.00 -13.00 2.59 
-54.00 -13.00 2.60 
-53.00 -13.00 2.74 
-52.00 -13.00 2.81 
-51.00 -13.00 2.53 
-50.00 -13.00 2.67 
-49.00 -13.00 2.53 
-48.00 -13.00 2.62 
-47.00 -13.00 2.53 
-46.00 -13.00 2.46 
-45.00 -13.00 2.70 
-44.00 -13.00 2.95 
-43.00 -13.00 2.72 
-42.00 -13.00 2.52 
-41.00 -13.00 2.33 
-40.00 -13.00 2.19 
-39.00 -13.00 2.18 
-38.00 -13.00 2.20 
-37.00 -13.00 2.46 
-36.00 -13.00 2.70 
-35.00 -13.00 2.91 
-34.00 -13.00 2.99 
-33.00 -13.00 3.13 
-32.00 -13.00 3.29 
-31.00 -13.00 3.42 
-30.00 -13.00 3.52 
-74.00 -12.00 3.46 
-73.00 -12.00 3.35 
-72.00 -12.00 3.24 
-71.00 -12.00 3.14 
-70.00 -12.00 3.11 
-69.00 -12.00 3.22 
-68.00 -12.00 3.23 
-67.00 -12.00 3.07 
-66.00 -12.00 3.06 
-65.00 -12.00 3.06 
-64.00 -12.00 2.84 
-63.00 -12.00 2.84 
-62.00 -12.00 2.99 
-61.00 -12.00 2.86 
-60.00 -12.00 2.76 
-59.00 -12.00 2.70 
-58.00 -12.00 2.39 
-57.00 -12.00 2.68 
-56.00 -12.00 2.86 
-55.00 -12.00 2.79 
-54.00 -12.00 2.49 
-53.00 -12.00 2.80 
-52.00 -12.00 2.81 
-51.00 -12.00 2.83 
-50.00 -12.00 2.87 
-49.00 -12.00 2.73 
-48.00 -12.00 2.65 
-47.00 -12.00 2.66 
-46.00 -12.00 2.74 
-45.00 -12.00 2.67 
-44.00 -12.00 2.86 
-43.00 -12.00 2.70 
-42.00 -12.00 2.55 
-41.00 -12.00 2.29 
-40.00 -12.00 2.07 
-39.00 -12.00 2.00 
-38.00 -12.00 2.33 
-37.00 -12.00 2.39 
-36.00 -12.00 2.65 
-35.00 -12.00 2.70 
-34.00 -12.00 2.84 
-33.00 -12.00 3.07 
-32.00 -12.00 3.19 
-31.00 -12.00 3.32 
-30.00 -12.00 3.45 
-74.00 -11.00 3.54 
-73.00 -11.00 3.41 
-72.00 -11.00 3.26 
-71.00 -11.00 3.26 
-70.00 -11.00 3.22 
-69.00 -11.00 3.18 
-68.00 -11.00 3.16 
-67.00 -11.00 3.18 
-66.00 -11.00 3.23 
-65.00 -11.00 3.12 
-64.00 -11.00 2.93 
-63.00 -11.00 2.71 
-62.00 -11.00 2.96 
-61.00 -11.00 2.94 
-60.00 -11.00 2.82 
-59.00 -11.00 2.64 
-58.00 -11.00 2.56 
-57.00 -11.00 2.80 
-56.00 -11.00 2.88 
-55.00 -11.00 2.82 
-54.00 -11.00 2.54 
-53.00 -11.00 2.81 
-52.00 -11.00 2.83 
-51.00 -11.00 2.88 
-50.00 -11.00 2.66 
-49.00 -11.00 2.43 
-48.00 -11.00 2.70 
-47.00 -11.00 2.41 
-46.00 -11.00 2.47 
-45.00 -11.00 2.73 
-44.00 -11.00 2.90 
-43.00 -11.00 2.90 
-42.00 -11.00 2.66 
-41.00 -11.00 2.61 
-40.00 -11.00 2.27 
-39.00 -11.00 1.97 
-38.00 -11.00 2.18 
-37.00 -11.00 2.26 
-36.00 -11.00 2.40 
-35.00 -11.00 2.50 
-34.00 -11.00 2.72 
-33.00 -11.00 2.90 
-32.00 -11.00 3.07 
-31.00 -11.00 3.23 
-30.00 -11.00 3.38 
-74.00 -10.00 3.46 
-73.00 -10.00 3.38 
-72.00 -10.00 3.24 
-71.00 -10.00 3.27 
-70.00 -10.00 3.26 
-69.00 -10.00 3.26 
-68.00 -10.00 3.14 
-67.00 -10.00 3.30 
-66.00 -10.00 3.35 
-65.00 -10.00 3.21 
-64.00 -10.00 3.06 
-63.00 -10.00 2.89 
-62.00 -10.00 2.92 
-61.00 -10.00 3.00 
-60.00 -10.00 2.78 
-59.00 -10.00 2.68 
-58.00 -10.00 2.79 
-57.00 -10.00 2.71 
-56.00 -10.00 2.60 
-55.00 -10.00 2.59 
-54.00 -10.00 2.67 
-53.00 -10.00 2.82 
-52.00 -10.00 2.93 
-51.00 -10.00 2.76 
-50.00 -10.00 2.49 
-49.00 -10.00 2.59 
-48.00 -10.00 2.83 
-47.00 -10.00 2.65 
-46.00 -10.00 2.62 
-45.00 -10.00 2.85 
-44.00 -10.00 2.84 
-43.00 -10.00 3.01 
-42.00 -10.00 2.83 
-41.00 -10.00 2.64 
-40.00 -10.00 2.37 
-39.00 -10.00 1.94 
-38.00 -10.00 2.05 
-37.00 -10.00 1.81 
-36.00 -10.00 2.07 
-35.00 -10.00 2.21 
-34.00 -10.00 2.48 
-33.00 -10.00 2.74 
-32.00 -10.00 2.97 
-31.00 -10.00 3.16 
-30.00 -10.00 3.32 
-74.00 -9.00 3.34 
-73.00 -9.00 3.24 
-72.00 -9.00 3.22 
-71.00 -9.00 3.09 
-70.00 -9.00 3.07 
-69.00 -9.00 3.09 
-68.00 -9.00 3.07 
-67.00 -9.00 3.22 
-66.00 -9.00 3.32 
-65.00 -9.00 3.31 
-64.00 -9.00 3.19 
-63.00 -9.00 3.07 
-62.00 -9.00 2.96 
-61.00 -9.00 3.10 
-60.00 -9.00 2.92 
-59.00 -9.00 2.91 
-58.00 -9.00 2.68 
-57.00 -9.00 2.46 
-56.00 -9.00 2.49 
-55.00 -9.00 2.63 
-54.00 -9.00 2.82 
-53.00 -9.00 2.73 
-52.00 -9.00 2.85 
-51.00 -9.00 2.71 
-50.00 -9.00 2.67 
-49.00 -9.00 2.65 
-48.00 -9.00 2.71 
-47.00 -9.00 2.88 
-46.00 -9.00 2.84 
-45.00 -9.00 3.00 
-44.00 -9.00 2.93 
-43.00 -9.00 3.00 
-42.00 -9.00 2.86 
-41.00 -9.00 2.56 
-40.00 -9.00 2.21 
-39.00 -9.00 2.28 
-38.00 -9.00 2.10 
-37.00 -9.00 1.72 
-36.00 -9.00 1.42 
-35.00 -9.00 1.85 
-34.00 -9.00 2.35 
-33.00 -9.00 2.69 
-32.00 -9.00 2.92 
-31.00 -9.00 3.11 
-30.00 -9.00 3.29 
-74.00 -8.00 3.21 
-73.00 -8.00 3.20 
-72.00 -8.00 3.29 
-71.00 -8.00 3.12 
-70.00 -8.00 2.92 
-69.00 -8.00 2.86 
-68.00 -8.00 3.04 
-67.00 -8.00 3.06 
-66.00 -8.00 3.19 
-65.00 -8.00 3.32 
-64.00 -8.00 3.26 
-63.00 -8.00 3.18 
-62.00 -8.00 3.11 
-61.00 -8.00 3.11 
-60.00 -8.00 3.07 
-59.00 -8.00 2.94 
-58.00 -8.00 2.84 
-57.00 -8.00 2.78 
-56.00 -8.00 2.79 
-55.00 -8.00 2.81 
-54.00 -8.00 2.89 
-53.00 -8.00 2.88 
-52.00 -8.00 2.89 
-51.00 -8.00 2.88 
-50.00 -8.00 2.93 
-49.00 -8.00 2.92 
-48.00 -8.00 2.91 
-47.00 -8.00 2.96 
-46.00 -8.00 3.01 
-45.00 -8.00 3.12 
-44.00 -8.00 3.00 
-43.00 -8.00 2.93 
-42.00 -8.00 2.73 
-41.00 -8.00 2.58 
-40.00 -8.00 2.41 
-39.00 -8.00 2.25 
-38.00 -8.00 1.70 
-37.00 -8.00 1.93 
-36.00 -8.00 1.63 
-35.00 -8.00 1.97 
-34.00 -8.00 2.21 
-33.00 -8.00 2.59 
-32.00 -8.00 2.88 
-31.00 -8.00 3.10 
-30.00 -8.00 3.28 
-74.00 -7.00 3.24 
-73.00 -7.00 3.33 
-72.00 -7.00 3.35 
-71.00 -7.00 3.20 
-70.00 -7.00 3.04 
-69.00 -7.00 2.87 
-68.00 -7.00 3.05 
-67.00 -7.00 2.95 
-66.00 -7.00 3.07 
-65.00 -7.00 3.23 
-64.00 -7.00 3.12 
-63.00 -7.00 3.00 
-62.00 -7.00 3.11 
-61.00 -7.00 3.22 
-60.00 -7.00 3.02 
-59.00 -7.00 2.93 
-58.00 -7.00 2.99 
-57.00 -7.00 2.90 
-56.00 -7.00 2.85 
-55.00 -7.00 2.87 
-54.00 -7.00 2.94 
-53.00 -7.00 2.83 
-52.00 -7.00 3.01 
-51.00 -7.00 2.96 
-50.00 -7.00 3.11 
-49.00 -7.00 3.05 
-48.00 -7.00 3.03 
-47.00 -7.00 3.06 
-46.00 -7.00 3.00 
-45.00 -7.00 2.98 
-44.00 -7.00 2.91 
-43.00 -7.00 2.94 
-42.00 -7.00 2.67 
-41.00 -7.00 2.47 
-40.00 -7.00 2.55 
-39.00 -7.00 2.22 
-38.00 -7.00 1.92 
-37.00 -7.00 1.95 
-36.00 -7.00 1.66 
-35.00 -7.00 1.96 
-34.00 -7.00 2.30 
-33.00 -7.00 2.63 
-32.00 -7.00 2.90 
-31.00 -7.00 3.11 
-30.00 -7.00 3.28 
-74.00 -6.00 3.39 
-73.00 -6.00 3.45 
-72.00 -6.00 3.43 
-71.00 -6.00 3.30 
-70.00 -6.00 3.17 
-69.00 -6.00 3.05 
-68.00 -6.00 3.10 
-67.00 -6.00 3.07 
-66.00 -6.00 2.95 
-65.00 -6.00 3.14 
-64.00 -6.00 2.98 
-63.00 -6.00 3.10 
-62.00 -6.00 3.23 
-61.00 -6.00 3.18 
-60.00 -6.00 3.01 
-59.00 -6.00 2.82 
-58.00 -6.00 2.86 
-57.00 -6.00 3.03 
-56.00 -6.00 3.00 
-55.00 -6.00 2.93 
-54.00 -6.00 2.92 
-53.00 -6.00 2.65 
-52.00 -6.00 2.90 
-51.00 -6.00 2.99 
-50.00 -6.00 2.91 
-49.00 -6.00 2.82 
-48.00 -6.00 2.79 
-47.00 -6.00 2.83 
-46.00 -6.00 2.83 
-45.00 -6.00 2.85 
-44.00 -6.00 2.98 
-43.00 -6.00 2.73 
-42.00 -6.00 2.70 
-41.00 -6.00 2.46 
-40.00 -6.00 2.27 
-39.00 -6.00 2.14 
-38.00 -6.00 1.99 
-37.00 -6.00 1.81 
-36.00 -6.00 1.62 
-35.00 -6.00 2.25 
-34.00 -6.00 2.56 
-33.00 -6.00 2.72 
-32.00 -6.00 2.91 
-31.00 -6.00 3.08 
-30.00 -6.00 3.27 
-74.00 -5.00 3.42 
-73.00 -5.00 3.52 
-72.00 -5.00 3.51 
-71.00 -5.00 3.41 
-70.00 -5.00 3.31 
-69.00 -5.00 3.21 
-68.00 -5.00 3.19 
-67.00 -5.00 3.20 
-66.00 -5.00 3.07 
-65.00 -5.00 3.10 
-64.00 -5.00 3.16 
-63.00 -5.00 3.15 
-62.00 -5.00 3.05 
-61.00 -5.00 3.00 
-60.00 -5.00 2.96 
-59.00 -5.00 2.92 
-58.00 -5.00 2.70 
-57.00 -5.00 2.91 
-56.00 -5.00 2.78 
-55.00 -5.00 2.67 
-54.00 -5.00 2.65 
-53.00 -5.00 2.72 
-52.00 -5.00 2.85 
-51.00 -5.00 3.01 
-50.00 -5.00 3.01 
-49.00 -5.00 2.91 
-48.00 -5.00 2.85 
-47.00 -5.00 2.77 
-46.00 -5.00 2.88 
-45.00 -5.00 2.90 
-44.00 -5.00 2.95 
-43.00 -5.00 2.72 
-42.00 -5.00 2.45 
-41.00 -5.00 2.16 
-40.00 -5.00 2.02 
-39.00 -5.00 2.18 
-38.00 -5.00 2.01 
-37.00 -5.00 1.91 
-36.00 -5.00 1.96 
-35.00 -5.00 2.30 
-34.00 -5.00 2.66 
-33.00 -5.00 2.92 
-32.00 -5.00 3.07 
-31.00 -5.00 3.20 
-30.00 -5.00 3.33 
-74.00 -4.00 3.31 
-73.00 -4.00 3.43 
-72.00 -4.00 3.54 
-71.00 -4.00 3.51 
-70.00 -4.00 3.43 
-69.00 -4.00 3.36 
-68.00 -4.00 3.30 
-67.00 -4.00 3.33 
-66.00 -4.00 3.23 
-65.00 -4.00 3.16 
-64.00 -4.00 3.14 
-63.00 -4.00 3.10 
-62.00 -4.00 3.12 
-61.00 -4.00 3.16 
-60.00 -4.00 2.95 
-59.00 -4.00 2.72 
-58.00 -4.00 2.84 
-57.00 -4.00 2.74 
-56.00 -4.00 2.63 
-55.00 -4.00 2.62 
-54.00 -4.00 2.70 
-53.00 -4.00 2.82 
-52.00 -4.00 2.79 
-51.00 -4.00 2.83 
-50.00 -4.00 2.93 
-49.00 -4.00 3.06 
-48.00 -4.00 2.89 
-47.00 -4.00 2.76 
-46.00 -4.00 2.97 
-45.00 -4.00 2.77 
-44.00 -4.00 2.89 
-43.00 -4.00 2.61 
-42.00 -4.00 2.37 
-41.00 -4.00 2.24 
-40.00 -4.00 1.97 
-39.00 -4.00 2.00 
-38.00 -4.00 2.26 
-37.00 -4.00 2.26 
-36.00 -4.00 2.33 
-35.00 -4.00 2.50 
-34.00 -4.00 2.77 
-33.00 -4.00 2.99 
-32.00 -4.00 3.18 
-31.00 -4.00 3.32 
-30.00 -4.00 3.43 
-74.00 -3.00 3.20 
-73.00 -3.00 3.34 
-72.00 -3.00 3.47 
-71.00 -3.00 3.59 
-70.00 -3.00 3.55 
-69.00 -3.00 3.49 
-68.00 -3.00 3.45 
-67.00 -3.00 3.42 
-66.00 -3.00 3.36 
-65.00 -3.00 3.20 
-64.00 -3.00 3.29 
-63.00 -3.00 3.28 
-62.00 -3.00 3.22 
-61.00 -3.00 3.19 
-60.00 -3.00 2.99 
-59.00 -3.00 2.76 
-58.00 -3.00 2.60 
-57.00 -3.00 2.80 
-56.00 -3.00 2.91 
-55.00 -3.00 2.87 
-54.00 -3.00 2.68 
-53.00 -3.00 2.61 
-52.00 -3.00 2.84 
-51.00 -3.00 2.72 
-50.00 -3.00 2.70 
-49.00 -3.00 2.89 
-48.00 -3.00 2.85 
-47.00 -3.00 2.94 
-46.00 -3.00 3.06 
-45.00 -3.00 2.83 
-44.00 -3.00 2.87 
-43.00 -3.00 2.59 
-42.00 -3.00 2.25 
-41.00 -3.00 2.57 
-40.00 -3.00 2.24 
-39.00 -3.00 2.46 
-38.00 -3.00 2.56 
-37.00 -3.00 2.61 
-36.00 -3.00 2.58 
-35.00 -3.00 2.74 
-34.00 -3.00 2.92 
-33.00 -3.00 3.09 
-32.00 -3.00 3.25 
-31.00 -3.00 3.40 
-30.00 -3.00 3.53 
-74.00 -2.00 3.27 
-73.00 -2.00 3.27 
-72.00 -2.00 3.42 
-71.00 -2.00 3.55 
-70.00 -2.00 3.66 
-69.00 -2.00 3.61 
-68.00 -2.00 3.50 
-67.00 -2.00 3.46 
-66.00 -2.00 3.31 
-65.00 -2.00 3.18 
-64.00 -2.00 3.22 
-63.00 -2.00 3.12 
-62.00 -2.00 3.03 
-61.00 -2.00 2.98 
-60.00 -2.00 2.98 
-59.00 -2.00 2.89 
-58.00 -2.00 2.68 
-57.00 -2.00 2.67 
-56.00 -2.00 2.92 
-55.00 -2.00 2.71 
-54.00 -2.00 2.57 
-53.00 -2.00 2.78 
-52.00 -2.00 2.86 
-51.00 -2.00 2.68 
-50.00 -2.00 2.93 
-49.00 -2.00 2.94 
-48.00 -2.00 2.97 
-47.00 -2.00 3.11 
-46.00 -2.00 3.13 
-45.00 -2.00 2.95 
-44.00 -2.00 2.91 
-43.00 -2.00 2.67 
-42.00 -2.00 2.40 
-41.00 -2.00 2.68 
-40.00 -2.00 2.53 
-39.00 -2.00 2.73 
-38.00 -2.00 2.85 
-37.00 -2.00 2.82 
-36.00 -2.00 2.86 
-35.00 -2.00 2.96 
-34.00 -2.00 3.07 
-33.00 -2.00 3.21 
-32.00 -2.00 3.34 
-31.00 -2.00 3.46 
-30.00 -2.00 3.58 
-74.00 -1.00 3.42 
-73.00 -1.00 3.40 
-72.00 -1.00 3.41 
-71.00 -1.00 3.52 
-70.00 -1.00 3.64 
-69.00 -1.00 3.65 
-68.00 -1.00 3.58 
-67.00 -1.00 3.45 
-66.00 -1.00 3.29 
-65.00 -1.00 3.22 
-64.00 -1.00 3.08 
-63.00 -1.00 2.93 
-62.00 -1.00 2.81 
-61.00 -1.00 2.73 
-60.00 -1.00 2.73 
-59.00 -1.00 2.81 
-58.00 -1.00 2.84 
-57.00 -1.00 2.78 
-56.00 -1.00 2.88 
-55.00 -1.00 2.73 
-54.00 -1.00 2.83 
-53.00 -1.00 2.96 
-52.00 -1.00 2.92 
-51.00 -1.00 2.71 
-50.00 -1.00 2.97 
-49.00 -1.00 3.15 
-48.00 -1.00 2.96 
-47.00 -1.00 3.13 
-46.00 -1.00 3.23 
-45.00 -1.00 3.09 
-44.00 -1.00 2.96 
-43.00 -1.00 2.82 
-42.00 -1.00 2.73 
-41.00 -1.00 2.79 
-40.00 -1.00 2.80 
-39.00 -1.00 2.93 
-38.00 -1.00 3.07 
-37.00 -1.00 3.06 
-36.00 -1.00 3.07 
-35.00 -1.00 3.14 
-34.00 -1.00 3.21 
-33.00 -1.00 3.32 
-32.00 -1.00 3.44 
-31.00 -1.00 3.54 
-30.00 -1.00 3.64 
-74.00 0.00 3.56 
-73.00 0.00 3.54 
-72.00 0.00 3.55 
-71.00 0.00 3.56 
-70.00 0.00 3.63 
-69.00 0.00 3.67 
-68.00 0.00 3.57 
-67.00 0.00 3.45 
-66.00 0.00 3.30 
-65.00 0.00 3.17 
-64.00 0.00 3.02 
-63.00 0.00 2.86 
-62.00 0.00 2.73 
-61.00 0.00 2.65 
-60.00 0.00 2.67 
-59.00 0.00 2.77 
-58.00 0.00 2.92 
-57.00 0.00 2.95 
-56.00 0.00 2.89 
-55.00 0.00 2.98 
-54.00 0.00 3.04 
-53.00 0.00 3.14 
-52.00 0.00 3.02 
-51.00 0.00 2.82 
-50.00 0.00 3.03 
-49.00 0.00 3.22 
-48.00 0.00 3.07 
-47.00 0.00 3.12 
-46.00 0.00 3.30 
-45.00 0.00 3.23 
-44.00 0.00 3.12 
-43.00 0.00 3.04 
-42.00 0.00 2.99 
-41.00 0.00 2.98 
-40.00 0.00 3.03 
-39.00 0.00 3.11 
-38.00 0.00 3.22 
-37.00 0.00 3.25 
-36.00 0.00 3.26 
-35.00 0.00 3.29 
-34.00 0.00 3.37 
-33.00 0.00 3.42 
-32.00 0.00 3.52 
-31.00 0.00 3.62 
-30.00 0.00 3.71 
-74.00 1.00 3.64 
-73.00 1.00 3.60 
-72.00 1.00 3.58 
-71.00 1.00 3.56 
-70.00 1.00 3.63 
-69.00 1.00 3.65 
-68.00 1.00 3.60 
-67.00 1.00 3.48 
-66.00 1.00 3.37 
-65.00 1.00 3.29 
-64.00 1.00 3.17 
-63.00 1.00 3.06 
-62.00 1.00 2.97 
-61.00 1.00 2.93 
-60.00 1.00 2.94 
-59.00 1.00 3.00 
-58.00 1.00 3.04 
-57.00 1.00 2.87 
-56.00 1.00 2.96 
-55.00 1.00 3.16 
-54.00 1.00 3.23 
-53.00 1.00 3.28 
-52.00 1.00 3.14 
-51.00 1.00 2.99 
-50.00 1.00 3.13 
-49.00 1.00 3.29 
-48.00 1.00 3.20 
-47.00 1.00 3.15 
-46.00 1.00 3.32 
-45.00 1.00 3.36 
-44.00 1.00 3.26 
-43.00 1.00 3.22 
-42.00 1.00 3.19 
-41.00 1.00 3.19 
-40.00 1.00 3.22 
-39.00 1.00 3.28 
-38.00 1.00 3.35 
-37.00 1.00 3.41 
-36.00 1.00 3.42 
-35.00 1.00 3.43 
-34.00 1.00 3.50 
-33.00 1.00 3.55 
-32.00 1.00 3.60 
-31.00 1.00 3.69 
-30.00 1.00 3.78 
-74.00 2.00 3.53 
-73.00 2.00 3.48 
-72.00 2.00 3.44 
-71.00 2.00 3.53 
-70.00 2.00 3.65 
-69.00 2.00 3.63 
-68.00 2.00 3.51 
-67.00 2.00 3.52 
-66.00 2.00 3.49 
-65.00 2.00 3.40 
-64.00 2.00 3.31 
-63.00 2.00 3.23 
-62.00 2.00 3.17 
-61.00 2.00 3.14 
-60.00 2.00 3.15 
-59.00 2.00 3.19 
-58.00 2.00 3.18 
-57.00 2.00 3.05 
-56.00 2.00 3.02 
-55.00 2.00 3.21 
-54.00 2.00 3.37 
-53.00 2.00 3.38 
-52.00 2.00 3.26 
-51.00 2.00 3.15 
-50.00 2.00 3.25 
-49.00 2.00 3.37 
-48.00 2.00 3.33 
-47.00 2.00 3.23 
-46.00 2.00 3.37 
-45.00 2.00 3.48 
-44.00 2.00 3.39 
-43.00 2.00 3.38 
-42.00 2.00 3.36 
-41.00 2.00 3.35 
-40.00 2.00 3.36 
-39.00 2.00 3.42 
-38.00 2.00 3.48 
-37.00 2.00 3.54 
-36.00 2.00 3.55 
-35.00 2.00 3.56 
-34.00 2.00 3.58 
-33.00 2.00 3.66 
-32.00 2.00 3.70 
-31.00 2.00 3.76 
-30.00 2.00 3.83 
-74.00 3.00 3.61 
-73.00 3.00 3.55 
-72.00 3.00 3.51 
-71.00 3.00 3.57 
-70.00 3.00 3.68 
-69.00 3.00 3.64 
-68.00 3.00 3.51 
-67.00 3.00 3.54 
-66.00 3.00 3.51 
-65.00 3.00 3.51 
-64.00 3.00 3.44 
-63.00 3.00 3.38 
-62.00 3.00 3.34 
-61.00 3.00 3.32 
-60.00 3.00 3.32 
-59.00 3.00 3.35 
-58.00 3.00 3.31 
-57.00 3.00 3.21 
-56.00 3.00 3.14 
-55.00 3.00 3.21 
-54.00 3.00 3.37 
-53.00 3.00 3.48 
-52.00 3.00 3.39 
-51.00 3.00 3.31 
-50.00 3.00 3.36 
-49.00 3.00 3.46 
-48.00 3.00 3.45 
-47.00 3.00 3.38 
-46.00 3.00 3.43 
-45.00 3.00 3.55 
-44.00 3.00 3.50 
-43.00 3.00 3.50 
-42.00 3.00 3.50 
-41.00 3.00 3.50 
-40.00 3.00 3.50 
-39.00 3.00 3.55 
-38.00 3.00 3.60 
-37.00 3.00 3.65 
-36.00 3.00 3.67 
-35.00 3.00 3.68 
-34.00 3.00 3.70 
-33.00 3.00 3.74 
-32.00 3.00 3.80 
-31.00 3.00 3.83 
-30.00 3.00 3.89 
-74.00 4.00 3.71 
-73.00 4.00 3.67 
-72.00 4.00 3.63 
-71.00 4.00 3.62 
-70.00 4.00 3.72 
-69.00 4.00 3.65 
-68.00 4.00 3.63 
-67.00 4.00 3.63 
-66.00 4.00 3.53 
-65.00 4.00 3.50 
-64.00 4.00 3.56 
-63.00 4.00 3.51 
-62.00 4.00 3.48 
-61.00 4.00 3.47 
-60.00 4.00 3.47 
-59.00 4.00 3.49 
-58.00 4.00 3.43 
-57.00 4.00 3.36 
-56.00 4.00 3.31 
-55.00 4.00 3.27 
-54.00 4.00 3.40 
-53.00 4.00 3.53 
-52.00 4.00 3.51 
-51.00 4.00 3.44 
-50.00 4.00 3.48 
-49.00 4.00 3.56 
-48.00 4.00 3.56 
-47.00 4.00 3.51 
-46.00 4.00 3.51 
-45.00 4.00 3.61 
-44.00 4.00 3.61 
-43.00 4.00 3.59 
-42.00 4.00 3.63 
-41.00 4.00 3.63 
-40.00 4.00 3.62 
-39.00 4.00 3.65 
-38.00 4.00 3.70 
-37.00 4.00 3.75 
-36.00 4.00 3.78 
-35.00 4.00 3.79 
-34.00 4.00 3.80 
-33.00 4.00 3.82 
-32.00 4.00 3.88 
-31.00 4.00 3.92 
-30.00 4.00 3.95 
-74.00 5.00 3.80 
-73.00 5.00 3.77 
-72.00 5.00 3.74 
-71.00 5.00 3.72 
-70.00 5.00 3.77 
-69.00 5.00 3.72 
-68.00 5.00 3.73 
-67.00 5.00 3.70 
-66.00 5.00 3.61 
-65.00 5.00 3.53 
-64.00 5.00 3.53 
-63.00 5.00 3.63 
-62.00 5.00 3.61 
-61.00 5.00 3.60 
-60.00 5.00 3.60 
-59.00 5.00 3.62 
-58.00 5.00 3.55 
-57.00 5.00 3.48 
-56.00 5.00 3.44 
-55.00 5.00 3.43 
-54.00 5.00 3.44 
-53.00 5.00 3.57 
-52.00 5.00 3.62 
-51.00 5.00 3.57 
-50.00 5.00 3.58 
-49.00 5.00 3.65 
-48.00 5.00 3.67 
-47.00 5.00 3.62 
-46.00 5.00 3.59 
-45.00 5.00 3.68 
-44.00 5.00 3.72 
-43.00 5.00 3.69 
-42.00 5.00 3.74 
-41.00 5.00 3.74 
-40.00 5.00 3.73 
-39.00 5.00 3.74 
-38.00 5.00 3.80 
-37.00 5.00 3.84 
-36.00 5.00 3.88 
-35.00 5.00 3.88 
-34.00 5.00 3.89 
-33.00 5.00 3.91 
-32.00 5.00 3.94 
-31.00 5.00 4.00 
-30.00 5.00 4.03 
-74.00 6.00 3.89 
-73.00 6.00 3.86 
-72.00 6.00 3.84 
-71.00 6.00 3.82 
-70.00 6.00 3.82 
-69.00 6.00 3.82 
-68.00 6.00 3.83 
-67.00 6.00 3.77 
-66.00 6.00 3.70 
-65.00 6.00 3.62 
-64.00 6.00 3.56 
-63.00 6.00 3.59 
-62.00 6.00 3.70 
-61.00 6.00 3.71 
-60.00 6.00 3.71 
-59.00 6.00 3.71 
-58.00 6.00 3.66 
-57.00 6.00 3.58 
-56.00 6.00 3.55 
-55.00 6.00 3.56 
-54.00 6.00 3.56 
-53.00 6.00 3.62 
-52.00 6.00 3.72 
-51.00 6.00 3.68 
-50.00 6.00 3.69 
-49.00 6.00 3.74 
-48.00 6.00 3.77 
-47.00 6.00 3.73 
-46.00 6.00 3.70 
-45.00 6.00 3.75 
-44.00 6.00 3.81 
-43.00 6.00 3.78 
-42.00 6.00 3.83 
-41.00 6.00 3.84 
-40.00 6.00 3.83 
-39.00 6.00 3.82 
-38.00 6.00 3.88 
-37.00 6.00 3.92 
-36.00 6.00 3.96 
-35.00 6.00 3.97 
-34.00 6.00 3.98 
-33.00 6.00 4.00 
-32.00 6.00 4.02 
-31.00 6.00 4.06 
-30.00 6.00 4.10 
