-74.00 -40.00 4.38 
-73.00 -40.00 4.37 
-72.00 -40.00 4.33 
-71.00 -40.00 4.28 
-70.00 -40.00 4.24 
-69.00 -40.00 4.20 
-68.00 -40.00 4.15 
-67.00 -40.00 4.10 
-66.00 -40.00 4.06 
-65.00 -40.00 4.01 
-64.00 -40.00 4.00 
-63.00 -40.00 4.00 
-62.00 -40.00 3.96 
-61.00 -40.00 3.92 
-60.00 -40.00 3.88 
-59.00 -40.00 3.85 
-58.00 -40.00 3.82 
-57.00 -40.00 3.83 
-56.00 -40.00 3.90 
-55.00 -40.00 3.91 
-54.00 -40.00 3.89 
-53.00 -40.00 3.88 
-52.00 -40.00 3.87 
-51.00 -40.00 3.86 
-50.00 -40.00 3.87 
-49.00 -40.00 3.87 
-48.00 -40.00 3.90 
-47.00 -40.00 3.95 
-46.00 -40.00 3.96 
-45.00 -40.00 3.98 
-44.00 -40.00 4.00 
-43.00 -40.00 4.04 
-42.00 -40.00 4.09 
-41.00 -40.00 4.13 
-40.00 -40.00 4.17 
-39.00 -40.00 4.21 
-38.00 -40.00 4.24 
-37.00 -40.00 4.27 
-36.00 -40.00 4.30 
-35.00 -40.00 4.34 
-34.00 -40.00 4.38 
-33.00 -40.00 4.42 
-32.00 -40.00 4.46 
-31.00 -40.00 4.49 
-30.00 -40.00 4.53 
-74.00 -39.00 4.33 
-73.00 -39.00 4.31 
-72.00 -39.00 4.30 
-71.00 -39.00 4.26 
-70.00 -39.00 4.21 
-69.00 -39.00 4.17 
-68.00 -39.00 4.12 
-67.00 -39.00 4.07 
-66.00 -39.00 4.01 
-65.00 -39.00 3.96 
-64.00 -39.00 3.93 
-63.00 -39.00 3.94 
-62.00 -39.00 3.89 
-61.00 -39.00 3.85 
-60.00 -39.00 3.80 
-59.00 -39.00 3.76 
-58.00 -39.00 3.78 
-57.00 -39.00 3.85 
-56.00 -39.00 3.85 
-55.00 -39.00 3.83 
-54.00 -39.00 3.80 
-53.00 -39.00 3.78 
-52.00 -39.00 3.77 
-51.00 -39.00 3.77 
-50.00 -39.00 3.77 
-49.00 -39.00 3.82 
-48.00 -39.00 3.85 
-47.00 -39.00 3.86 
-46.00 -39.00 3.87 
-45.00 -39.00 3.90 
-44.00 -39.00 3.94 
-43.00 -39.00 3.99 
-42.00 -39.00 4.04 
-41.00 -39.00 4.08 
-40.00 -39.00 4.12 
-39.00 -39.00 4.16 
-38.00 -39.00 4.19 
-37.00 -39.00 4.23 
-36.00 -39.00 4.27 
-35.00 -39.00 4.32 
-34.00 -39.00 4.36 
-33.00 -39.00 4.40 
-32.00 -39.00 4.44 
-31.00 -39.00 4.46 
-30.00 -39.00 4.48 
-74.00 -38.00 4.27 
-73.00 -38.00 4.25 
-72.00 -38.00 4.24 
-71.00 -38.00 4.24 
-70.00 -38.00 4.19 
-69.00 -38.00 4.14 
-68.00 -38.00 4.08 
-67.00 -38.00 4.03 
-66.00 -38.00 3.97 
-65.00 -38.00 3.91 
-64.00 -38.00 3.85 
-63.00 -38.00 3.88 
-62.00 -38.00 3.82 
-61.00 -38.00 3.77 
-60.00 -38.00 3.72 
-59.00 -38.00 3.73 
-58.00 -38.00 3.81 
-57.00 -38.00 3.81 
-56.00 -38.00 3.77 
-55.00 -38.00 3.73 
-54.00 -38.00 3.70 
-53.00 -38.00 3.68 
-52.00 -38.00 3.66 
-51.00 -38.00 3.66 
-50.00 -38.00 3.74 
-49.00 -38.00 3.74 
-48.00 -38.00 3.75 
-47.00 -38.00 3.76 
-46.00 -38.00 3.78 
-45.00 -38.00 3.82 
-44.00 -38.00 3.88 
-43.00 -38.00 3.93 
-42.00 -38.00 3.99 
-41.00 -38.00 4.03 
-40.00 -38.00 4.06 
-39.00 -38.00 4.10 
-38.00 -38.00 4.15 
-37.00 -38.00 4.20 
-36.00 -38.00 4.25 
-35.00 -38.00 4.30 
-34.00 -38.00 4.34 
-33.00 -38.00 4.38 
-32.00 -38.00 4.40 
-31.00 -38.00 4.42 
-30.00 -38.00 4.45 
-74.00 -37.00 4.21 
-73.00 -37.00 4.19 
-72.00 -37.00 4.18 
-71.00 -37.00 4.17 
-70.00 -37.00 4.16 
-69.00 -37.00 4.11 
-68.00 -37.00 4.06 
-67.00 -37.00 4.00 
-66.00 -37.00 3.93 
-65.00 -37.00 3.87 
-64.00 -37.00 3.80 
-63.00 -37.00 3.82 
-62.00 -37.00 3.76 
-61.00 -37.00 3.69 
-60.00 -37.00 3.69 
-59.00 -37.00 3.77 
-58.00 -37.00 3.77 
-57.00 -37.00 3.72 
-56.00 -37.00 3.67 
-55.00 -37.00 3.63 
-54.00 -37.00 3.59 
-53.00 -37.00 3.56 
-52.00 -37.00 3.57 
-51.00 -37.00 3.65 
-50.00 -37.00 3.64 
-49.00 -37.00 3.63 
-48.00 -37.00 3.64 
-47.00 -37.00 3.65 
-46.00 -37.00 3.69 
-45.00 -37.00 3.76 
-44.00 -37.00 3.82 
-43.00 -37.00 3.88 
-42.00 -37.00 3.92 
-41.00 -37.00 3.96 
-40.00 -37.00 4.01 
-39.00 -37.00 4.07 
-38.00 -37.00 4.13 
-37.00 -37.00 4.18 
-36.00 -37.00 4.23 
-35.00 -37.00 4.27 
-34.00 -37.00 4.30 
-33.00 -37.00 4.32 
-32.00 -37.00 4.35 
-31.00 -37.00 4.38 
-30.00 -37.00 4.42 
-74.00 -36.00 4.14 
-73.00 -36.00 4.12 
-72.00 -36.00 4.11 
-71.00 -36.00 4.10 
-70.00 -36.00 4.09 
-69.00 -36.00 4.09 
-68.00 -36.00 4.03 
-67.00 -36.00 3.97 
-66.00 -36.00 3.90 
-65.00 -36.00 3.83 
-64.00 -36.00 3.76 
-63.00 -36.00 3.75 
-62.00 -36.00 3.69 
-61.00 -36.00 3.68 
-60.00 -36.00 3.75 
-59.00 -36.00 3.75 
-58.00 -36.00 3.69 
-57.00 -36.00 3.63 
-56.00 -36.00 3.57 
-55.00 -36.00 3.52 
-54.00 -36.00 3.47 
-53.00 -36.00 3.51 
-52.00 -36.00 3.56 
-51.00 -36.00 3.53 
-50.00 -36.00 3.51 
-49.00 -36.00 3.51 
-48.00 -36.00 3.52 
-47.00 -36.00 3.54 
-46.00 -36.00 3.62 
-45.00 -36.00 3.69 
-44.00 -36.00 3.76 
-43.00 -36.00 3.80 
-42.00 -36.00 3.85 
-41.00 -36.00 3.92 
-40.00 -36.00 3.99 
-39.00 -36.00 4.05 
-38.00 -36.00 4.11 
-37.00 -36.00 4.17 
-36.00 -36.00 4.19 
-35.00 -36.00 4.22 
-34.00 -36.00 4.25 
-33.00 -36.00 4.28 
-32.00 -36.00 4.31 
-31.00 -36.00 4.35 
-30.00 -36.00 4.38 
-74.00 -35.00 4.07 
-73.00 -35.00 4.05 
-72.00 -35.00 4.04 
-71.00 -35.00 4.02 
-70.00 -35.00 4.02 
-69.00 -35.00 4.01 
-68.00 -35.00 4.01 
-67.00 -35.00 3.95 
-66.00 -35.00 3.88 
-65.00 -35.00 3.80 
-64.00 -35.00 3.72 
-63.00 -35.00 3.68 
-62.00 -35.00 3.68 
-61.00 -35.00 3.72 
-60.00 -35.00 3.69 
-59.00 -35.00 3.67 
-58.00 -35.00 3.61 
-57.00 -35.00 3.54 
-56.00 -35.00 3.47 
-55.00 -35.00 3.40 
-54.00 -35.00 3.46 
-53.00 -35.00 3.48 
-52.00 -35.00 3.43 
-51.00 -35.00 3.39 
-50.00 -35.00 3.37 
-49.00 -35.00 3.36 
-48.00 -35.00 3.37 
-47.00 -35.00 3.45 
-46.00 -35.00 3.54 
-45.00 -35.00 3.62 
-44.00 -35.00 3.66 
-43.00 -35.00 3.74 
-42.00 -35.00 3.82 
-41.00 -35.00 3.90 
-40.00 -35.00 3.97 
-39.00 -35.00 4.03 
-38.00 -35.00 4.08 
-37.00 -35.00 4.10 
-36.00 -35.00 4.13 
-35.00 -35.00 4.17 
-34.00 -35.00 4.20 
-33.00 -35.00 4.23 
-32.00 -35.00 4.27 
-31.00 -35.00 4.31 
-30.00 -35.00 4.34 
-74.00 -34.00 4.00 
-73.00 -34.00 3.98 
-72.00 -34.00 3.96 
-71.00 -34.00 3.94 
-70.00 -34.00 3.93 
-69.00 -34.00 3.93 
-68.00 -34.00 3.93 
-67.00 -34.00 3.92 
-66.00 -34.00 3.86 
-65.00 -34.00 3.78 
-64.00 -34.00 3.69 
-63.00 -34.00 3.67 
-62.00 -34.00 3.66 
-61.00 -34.00 3.61 
-60.00 -34.00 3.58 
-59.00 -34.00 3.55 
-58.00 -34.00 3.53 
-57.00 -34.00 3.45 
-56.00 -34.00 3.35 
-55.00 -34.00 3.44 
-54.00 -34.00 3.42 
-53.00 -34.00 3.35 
-52.00 -34.00 3.29 
-51.00 -34.00 3.24 
-50.00 -34.00 3.20 
-49.00 -34.00 3.20 
-48.00 -34.00 3.26 
-47.00 -34.00 3.37 
-46.00 -34.00 3.46 
-45.00 -34.00 3.52 
-44.00 -34.00 3.62 
-43.00 -34.00 3.72 
-42.00 -34.00 3.80 
-41.00 -34.00 3.88 
-40.00 -34.00 3.94 
-39.00 -34.00 3.98 
-38.00 -34.00 4.01 
-37.00 -34.00 4.04 
-36.00 -34.00 4.07 
-35.00 -34.00 4.11 
-34.00 -34.00 4.15 
-33.00 -34.00 4.19 
-32.00 -34.00 4.23 
-31.00 -34.00 4.26 
-30.00 -34.00 4.30 
-74.00 -33.00 3.92 
-73.00 -33.00 3.89 
-72.00 -33.00 3.87 
-71.00 -33.00 3.85 
-70.00 -33.00 3.84 
-69.00 -33.00 3.84 
-68.00 -33.00 3.84 
-67.00 -33.00 3.85 
-66.00 -33.00 3.80 
-65.00 -33.00 3.74 
-64.00 -33.00 3.67 
-63.00 -33.00 3.61 
-62.00 -33.00 3.55 
-61.00 -33.00 3.50 
-60.00 -33.00 3.45 
-59.00 -33.00 3.42 
-58.00 -33.00 3.40 
-57.00 -33.00 3.37 
-56.00 -33.00 3.39 
-55.00 -33.00 3.33 
-54.00 -33.00 3.29 
-53.00 -33.00 3.21 
-52.00 -33.00 3.13 
-51.00 -33.00 3.05 
-50.00 -33.00 3.01 
-49.00 -33.00 3.01 
-48.00 -33.00 3.16 
-47.00 -33.00 3.27 
-46.00 -33.00 3.38 
-45.00 -33.00 3.50 
-44.00 -33.00 3.60 
-43.00 -33.00 3.70 
-42.00 -33.00 3.78 
-41.00 -33.00 3.83 
-40.00 -33.00 3.86 
-39.00 -33.00 3.90 
-38.00 -33.00 3.94 
-37.00 -33.00 3.97 
-36.00 -33.00 4.01 
-35.00 -33.00 4.05 
-34.00 -33.00 4.10 
-33.00 -33.00 4.14 
-32.00 -33.00 4.18 
-31.00 -33.00 4.22 
-30.00 -33.00 4.26 
-74.00 -32.00 3.94 
-73.00 -32.00 3.88 
-72.00 -32.00 3.82 
-71.00 -32.00 3.75 
-70.00 -32.00 3.74 
-69.00 -32.00 3.74 
-68.00 -32.00 3.74 
-67.00 -32.00 3.75 
-66.00 -32.00 3.74 
-65.00 -32.00 3.76 
-64.00 -32.00 3.67 
-63.00 -32.00 3.57 
-62.00 -32.00 3.50 
-61.00 -32.00 3.38 
-60.00 -32.00 3.33 
-59.00 -32.00 3.37 
-58.00 -32.00 3.40 
-57.00 -32.00 3.28 
-56.00 -32.00 3.25 
-55.00 -32.00 3.18 
-54.00 -32.00 3.11 
-53.00 -32.00 3.07 
-52.00 -32.00 2.95 
-51.00 -32.00 2.84 
-50.00 -32.00 2.76 
-49.00 -32.00 2.91 
-48.00 -32.00 3.07 
-47.00 -32.00 3.23 
-46.00 -32.00 3.37 
-45.00 -32.00 3.49 
-44.00 -32.00 3.57 
-43.00 -32.00 3.63 
-42.00 -32.00 3.69 
-41.00 -32.00 3.74 
-40.00 -32.00 3.78 
-39.00 -32.00 3.82 
-38.00 -32.00 3.86 
-37.00 -32.00 3.90 
-36.00 -32.00 3.96 
-35.00 -32.00 4.00 
-34.00 -32.00 4.05 
-33.00 -32.00 4.09 
-32.00 -32.00 4.13 
-31.00 -32.00 4.18 
-30.00 -32.00 4.23 
-74.00 -31.00 3.99 
-73.00 -31.00 3.94 
-72.00 -31.00 3.88 
-71.00 -31.00 3.82 
-70.00 -31.00 3.77 
-69.00 -31.00 3.78 
-68.00 -31.00 3.79 
-67.00 -31.00 3.77 
-66.00 -31.00 3.68 
-65.00 -31.00 3.70 
-64.00 -31.00 3.68 
-63.00 -31.00 3.58 
-62.00 -31.00 3.49 
-61.00 -31.00 3.46 
-60.00 -31.00 3.48 
-59.00 -31.00 3.45 
-58.00 -31.00 3.35 
-57.00 -31.00 3.22 
-56.00 -31.00 3.07 
-55.00 -31.00 3.01 
-54.00 -31.00 2.91 
-53.00 -31.00 2.84 
-52.00 -31.00 2.75 
-51.00 -31.00 2.58 
-50.00 -31.00 2.66 
-49.00 -31.00 2.86 
-48.00 -31.00 3.05 
-47.00 -31.00 3.22 
-46.00 -31.00 3.33 
-45.00 -31.00 3.40 
-44.00 -31.00 3.47 
-43.00 -31.00 3.53 
-42.00 -31.00 3.60 
-41.00 -31.00 3.64 
-40.00 -31.00 3.69 
-39.00 -31.00 3.74 
-38.00 -31.00 3.80 
-37.00 -31.00 3.84 
-36.00 -31.00 3.89 
-35.00 -31.00 3.94 
-34.00 -31.00 3.98 
-33.00 -31.00 4.04 
-32.00 -31.00 4.09 
-31.00 -31.00 4.14 
-30.00 -31.00 4.19 
-74.00 -30.00 4.04 
-73.00 -30.00 3.99 
-72.00 -30.00 3.94 
-71.00 -30.00 3.89 
-70.00 -30.00 3.87 
-69.00 -30.00 3.88 
-68.00 -30.00 3.81 
-67.00 -30.00 3.72 
-66.00 -30.00 3.66 
-65.00 -30.00 3.63 
-64.00 -30.00 3.65 
-63.00 -30.00 3.60 
-62.00 -30.00 3.53 
-61.00 -30.00 3.59 
-60.00 -30.00 3.50 
-59.00 -30.00 3.39 
-58.00 -30.00 3.26 
-57.00 -30.00 3.12 
-56.00 -30.00 2.97 
-55.00 -30.00 2.82 
-54.00 -30.00 2.67 
-53.00 -30.00 2.55 
-52.00 -30.00 2.52 
-51.00 -30.00 2.55 
-50.00 -30.00 2.62 
-49.00 -30.00 2.86 
-48.00 -30.00 3.01 
-47.00 -30.00 3.11 
-46.00 -30.00 3.18 
-45.00 -30.00 3.27 
-44.00 -30.00 3.34 
-43.00 -30.00 3.42 
-42.00 -30.00 3.49 
-41.00 -30.00 3.53 
-40.00 -30.00 3.60 
-39.00 -30.00 3.65 
-38.00 -30.00 3.71 
-37.00 -30.00 3.76 
-36.00 -30.00 3.82 
-35.00 -30.00 3.87 
-34.00 -30.00 3.93 
-33.00 -30.00 3.99 
-32.00 -30.00 4.05 
-31.00 -30.00 4.10 
-30.00 -30.00 4.15 
-74.00 -29.00 4.10 
-73.00 -29.00 4.05 
-72.00 -29.00 4.01 
-71.00 -29.00 3.96 
-70.00 -29.00 3.94 
-69.00 -29.00 3.87 
-68.00 -29.00 3.83 
-67.00 -29.00 3.80 
-66.00 -29.00 3.76 
-65.00 -29.00 3.74 
-64.00 -29.00 3.72 
-63.00 -29.00 3.62 
-62.00 -29.00 3.54 
-61.00 -29.00 3.58 
-60.00 -29.00 3.46 
-59.00 -29.00 3.34 
-58.00 -29.00 3.20 
-57.00 -29.00 3.03 
-56.00 -29.00 2.84 
-55.00 -29.00 2.71 
-54.00 -29.00 2.52 
-53.00 -29.00 2.53 
-52.00 -29.00 2.44 
-51.00 -29.00 2.36 
-50.00 -29.00 2.44 
-49.00 -29.00 2.68 
-48.00 -29.00 2.83 
-47.00 -29.00 2.90 
-46.00 -29.00 3.01 
-45.00 -29.00 3.13 
-44.00 -29.00 3.21 
-43.00 -29.00 3.30 
-42.00 -29.00 3.35 
-41.00 -29.00 3.45 
-40.00 -29.00 3.49 
-39.00 -29.00 3.55 
-38.00 -29.00 3.61 
-37.00 -29.00 3.68 
-36.00 -29.00 3.74 
-35.00 -29.00 3.81 
-34.00 -29.00 3.88 
-33.00 -29.00 3.94 
-32.00 -29.00 4.01 
-31.00 -29.00 4.05 
-30.00 -29.00 4.10 
-74.00 -28.00 4.06 
-73.00 -28.00 4.05 
-72.00 -28.00 4.04 
-71.00 -28.00 4.00 
-70.00 -28.00 3.97 
-69.00 -28.00 3.95 
-68.00 -28.00 3.92 
-67.00 -28.00 3.88 
-66.00 -28.00 3.86 
-65.00 -28.00 3.83 
-64.00 -28.00 3.75 
-63.00 -28.00 3.66 
-62.00 -28.00 3.59 
-61.00 -28.00 3.56 
-60.00 -28.00 3.44 
-59.00 -28.00 3.31 
-58.00 -28.00 3.17 
-57.00 -28.00 3.05 
-56.00 -28.00 2.95 
-55.00 -28.00 2.85 
-54.00 -28.00 2.72 
-53.00 -28.00 2.72 
-52.00 -28.00 2.50 
-51.00 -28.00 2.12 
-50.00 -28.00 2.21 
-49.00 -28.00 2.48 
-48.00 -28.00 2.54 
-47.00 -28.00 2.70 
-46.00 -28.00 2.83 
-45.00 -28.00 2.94 
-44.00 -28.00 3.06 
-43.00 -28.00 3.17 
-42.00 -28.00 3.27 
-41.00 -28.00 3.31 
-40.00 -28.00 3.37 
-39.00 -28.00 3.44 
-38.00 -28.00 3.52 
-37.00 -28.00 3.59 
-36.00 -28.00 3.67 
-35.00 -28.00 3.75 
-34.00 -28.00 3.83 
-33.00 -28.00 3.89 
-32.00 -28.00 3.95 
-31.00 -28.00 4.00 
-30.00 -28.00 4.05 
-74.00 -27.00 4.14 
-73.00 -27.00 4.13 
-72.00 -27.00 4.07 
-71.00 -27.00 4.00 
-70.00 -27.00 3.92 
-69.00 -27.00 3.87 
-68.00 -27.00 3.87 
-67.00 -27.00 3.87 
-66.00 -27.00 3.88 
-65.00 -27.00 3.86 
-64.00 -27.00 3.78 
-63.00 -27.00 3.70 
-62.00 -27.00 3.61 
-61.00 -27.00 3.57 
-60.00 -27.00 3.48 
-59.00 -27.00 3.39 
-58.00 -27.00 3.26 
-57.00 -27.00 3.10 
-56.00 -27.00 2.94 
-55.00 -27.00 2.82 
-54.00 -27.00 2.76 
-53.00 -27.00 2.76 
-52.00 -27.00 2.49 
-51.00 -27.00 2.34 
-50.00 -27.00 2.15 
-49.00 -27.00 2.34 
-48.00 -27.00 2.28 
-47.00 -27.00 2.40 
-46.00 -27.00 2.65 
-45.00 -27.00 2.80 
-44.00 -27.00 2.92 
-43.00 -27.00 3.05 
-42.00 -27.00 3.09 
-41.00 -27.00 3.15 
-40.00 -27.00 3.23 
-39.00 -27.00 3.32 
-38.00 -27.00 3.42 
-37.00 -27.00 3.51 
-36.00 -27.00 3.61 
-35.00 -27.00 3.69 
-34.00 -27.00 3.77 
-33.00 -27.00 3.82 
-32.00 -27.00 3.88 
-31.00 -27.00 3.94 
-30.00 -27.00 4.00 
-74.00 -26.00 4.15 
-73.00 -26.00 4.14 
-72.00 -26.00 4.07 
-71.00 -26.00 4.00 
-70.00 -26.00 3.93 
-69.00 -26.00 3.85 
-68.00 -26.00 3.77 
-67.00 -26.00 3.78 
-66.00 -26.00 3.79 
-65.00 -26.00 3.81 
-64.00 -26.00 3.74 
-63.00 -26.00 3.66 
-62.00 -26.00 3.61 
-61.00 -26.00 3.58 
-60.00 -26.00 3.48 
-59.00 -26.00 3.35 
-58.00 -26.00 3.26 
-57.00 -26.00 3.13 
-56.00 -26.00 2.99 
-55.00 -26.00 2.85 
-54.00 -26.00 2.73 
-53.00 -26.00 2.80 
-52.00 -26.00 2.60 
-51.00 -26.00 2.31 
-50.00 -26.00 2.32 
-49.00 -26.00 2.34 
-48.00 -26.00 2.10 
-47.00 -26.00 2.32 
-46.00 -26.00 2.50 
-45.00 -26.00 2.61 
-44.00 -26.00 2.73 
-43.00 -26.00 2.82 
-42.00 -26.00 2.87 
-41.00 -26.00 2.96 
-40.00 -26.00 3.08 
-39.00 -26.00 3.20 
-38.00 -26.00 3.32 
-37.00 -26.00 3.44 
-36.00 -26.00 3.54 
-35.00 -26.00 3.62 
-34.00 -26.00 3.68 
-33.00 -26.00 3.75 
-32.00 -26.00 3.82 
-31.00 -26.00 3.90 
-30.00 -26.00 3.98 
-74.00 -25.00 4.08 
-73.00 -25.00 4.10 
-72.00 -25.00 4.08 
-71.00 -25.00 4.01 
-70.00 -25.00 3.94 
-69.00 -25.00 3.86 
-68.00 -25.00 3.77 
-67.00 -25.00 3.67 
-66.00 -25.00 3.69 
-65.00 -25.00 3.71 
-64.00 -25.00 3.68 
-63.00 -25.00 3.59 
-62.00 -25.00 3.66 
-61.00 -25.00 3.57 
-60.00 -25.00 3.47 
-59.00 -25.00 3.34 
-58.00 -25.00 3.18 
-57.00 -25.00 3.04 
-56.00 -25.00 2.92 
-55.00 -25.00 2.72 
-54.00 -25.00 2.69 
-53.00 -25.00 2.76 
-52.00 -25.00 2.50 
-51.00 -25.00 2.40 
-50.00 -25.00 2.14 
-49.00 -25.00 2.05 
-48.00 -25.00 1.91 
-47.00 -25.00 2.11 
-46.00 -25.00 2.15 
-45.00 -25.00 2.35 
-44.00 -25.00 2.52 
-43.00 -25.00 2.57 
-42.00 -25.00 2.66 
-41.00 -25.00 2.76 
-40.00 -25.00 2.93 
-39.00 -25.00 3.08 
-38.00 -25.00 3.23 
-37.00 -25.00 3.37 
-36.00 -25.00 3.44 
-35.00 -25.00 3.52 
-34.00 -25.00 3.60 
-33.00 -25.00 3.70 
-32.00 -25.00 3.79 
-31.00 -25.00 3.88 
-30.00 -25.00 3.96 
-74.00 -24.00 4.01 
-73.00 -24.00 4.03 
-72.00 -24.00 4.05 
-71.00 -24.00 4.03 
-70.00 -24.00 3.96 
-69.00 -24.00 3.88 
-68.00 -24.00 3.79 
-67.00 -24.00 3.70 
-66.00 -24.00 3.60 
-65.00 -24.00 3.61 
-64.00 -24.00 3.63 
-63.00 -24.00 3.64 
-62.00 -24.00 3.66 
-61.00 -24.00 3.55 
-60.00 -24.00 3.48 
-59.00 -24.00 3.35 
-58.00 -24.00 3.19 
-57.00 -24.00 3.01 
-56.00 -24.00 2.79 
-55.00 -24.00 2.77 
-54.00 -24.00 2.79 
-53.00 -24.00 2.67 
-52.00 -24.00 2.41 
-51.00 -24.00 2.31 
-50.00 -24.00 2.20 
-49.00 -24.00 1.90 
-48.00 -24.00 1.82 
-47.00 -24.00 1.75 
-46.00 -24.00 1.79 
-45.00 -24.00 2.22 
-44.00 -24.00 2.08 
-43.00 -24.00 2.23 
-42.00 -24.00 2.28 
-41.00 -24.00 2.58 
-40.00 -24.00 2.78 
-39.00 -24.00 2.99 
-38.00 -24.00 3.14 
-37.00 -24.00 3.23 
-36.00 -24.00 3.32 
-35.00 -24.00 3.45 
-34.00 -24.00 3.57 
-33.00 -24.00 3.67 
-32.00 -24.00 3.77 
-31.00 -24.00 3.85 
-30.00 -24.00 3.92 
-74.00 -23.00 3.92 
-73.00 -23.00 3.95 
-72.00 -23.00 3.98 
-71.00 -23.00 4.01 
-70.00 -23.00 3.98 
-69.00 -23.00 3.90 
-68.00 -23.00 3.82 
-67.00 -23.00 3.74 
-66.00 -23.00 3.64 
-65.00 -23.00 3.56 
-64.00 -23.00 3.59 
-63.00 -23.00 3.61 
-62.00 -23.00 3.58 
-61.00 -23.00 3.54 
-60.00 -23.00 3.51 
-59.00 -23.00 3.38 
-58.00 -23.00 3.24 
-57.00 -23.00 3.07 
-56.00 -23.00 2.88 
-55.00 -23.00 2.81 
-54.00 -23.00 2.59 
-53.00 -23.00 2.65 
-52.00 -23.00 2.32 
-51.00 -23.00 2.18 
-50.00 -23.00 2.36 
-49.00 -23.00 2.13 
-48.00 -23.00 1.87 
-47.00 -23.00 1.77 
-46.00 -23.00 1.86 
-45.00 -23.00 1.97 
-44.00 -23.00 1.92 
-43.00 -23.00 2.03 
-42.00 -23.00 2.09 
-41.00 -23.00 2.37 
-40.00 -23.00 2.68 
-39.00 -23.00 2.86 
-38.00 -23.00 2.96 
-37.00 -23.00 3.12 
-36.00 -23.00 3.28 
-35.00 -23.00 3.42 
-34.00 -23.00 3.53 
-33.00 -23.00 3.63 
-32.00 -23.00 3.72 
-31.00 -23.00 3.81 
-30.00 -23.00 3.89 
-74.00 -22.00 3.84 
-73.00 -22.00 3.86 
-72.00 -22.00 3.90 
-71.00 -22.00 3.93 
-70.00 -22.00 3.98 
-69.00 -22.00 3.93 
-68.00 -22.00 3.86 
-67.00 -22.00 3.78 
-66.00 -22.00 3.69 
-65.00 -22.00 3.65 
-64.00 -22.00 3.56 
-63.00 -22.00 3.51 
-62.00 -22.00 3.46 
-61.00 -22.00 3.49 
-60.00 -22.00 3.42 
-59.00 -22.00 3.38 
-58.00 -22.00 3.30 
-57.00 -22.00 3.16 
-56.00 -22.00 3.00 
-55.00 -22.00 2.84 
-54.00 -22.00 2.67 
-53.00 -22.00 2.58 
-52.00 -22.00 2.50 
-51.00 -22.00 2.36 
-50.00 -22.00 2.34 
-49.00 -22.00 2.25 
-48.00 -22.00 2.01 
-47.00 -22.00 2.03 
-46.00 -22.00 1.92 
-45.00 -22.00 1.87 
-44.00 -22.00 1.91 
-43.00 -22.00 1.73 
-42.00 -22.00 2.10 
-41.00 -22.00 2.32 
-40.00 -22.00 2.49 
-39.00 -22.00 2.64 
-38.00 -22.00 2.90 
-37.00 -22.00 3.07 
-36.00 -22.00 3.21 
-35.00 -22.00 3.34 
-34.00 -22.00 3.46 
-33.00 -22.00 3.58 
-32.00 -22.00 3.69 
-31.00 -22.00 3.79 
-30.00 -22.00 3.88 
-74.00 -21.00 3.74 
-73.00 -21.00 3.77 
-72.00 -21.00 3.81 
-71.00 -21.00 3.86 
-70.00 -21.00 3.91 
-69.00 -21.00 3.88 
-68.00 -21.00 3.81 
-67.00 -21.00 3.73 
-66.00 -21.00 3.70 
-65.00 -21.00 3.66 
-64.00 -21.00 3.55 
-63.00 -21.00 3.42 
-62.00 -21.00 3.42 
-61.00 -21.00 3.47 
-60.00 -21.00 3.37 
-59.00 -21.00 3.29 
-58.00 -21.00 3.21 
-57.00 -21.00 3.17 
-56.00 -21.00 3.13 
-55.00 -21.00 3.01 
-54.00 -21.00 2.79 
-53.00 -21.00 2.53 
-52.00 -21.00 2.67 
-51.00 -21.00 2.35 
-50.00 -21.00 2.36 
-49.00 -21.00 2.28 
-48.00 -21.00 2.44 
-47.00 -21.00 2.23 
-46.00 -21.00 2.36 
-45.00 -21.00 2.34 
-44.00 -21.00 2.12 
-43.00 -21.00 2.00 
-42.00 -21.00 2.12 
-41.00 -21.00 2.07 
-40.00 -21.00 2.33 
-39.00 -21.00 2.52 
-38.00 -21.00 2.75 
-37.00 -21.00 2.98 
-36.00 -21.00 3.17 
-35.00 -21.00 3.33 
-34.00 -21.00 3.46 
-33.00 -21.00 3.58 
-32.00 -21.00 3.69 
-31.00 -21.00 3.78 
-30.00 -21.00 3.87 
-74.00 -20.00 3.75 
-73.00 -20.00 3.72 
-72.00 -20.00 3.72 
-71.00 -20.00 3.78 
-70.00 -20.00 3.83 
-69.00 -20.00 3.84 
-68.00 -20.00 3.76 
-67.00 -20.00 3.76 
-66.00 -20.00 3.69 
-65.00 -20.00 3.63 
-64.00 -20.00 3.55 
-63.00 -20.00 3.42 
-62.00 -20.00 3.43 
-61.00 -20.00 3.45 
-60.00 -20.00 3.41 
-59.00 -20.00 3.37 
-58.00 -20.00 3.24 
-57.00 -20.00 3.10 
-56.00 -20.00 3.05 
-55.00 -20.00 2.92 
-54.00 -20.00 2.73 
-53.00 -20.00 2.53 
-52.00 -20.00 2.73 
-51.00 -20.00 2.65 
-50.00 -20.00 2.47 
-49.00 -20.00 2.47 
-48.00 -20.00 2.40 
-47.00 -20.00 2.40 
-46.00 -20.00 2.53 
-45.00 -20.00 2.60 
-44.00 -20.00 2.44 
-43.00 -20.00 2.27 
-42.00 -20.00 2.01 
-41.00 -20.00 1.77 
-40.00 -20.00 2.04 
-39.00 -20.00 2.39 
-38.00 -20.00 2.68 
-37.00 -20.00 2.92 
-36.00 -20.00 3.12 
-35.00 -20.00 3.28 
-34.00 -20.00 3.43 
-33.00 -20.00 3.55 
-32.00 -20.00 3.66 
-31.00 -20.00 3.75 
-30.00 -20.00 3.83 
-74.00 -19.00 3.84 
-73.00 -19.00 3.82 
-72.00 -19.00 3.81 
-71.00 -19.00 3.80 
-70.00 -19.00 3.79 
-69.00 -19.00 3.81 
-68.00 -19.00 3.73 
-67.00 -19.00 3.68 
-66.00 -19.00 3.60 
-65.00 -19.00 3.53 
-64.00 -19.00 3.45 
-63.00 -19.00 3.39 
-62.00 -19.00 3.36 
-61.00 -19.00 3.30 
-60.00 -19.00 3.30 
-59.00 -19.00 3.31 
-58.00 -19.00 3.33 
-57.00 -19.00 3.21 
-56.00 -19.00 3.09 
-55.00 -19.00 2.98 
-54.00 -19.00 2.80 
-53.00 -19.00 2.75 
-52.00 -19.00 2.81 
-51.00 -19.00 2.63 
-50.00 -19.00 2.55 
-49.00 -19.00 2.71 
-48.00 -19.00 2.71 
-47.00 -19.00 2.67 
-46.00 -19.00 2.64 
-45.00 -19.00 2.78 
-44.00 -19.00 2.59 
-43.00 -19.00 2.41 
-42.00 -19.00 2.04 
-41.00 -19.00 1.99 
-40.00 -19.00 2.06 
-39.00 -19.00 2.33 
-38.00 -19.00 2.61 
-37.00 -19.00 2.88 
-36.00 -19.00 3.09 
-35.00 -19.00 3.26 
-34.00 -19.00 3.38 
-33.00 -19.00 3.50 
-32.00 -19.00 3.62 
-31.00 -19.00 3.73 
-30.00 -19.00 3.82 
-74.00 -18.00 3.83 
-73.00 -18.00 3.83 
-72.00 -18.00 3.79 
-71.00 -18.00 3.74 
-70.00 -18.00 3.69 
-69.00 -18.00 3.76 
-68.00 -18.00 3.68 
-67.00 -18.00 3.60 
-66.00 -18.00 3.52 
-65.00 -18.00 3.42 
-64.00 -18.00 3.37 
-63.00 -18.00 3.47 
-62.00 -18.00 3.35 
-61.00 -18.00 3.22 
-60.00 -18.00 3.12 
-59.00 -18.00 3.14 
-58.00 -18.00 3.20 
-57.00 -18.00 3.20 
-56.00 -18.00 3.03 
-55.00 -18.00 3.05 
-54.00 -18.00 2.84 
-53.00 -18.00 2.77 
-52.00 -18.00 2.80 
-51.00 -18.00 2.78 
-50.00 -18.00 2.61 
-49.00 -18.00 2.63 
-48.00 -18.00 2.63 
-47.00 -18.00 2.72 
-46.00 -18.00 2.67 
-45.00 -18.00 2.61 
-44.00 -18.00 2.62 
-43.00 -18.00 2.53 
-42.00 -18.00 2.20 
-41.00 -18.00 2.43 
-40.00 -18.00 2.49 
-39.00 -18.00 2.62 
-38.00 -18.00 2.71 
-37.00 -18.00 2.89 
-36.00 -18.00 3.10 
-35.00 -18.00 3.27 
-34.00 -18.00 3.42 
-33.00 -18.00 3.53 
-32.00 -18.00 3.63 
-31.00 -18.00 3.73 
-30.00 -18.00 3.83 
-74.00 -17.00 3.73 
-73.00 -17.00 3.72 
-72.00 -17.00 3.71 
-71.00 -17.00 3.64 
-70.00 -17.00 3.61 
-69.00 -17.00 3.70 
-68.00 -17.00 3.64 
-67.00 -17.00 3.54 
-66.00 -17.00 3.43 
-65.00 -17.00 3.40 
-64.00 -17.00 3.48 
-63.00 -17.00 3.46 
-62.00 -17.00 3.31 
-61.00 -17.00 3.31 
-60.00 -17.00 3.17 
-59.00 -17.00 3.04 
-58.00 -17.00 3.02 
-57.00 -17.00 3.12 
-56.00 -17.00 2.94 
-55.00 -17.00 2.95 
-54.00 -17.00 2.98 
-53.00 -17.00 2.96 
-52.00 -17.00 2.82 
-51.00 -17.00 2.65 
-50.00 -17.00 2.50 
-49.00 -17.00 2.59 
-48.00 -17.00 2.85 
-47.00 -17.00 2.73 
-46.00 -17.00 2.45 
-45.00 -17.00 2.67 
-44.00 -17.00 2.75 
-43.00 -17.00 2.51 
-42.00 -17.00 2.52 
-41.00 -17.00 2.44 
-40.00 -17.00 2.35 
-39.00 -17.00 2.49 
-38.00 -17.00 2.74 
-37.00 -17.00 2.91 
-36.00 -17.00 3.10 
-35.00 -17.00 3.26 
-34.00 -17.00 3.39 
-33.00 -17.00 3.50 
-32.00 -17.00 3.60 
-31.00 -17.00 3.69 
-30.00 -17.00 3.77 
-74.00 -16.00 3.62 
-73.00 -16.00 3.61 
-72.00 -16.00 3.61 
-71.00 -16.00 3.54 
-70.00 -16.00 3.54 
-69.00 -16.00 3.65 
-68.00 -16.00 3.59 
-67.00 -16.00 3.48 
-66.00 -16.00 3.39 
-65.00 -16.00 3.34 
-64.00 -16.00 3.38 
-63.00 -16.00 3.43 
-62.00 -16.00 3.30 
-61.00 -16.00 3.29 
-60.00 -16.00 3.19 
-59.00 -16.00 3.09 
-58.00 -16.00 3.01 
-57.00 -16.00 2.98 
-56.00 -16.00 2.99 
-55.00 -16.00 3.01 
-54.00 -16.00 3.07 
-53.00 -16.00 3.00 
-52.00 -16.00 2.89 
-51.00 -16.00 2.82 
-50.00 -16.00 2.81 
-49.00 -16.00 2.86 
-48.00 -16.00 2.80 
-47.00 -16.00 2.87 
-46.00 -16.00 2.66 
-45.00 -16.00 2.78 
-44.00 -16.00 2.84 
-43.00 -16.00 2.75 
-42.00 -16.00 2.53 
-41.00 -16.00 2.54 
-40.00 -16.00 2.58 
-39.00 -16.00 2.72 
-38.00 -16.00 2.86 
-37.00 -16.00 3.03 
-36.00 -16.00 3.16 
-35.00 -16.00 3.24 
-34.00 -16.00 3.32 
-33.00 -16.00 3.43 
-32.00 -16.00 3.53 
-31.00 -16.00 3.62 
-30.00 -16.00 3.71 
-74.00 -15.00 3.69 
-73.00 -15.00 3.63 
-72.00 -15.00 3.53 
-71.00 -15.00 3.51 
-70.00 -15.00 3.53 
-69.00 -15.00 3.59 
-68.00 -15.00 3.53 
-67.00 -15.00 3.46 
-66.00 -15.00 3.39 
-65.00 -15.00 3.23 
-64.00 -15.00 3.22 
-63.00 -15.00 3.30 
-62.00 -15.00 3.31 
-61.00 -15.00 3.18 
-60.00 -15.00 3.03 
-59.00 -15.00 2.89 
-58.00 -15.00 2.78 
-57.00 -15.00 2.81 
-56.00 -15.00 2.91 
-55.00 -15.00 2.89 
-54.00 -15.00 2.96 
-53.00 -15.00 3.08 
-52.00 -15.00 2.86 
-51.00 -15.00 2.86 
-50.00 -15.00 2.70 
-49.00 -15.00 2.62 
-48.00 -15.00 2.77 
-47.00 -15.00 2.66 
-46.00 -15.00 2.79 
-45.00 -15.00 2.76 
-44.00 -15.00 2.86 
-43.00 -15.00 2.73 
-42.00 -15.00 2.79 
-41.00 -15.00 2.66 
-40.00 -15.00 2.85 
-39.00 -15.00 2.93 
-38.00 -15.00 2.89 
-37.00 -15.00 2.90 
-36.00 -15.00 2.97 
-35.00 -15.00 3.07 
-34.00 -15.00 3.22 
-33.00 -15.00 3.36 
-32.00 -15.00 3.47 
-31.00 -15.00 3.59 
-30.00 -15.00 3.69 
-74.00 -14.00 3.66 
-73.00 -14.00 3.56 
-72.00 -14.00 3.45 
-71.00 -14.00 3.37 
-70.00 -14.00 3.44 
-69.00 -14.00 3.53 
-68.00 -14.00 3.53 
-67.00 -14.00 3.40 
-66.00 -14.00 3.25 
-65.00 -14.00 3.17 
-64.00 -14.00 3.09 
-63.00 -14.00 3.15 
-62.00 -14.00 3.23 
-61.00 -14.00 3.20 
-60.00 -14.00 3.02 
-59.00 -14.00 2.81 
-58.00 -14.00 2.57 
-57.00 -14.00 2.69 
-56.00 -14.00 2.71 
-55.00 -14.00 2.76 
-54.00 -14.00 2.77 
-53.00 -14.00 2.92 
-52.00 -14.00 2.90 
-51.00 -14.00 2.70 
-50.00 -14.00 2.42 
-49.00 -14.00 2.66 
-48.00 -14.00 2.81 
-47.00 -14.00 2.53 
-46.00 -14.00 2.57 
-45.00 -14.00 2.81 
-44.00 -14.00 2.96 
-43.00 -14.00 2.77 
-42.00 -14.00 2.62 
-41.00 -14.00 2.68 
-40.00 -14.00 2.65 
-39.00 -14.00 2.67 
-38.00 -14.00 2.60 
-37.00 -14.00 2.63 
-36.00 -14.00 2.74 
-35.00 -14.00 2.99 
-34.00 -14.00 3.17 
-33.00 -14.00 3.32 
-32.00 -14.00 3.44 
-31.00 -14.00 3.52 
-30.00 -14.00 3.61 
-74.00 -13.00 3.61 
-73.00 -13.00 3.49 
-72.00 -13.00 3.37 
-71.00 -13.00 3.25 
-70.00 -13.00 3.41 
-69.00 -13.00 3.44 
-68.00 -13.00 3.44 
-67.00 -13.00 3.39 
-66.00 -13.00 3.23 
-65.00 -13.00 3.04 
-64.00 -13.00 3.14 
-63.00 -13.00 3.00 
-62.00 -13.00 3.15 
-61.00 -13.00 3.02 
-60.00 -13.00 3.03 
-59.00 -13.00 2.83 
-58.00 -13.00 2.61 
-57.00 -13.00 2.65 
-56.00 -13.00 2.86 
-55.00 -13.00 2.82 
-54.00 -13.00 2.70 
-53.00 -13.00 2.86 
-52.00 -13.00 2.95 
-51.00 -13.00 2.86 
-50.00 -13.00 2.68 
-49.00 -13.00 2.84 
-48.00 -13.00 2.71 
-47.00 -13.00 2.70 
-46.00 -13.00 2.69 
-45.00 -13.00 2.87 
-44.00 -13.00 2.95 
-43.00 -13.00 2.75 
-42.00 -13.00 2.56 
-41.00 -13.00 2.40 
-40.00 -13.00 2.27 
-39.00 -13.00 2.34 
-38.00 -13.00 2.36 
-37.00 -13.00 2.61 
-36.00 -13.00 2.76 
-35.00 -13.00 2.96 
-34.00 -13.00 3.12 
-33.00 -13.00 3.22 
-32.00 -13.00 3.32 
-31.00 -13.00 3.43 
-30.00 -13.00 3.56 
-74.00 -12.00 3.57 
-73.00 -12.00 3.44 
-72.00 -12.00 3.30 
-71.00 -12.00 3.24 
-70.00 -12.00 3.40 
-69.00 -12.00 3.37 
-68.00 -12.00 3.34 
-67.00 -12.00 3.40 
-66.00 -12.00 3.24 
-65.00 -12.00 3.16 
-64.00 -12.00 3.26 
-63.00 -12.00 3.13 
-62.00 -12.00 3.04 
-61.00 -12.00 2.93 
-60.00 -12.00 2.95 
-59.00 -12.00 2.74 
-58.00 -12.00 2.78 
-57.00 -12.00 2.89 
-56.00 -12.00 2.93 
-55.00 -12.00 2.87 
-54.00 -12.00 2.94 
-53.00 -12.00 2.85 
-52.00 -12.00 2.85 
-51.00 -12.00 3.02 
-50.00 -12.00 2.91 
-49.00 -12.00 2.82 
-48.00 -12.00 2.67 
-47.00 -12.00 2.82 
-46.00 -12.00 2.75 
-45.00 -12.00 2.89 
-44.00 -12.00 2.93 
-43.00 -12.00 2.82 
-42.00 -12.00 2.57 
-41.00 -12.00 2.69 
-40.00 -12.00 2.37 
-39.00 -12.00 2.09 
-38.00 -12.00 2.39 
-37.00 -12.00 2.61 
-36.00 -12.00 2.73 
-35.00 -12.00 2.86 
-34.00 -12.00 2.95 
-33.00 -12.00 3.07 
-32.00 -12.00 3.25 
-31.00 -12.00 3.40 
-30.00 -12.00 3.53 
-74.00 -11.00 3.55 
-73.00 -11.00 3.46 
-72.00 -11.00 3.37 
-71.00 -11.00 3.28 
-70.00 -11.00 3.41 
-69.00 -11.00 3.30 
-68.00 -11.00 3.23 
-67.00 -11.00 3.37 
-66.00 -11.00 3.29 
-65.00 -11.00 3.31 
-64.00 -11.00 3.37 
-63.00 -11.00 3.26 
-62.00 -11.00 3.15 
-61.00 -11.00 3.07 
-60.00 -11.00 2.92 
-59.00 -11.00 2.99 
-58.00 -11.00 3.02 
-57.00 -11.00 2.95 
-56.00 -11.00 3.01 
-55.00 -11.00 2.88 
-54.00 -11.00 2.93 
-53.00 -11.00 3.02 
-52.00 -11.00 3.04 
-51.00 -11.00 3.05 
-50.00 -11.00 3.07 
-49.00 -11.00 2.94 
-48.00 -11.00 2.71 
-47.00 -11.00 2.96 
-46.00 -11.00 2.97 
-45.00 -11.00 2.91 
-44.00 -11.00 2.92 
-43.00 -11.00 2.94 
-42.00 -11.00 2.78 
-41.00 -11.00 2.65 
-40.00 -11.00 2.48 
-39.00 -11.00 2.24 
-38.00 -11.00 2.27 
-37.00 -11.00 2.48 
-36.00 -11.00 2.52 
-35.00 -11.00 2.58 
-34.00 -11.00 2.81 
-33.00 -11.00 3.04 
-32.00 -11.00 3.22 
-31.00 -11.00 3.33 
-30.00 -11.00 3.44 
-74.00 -10.00 3.53 
-73.00 -10.00 3.40 
-72.00 -10.00 3.32 
-71.00 -10.00 3.30 
-70.00 -10.00 3.38 
-69.00 -10.00 3.27 
-68.00 -10.00 3.31 
-67.00 -10.00 3.35 
-66.00 -10.00 3.39 
-65.00 -10.00 3.44 
-64.00 -10.00 3.47 
-63.00 -10.00 3.35 
-62.00 -10.00 3.19 
-61.00 -10.00 3.13 
-60.00 -10.00 2.94 
-59.00 -10.00 2.94 
-58.00 -10.00 2.87 
-57.00 -10.00 2.96 
-56.00 -10.00 3.11 
-55.00 -10.00 2.92 
-54.00 -10.00 2.69 
-53.00 -10.00 2.88 
-52.00 -10.00 2.98 
-51.00 -10.00 2.88 
-50.00 -10.00 2.84 
-49.00 -10.00 2.86 
-48.00 -10.00 2.85 
-47.00 -10.00 3.03 
-46.00 -10.00 3.17 
-45.00 -10.00 3.06 
-44.00 -10.00 3.05 
-43.00 -10.00 3.04 
-42.00 -10.00 2.88 
-41.00 -10.00 2.69 
-40.00 -10.00 2.50 
-39.00 -10.00 2.45 
-38.00 -10.00 2.34 
-37.00 -10.00 2.20 
-36.00 -10.00 2.20 
-35.00 -10.00 2.57 
-34.00 -10.00 2.83 
-33.00 -10.00 2.94 
-32.00 -10.00 3.07 
-31.00 -10.00 3.21 
-30.00 -10.00 3.34 
-74.00 -9.00 3.54 
-73.00 -9.00 3.41 
-72.00 -9.00 3.25 
-71.00 -9.00 3.36 
-70.00 -9.00 3.40 
-69.00 -9.00 3.25 
-68.00 -9.00 3.14 
-67.00 -9.00 3.25 
-66.00 -9.00 3.41 
-65.00 -9.00 3.42 
-64.00 -9.00 3.40 
-63.00 -9.00 3.33 
-62.00 -9.00 3.26 
-61.00 -9.00 3.15 
-60.00 -9.00 3.01 
-59.00 -9.00 2.91 
-58.00 -9.00 3.00 
-57.00 -9.00 3.07 
-56.00 -9.00 3.03 
-55.00 -9.00 3.04 
-54.00 -9.00 2.88 
-53.00 -9.00 2.94 
-52.00 -9.00 2.93 
-51.00 -9.00 2.90 
-50.00 -9.00 2.76 
-49.00 -9.00 2.81 
-48.00 -9.00 2.98 
-47.00 -9.00 2.88 
-46.00 -9.00 3.05 
-45.00 -9.00 3.12 
-44.00 -9.00 3.15 
-43.00 -9.00 3.01 
-42.00 -9.00 2.93 
-41.00 -9.00 2.81 
-40.00 -9.00 2.58 
-39.00 -9.00 2.34 
-38.00 -9.00 2.16 
-37.00 -9.00 1.99 
-36.00 -9.00 2.13 
-35.00 -9.00 2.43 
-34.00 -9.00 2.56 
-33.00 -9.00 2.73 
-32.00 -9.00 2.95 
-31.00 -9.00 3.15 
-30.00 -9.00 3.33 
-74.00 -8.00 3.56 
-73.00 -8.00 3.43 
-72.00 -8.00 3.32 
-71.00 -8.00 3.44 
-70.00 -8.00 3.42 
-69.00 -8.00 3.26 
-68.00 -8.00 3.08 
-67.00 -8.00 3.23 
-66.00 -8.00 3.39 
-65.00 -8.00 3.36 
-64.00 -8.00 3.32 
-63.00 -8.00 3.23 
-62.00 -8.00 3.16 
-61.00 -8.00 3.19 
-60.00 -8.00 3.08 
-59.00 -8.00 2.95 
-58.00 -8.00 2.95 
-57.00 -8.00 2.84 
-56.00 -8.00 2.80 
-55.00 -8.00 2.88 
-54.00 -8.00 3.00 
-53.00 -8.00 2.96 
-52.00 -8.00 2.99 
-51.00 -8.00 2.98 
-50.00 -8.00 2.99 
-49.00 -8.00 3.02 
-48.00 -8.00 3.13 
-47.00 -8.00 3.08 
-46.00 -8.00 3.04 
-45.00 -8.00 3.13 
-44.00 -8.00 3.05 
-43.00 -8.00 2.94 
-42.00 -8.00 2.79 
-41.00 -8.00 2.63 
-40.00 -8.00 2.55 
-39.00 -8.00 2.42 
-38.00 -8.00 2.18 
-37.00 -8.00 2.09 
-36.00 -8.00 2.02 
-35.00 -8.00 2.21 
-34.00 -8.00 2.53 
-33.00 -8.00 2.78 
-32.00 -8.00 2.99 
-31.00 -8.00 3.17 
-30.00 -8.00 3.33 
-74.00 -7.00 3.60 
-73.00 -7.00 3.48 
-72.00 -7.00 3.43 
-71.00 -7.00 3.53 
-70.00 -7.00 3.45 
-69.00 -7.00 3.30 
-68.00 -7.00 3.14 
-67.00 -7.00 3.24 
-66.00 -7.00 3.37 
-65.00 -7.00 3.25 
-64.00 -7.00 3.37 
-63.00 -7.00 3.38 
-62.00 -7.00 3.32 
-61.00 -7.00 3.27 
-60.00 -7.00 3.11 
-59.00 -7.00 3.02 
-58.00 -7.00 3.04 
-57.00 -7.00 3.03 
-56.00 -7.00 3.04 
-55.00 -7.00 3.09 
-54.00 -7.00 2.95 
-53.00 -7.00 3.06 
-52.00 -7.00 3.05 
-51.00 -7.00 3.10 
-50.00 -7.00 3.13 
-49.00 -7.00 3.14 
-48.00 -7.00 3.13 
-47.00 -7.00 3.11 
-46.00 -7.00 3.12 
-45.00 -7.00 3.08 
-44.00 -7.00 3.03 
-43.00 -7.00 2.94 
-42.00 -7.00 2.93 
-41.00 -7.00 2.78 
-40.00 -7.00 2.59 
-39.00 -7.00 2.31 
-38.00 -7.00 2.25 
-37.00 -7.00 1.97 
-36.00 -7.00 1.70 
-35.00 -7.00 2.02 
-34.00 -7.00 2.35 
-33.00 -7.00 2.67 
-32.00 -7.00 2.92 
-31.00 -7.00 3.13 
-30.00 -7.00 3.30 
-74.00 -6.00 3.53 
-73.00 -6.00 3.54 
-72.00 -6.00 3.53 
-71.00 -6.00 3.61 
-70.00 -6.00 3.49 
-69.00 -6.00 3.37 
-68.00 -6.00 3.22 
-67.00 -6.00 3.28 
-66.00 -6.00 3.29 
-65.00 -6.00 3.15 
-64.00 -6.00 3.31 
-63.00 -6.00 3.30 
-62.00 -6.00 3.23 
-61.00 -6.00 3.20 
-60.00 -6.00 3.05 
-59.00 -6.00 3.12 
-58.00 -6.00 3.17 
-57.00 -6.00 3.10 
-56.00 -6.00 3.08 
-55.00 -6.00 3.09 
-54.00 -6.00 2.92 
-53.00 -6.00 2.96 
-52.00 -6.00 3.05 
-51.00 -6.00 3.03 
-50.00 -6.00 3.19 
-49.00 -6.00 3.25 
-48.00 -6.00 3.10 
-47.00 -6.00 2.94 
-46.00 -6.00 2.93 
-45.00 -6.00 3.06 
-44.00 -6.00 3.02 
-43.00 -6.00 2.88 
-42.00 -6.00 2.75 
-41.00 -6.00 2.55 
-40.00 -6.00 2.40 
-39.00 -6.00 2.15 
-38.00 -6.00 2.04 
-37.00 -6.00 2.06 
-36.00 -6.00 2.00 
-35.00 -6.00 2.36 
-34.00 -6.00 2.59 
-33.00 -6.00 2.81 
-32.00 -6.00 3.01 
-31.00 -6.00 3.19 
-30.00 -6.00 3.35 
-74.00 -5.00 3.52 
-73.00 -5.00 3.57 
-72.00 -5.00 3.61 
-71.00 -5.00 3.66 
-70.00 -5.00 3.56 
-69.00 -5.00 3.44 
-68.00 -5.00 3.32 
-67.00 -5.00 3.34 
-66.00 -5.00 3.22 
-65.00 -5.00 3.10 
-64.00 -5.00 3.27 
-63.00 -5.00 3.25 
-62.00 -5.00 3.33 
-61.00 -5.00 3.16 
-60.00 -5.00 3.12 
-59.00 -5.00 2.97 
-58.00 -5.00 3.04 
-57.00 -5.00 2.92 
-56.00 -5.00 3.11 
-55.00 -5.00 3.16 
-54.00 -5.00 2.96 
-53.00 -5.00 2.72 
-52.00 -5.00 2.86 
-51.00 -5.00 3.06 
-50.00 -5.00 3.12 
-49.00 -5.00 3.16 
-48.00 -5.00 2.98 
-47.00 -5.00 2.86 
-46.00 -5.00 2.93 
-45.00 -5.00 3.03 
-44.00 -5.00 2.99 
-43.00 -5.00 2.73 
-42.00 -5.00 2.59 
-41.00 -5.00 2.53 
-40.00 -5.00 2.12 
-39.00 -5.00 2.20 
-38.00 -5.00 2.31 
-37.00 -5.00 2.29 
-36.00 -5.00 2.38 
-35.00 -5.00 2.61 
-34.00 -5.00 2.82 
-33.00 -5.00 2.94 
-32.00 -5.00 3.13 
-31.00 -5.00 3.28 
-30.00 -5.00 3.41 
-74.00 -4.00 3.63 
-73.00 -4.00 3.68 
-72.00 -4.00 3.60 
-71.00 -4.00 3.64 
-70.00 -4.00 3.62 
-69.00 -4.00 3.53 
-68.00 -4.00 3.43 
-67.00 -4.00 3.35 
-66.00 -4.00 3.26 
-65.00 -4.00 3.28 
-64.00 -4.00 3.27 
-63.00 -4.00 3.39 
-62.00 -4.00 3.33 
-61.00 -4.00 3.18 
-60.00 -4.00 3.21 
-59.00 -4.00 3.05 
-58.00 -4.00 2.89 
-57.00 -4.00 2.82 
-56.00 -4.00 3.05 
-55.00 -4.00 3.04 
-54.00 -4.00 2.91 
-53.00 -4.00 2.84 
-52.00 -4.00 2.82 
-51.00 -4.00 2.86 
-50.00 -4.00 3.06 
-49.00 -4.00 3.10 
-48.00 -4.00 3.08 
-47.00 -4.00 3.09 
-46.00 -4.00 3.01 
-45.00 -4.00 3.11 
-44.00 -4.00 2.98 
-43.00 -4.00 2.82 
-42.00 -4.00 2.55 
-41.00 -4.00 2.49 
-40.00 -4.00 2.04 
-39.00 -4.00 2.40 
-38.00 -4.00 2.29 
-37.00 -4.00 2.58 
-36.00 -4.00 2.42 
-35.00 -4.00 2.69 
-34.00 -4.00 2.95 
-33.00 -4.00 3.13 
-32.00 -4.00 3.22 
-31.00 -4.00 3.34 
-30.00 -4.00 3.48 
-74.00 -3.00 3.74 
-73.00 -3.00 3.76 
-72.00 -3.00 3.68 
-71.00 -3.00 3.61 
-70.00 -3.00 3.70 
-69.00 -3.00 3.61 
-68.00 -3.00 3.49 
-67.00 -3.00 3.45 
-66.00 -3.00 3.38 
-65.00 -3.00 3.32 
-64.00 -3.00 3.29 
-63.00 -3.00 3.28 
-62.00 -3.00 3.30 
-61.00 -3.00 3.19 
-60.00 -3.00 3.19 
-59.00 -3.00 3.08 
-58.00 -3.00 2.86 
-57.00 -3.00 2.82 
-56.00 -3.00 3.02 
-55.00 -3.00 2.90 
-54.00 -3.00 2.95 
-53.00 -3.00 3.00 
-52.00 -3.00 2.87 
-51.00 -3.00 2.74 
-50.00 -3.00 2.98 
-49.00 -3.00 3.08 
-48.00 -3.00 3.07 
-47.00 -3.00 3.24 
-46.00 -3.00 3.10 
-45.00 -3.00 3.10 
-44.00 -3.00 2.92 
-43.00 -3.00 2.94 
-42.00 -3.00 2.75 
-41.00 -3.00 2.59 
-40.00 -3.00 2.44 
-39.00 -3.00 2.53 
-38.00 -3.00 2.59 
-37.00 -3.00 2.61 
-36.00 -3.00 2.75 
-35.00 -3.00 2.75 
-34.00 -3.00 2.99 
-33.00 -3.00 3.19 
-32.00 -3.00 3.35 
-31.00 -3.00 3.44 
-30.00 -3.00 3.53 
-74.00 -2.00 3.84 
-73.00 -2.00 3.83 
-72.00 -2.00 3.77 
-71.00 -2.00 3.71 
-70.00 -2.00 3.66 
-69.00 -2.00 3.62 
-68.00 -2.00 3.58 
-67.00 -2.00 3.55 
-66.00 -2.00 3.45 
-65.00 -2.00 3.33 
-64.00 -2.00 3.34 
-63.00 -2.00 3.44 
-62.00 -2.00 3.40 
-61.00 -2.00 3.25 
-60.00 -2.00 3.08 
-59.00 -2.00 3.03 
-58.00 -2.00 2.82 
-57.00 -2.00 2.85 
-56.00 -2.00 2.95 
-55.00 -2.00 3.12 
-54.00 -2.00 3.15 
-53.00 -2.00 3.09 
-52.00 -2.00 2.98 
-51.00 -2.00 2.96 
-50.00 -2.00 2.95 
-49.00 -2.00 3.10 
-48.00 -2.00 3.01 
-47.00 -2.00 3.17 
-46.00 -2.00 3.23 
-45.00 -2.00 3.13 
-44.00 -2.00 2.92 
-43.00 -2.00 3.09 
-42.00 -2.00 2.95 
-41.00 -2.00 2.75 
-40.00 -2.00 2.77 
-39.00 -2.00 2.78 
-38.00 -2.00 2.85 
-37.00 -2.00 2.88 
-36.00 -2.00 2.94 
-35.00 -2.00 2.98 
-34.00 -2.00 3.08 
-33.00 -2.00 3.24 
-32.00 -2.00 3.39 
-31.00 -2.00 3.53 
-30.00 -2.00 3.63 
-74.00 -1.00 3.84 
-73.00 -1.00 3.81 
-72.00 -1.00 3.80 
-71.00 -1.00 3.79 
-70.00 -1.00 3.75 
-69.00 -1.00 3.70 
-68.00 -1.00 3.60 
-67.00 -1.00 3.49 
-66.00 -1.00 3.36 
-65.00 -1.00 3.26 
-64.00 -1.00 3.40 
-63.00 -1.00 3.52 
-62.00 -1.00 3.46 
-61.00 -1.00 3.33 
-60.00 -1.00 3.19 
-59.00 -1.00 3.04 
-58.00 -1.00 2.90 
-57.00 -1.00 2.95 
-56.00 -1.00 2.88 
-55.00 -1.00 3.10 
-54.00 -1.00 3.28 
-53.00 -1.00 3.12 
-52.00 -1.00 3.11 
-51.00 -1.00 3.17 
-50.00 -1.00 3.14 
-49.00 -1.00 3.15 
-48.00 -1.00 3.20 
-47.00 -1.00 3.27 
-46.00 -1.00 3.30 
-45.00 -1.00 3.20 
-44.00 -1.00 3.02 
-43.00 -1.00 3.16 
-42.00 -1.00 3.09 
-41.00 -1.00 2.93 
-40.00 -1.00 3.01 
-39.00 -1.00 3.02 
-38.00 -1.00 3.07 
-37.00 -1.00 3.10 
-36.00 -1.00 3.08 
-35.00 -1.00 3.19 
-34.00 -1.00 3.23 
-33.00 -1.00 3.33 
-32.00 -1.00 3.45 
-31.00 -1.00 3.57 
-30.00 -1.00 3.68 
-74.00 0.00 3.75 
-73.00 0.00 3.71 
-72.00 0.00 3.69 
-71.00 0.00 3.68 
-70.00 0.00 3.68 
-69.00 0.00 3.68 
-68.00 0.00 3.58 
-67.00 0.00 3.45 
-66.00 0.00 3.32 
-65.00 0.00 3.36 
-64.00 0.00 3.48 
-63.00 0.00 3.58 
-62.00 0.00 3.53 
-61.00 0.00 3.42 
-60.00 0.00 3.29 
-59.00 0.00 3.12 
-58.00 0.00 2.92 
-57.00 0.00 3.01 
-56.00 0.00 2.97 
-55.00 0.00 3.11 
-54.00 0.00 3.29 
-53.00 0.00 3.19 
-52.00 0.00 3.24 
-51.00 0.00 3.33 
-50.00 0.00 3.32 
-49.00 0.00 3.23 
-48.00 0.00 3.36 
-47.00 0.00 3.41 
-46.00 0.00 3.34 
-45.00 0.00 3.28 
-44.00 0.00 3.14 
-43.00 0.00 3.22 
-42.00 0.00 3.22 
-41.00 0.00 3.11 
-40.00 0.00 3.11 
-39.00 0.00 3.21 
-38.00 0.00 3.25 
-37.00 0.00 3.28 
-36.00 0.00 3.26 
-35.00 0.00 3.31 
-34.00 0.00 3.38 
-33.00 0.00 3.45 
-32.00 0.00 3.54 
-31.00 0.00 3.63 
-30.00 0.00 3.73 
-74.00 1.00 3.67 
-73.00 1.00 3.66 
-72.00 1.00 3.67 
-71.00 1.00 3.68 
-70.00 1.00 3.71 
-69.00 1.00 3.71 
-68.00 1.00 3.61 
-67.00 1.00 3.52 
-66.00 1.00 3.41 
-65.00 1.00 3.46 
-64.00 1.00 3.56 
-63.00 1.00 3.65 
-62.00 1.00 3.61 
-61.00 1.00 3.49 
-60.00 1.00 3.35 
-59.00 1.00 3.21 
-58.00 1.00 3.10 
-57.00 1.00 3.13 
-56.00 1.00 3.05 
-55.00 1.00 3.19 
-54.00 1.00 3.32 
-53.00 1.00 3.29 
-52.00 1.00 3.37 
-51.00 1.00 3.46 
-50.00 1.00 3.45 
-49.00 1.00 3.33 
-48.00 1.00 3.43 
-47.00 1.00 3.54 
-46.00 1.00 3.45 
-45.00 1.00 3.38 
-44.00 1.00 3.28 
-43.00 1.00 3.31 
-42.00 1.00 3.35 
-41.00 1.00 3.27 
-40.00 1.00 3.23 
-39.00 1.00 3.36 
-38.00 1.00 3.40 
-37.00 1.00 3.43 
-36.00 1.00 3.42 
-35.00 1.00 3.45 
-34.00 1.00 3.50 
-33.00 1.00 3.56 
-32.00 1.00 3.63 
-31.00 1.00 3.70 
-30.00 1.00 3.78 
-74.00 2.00 3.78 
-73.00 2.00 3.77 
-72.00 2.00 3.77 
-71.00 2.00 3.79 
-70.00 2.00 3.75 
-69.00 2.00 3.74 
-68.00 2.00 3.63 
-67.00 2.00 3.55 
-66.00 2.00 3.50 
-65.00 2.00 3.56 
-64.00 2.00 3.64 
-63.00 2.00 3.72 
-62.00 2.00 3.65 
-61.00 2.00 3.55 
-60.00 2.00 3.43 
-59.00 2.00 3.31 
-58.00 2.00 3.26 
-57.00 2.00 3.20 
-56.00 2.00 3.07 
-55.00 2.00 3.23 
-54.00 2.00 3.38 
-53.00 2.00 3.43 
-52.00 2.00 3.50 
-51.00 2.00 3.57 
-50.00 2.00 3.53 
-49.00 2.00 3.43 
-48.00 2.00 3.49 
-47.00 2.00 3.60 
-46.00 2.00 3.56 
-45.00 2.00 3.49 
-44.00 2.00 3.43 
-43.00 2.00 3.40 
-42.00 2.00 3.48 
-41.00 2.00 3.41 
-40.00 2.00 3.38 
-39.00 2.00 3.45 
-38.00 2.00 3.54 
-37.00 2.00 3.55 
-36.00 2.00 3.55 
-35.00 2.00 3.58 
-34.00 2.00 3.62 
-33.00 2.00 3.67 
-32.00 2.00 3.72 
-31.00 2.00 3.79 
-30.00 2.00 3.85 
-74.00 3.00 3.88 
-73.00 3.00 3.87 
-72.00 3.00 3.87 
-71.00 3.00 3.85 
-70.00 3.00 3.75 
-69.00 3.00 3.78 
-68.00 3.00 3.68 
-67.00 3.00 3.57 
-66.00 3.00 3.59 
-65.00 3.00 3.59 
-64.00 3.00 3.67 
-63.00 3.00 3.76 
-62.00 3.00 3.71 
-61.00 3.00 3.61 
-60.00 3.00 3.51 
-59.00 3.00 3.41 
-58.00 3.00 3.40 
-57.00 3.00 3.28 
-56.00 3.00 3.19 
-55.00 3.00 3.32 
-54.00 3.00 3.45 
-53.00 3.00 3.52 
-52.00 3.00 3.61 
-51.00 3.00 3.67 
-50.00 3.00 3.62 
-49.00 3.00 3.53 
-48.00 3.00 3.57 
-47.00 3.00 3.66 
-46.00 3.00 3.66 
-45.00 3.00 3.58 
-44.00 3.00 3.55 
-43.00 3.00 3.52 
-42.00 3.00 3.59 
-41.00 3.00 3.54 
-40.00 3.00 3.52 
-39.00 3.00 3.55 
-38.00 3.00 3.64 
-37.00 3.00 3.67 
-36.00 3.00 3.67 
-35.00 3.00 3.69 
-34.00 3.00 3.72 
-33.00 3.00 3.76 
-32.00 3.00 3.81 
-31.00 3.00 3.86 
-30.00 3.00 3.92 
-74.00 4.00 3.96 
-73.00 4.00 3.96 
-72.00 4.00 3.94 
-71.00 4.00 3.86 
-70.00 4.00 3.76 
-69.00 4.00 3.81 
-68.00 4.00 3.73 
-67.00 4.00 3.66 
-66.00 4.00 3.68 
-65.00 4.00 3.62 
-64.00 4.00 3.60 
-63.00 4.00 3.69 
-62.00 4.00 3.77 
-61.00 4.00 3.68 
-60.00 4.00 3.60 
-59.00 4.00 3.51 
-58.00 4.00 3.49 
-57.00 4.00 3.38 
-56.00 4.00 3.32 
-55.00 4.00 3.42 
-54.00 4.00 3.53 
-53.00 4.00 3.58 
-52.00 4.00 3.65 
-51.00 4.00 3.76 
-50.00 4.00 3.70 
-49.00 4.00 3.63 
-48.00 4.00 3.64 
-47.00 4.00 3.73 
-46.00 4.00 3.74 
-45.00 4.00 3.67 
-44.00 4.00 3.67 
-43.00 4.00 3.64 
-42.00 4.00 3.67 
-41.00 4.00 3.65 
-40.00 4.00 3.64 
-39.00 4.00 3.66 
-38.00 4.00 3.72 
-37.00 4.00 3.77 
-36.00 4.00 3.78 
-35.00 4.00 3.80 
-34.00 4.00 3.82 
-33.00 4.00 3.85 
-32.00 4.00 3.89 
-31.00 4.00 3.94 
-30.00 4.00 3.99 
-74.00 5.00 4.04 
-73.00 5.00 4.04 
-72.00 5.00 3.96 
-71.00 5.00 3.87 
-70.00 5.00 3.78 
-69.00 5.00 3.85 
-68.00 5.00 3.78 
-67.00 5.00 3.76 
-66.00 5.00 3.77 
-65.00 5.00 3.72 
-64.00 5.00 3.67 
-63.00 5.00 3.64 
-62.00 5.00 3.74 
-61.00 5.00 3.76 
-60.00 5.00 3.69 
-59.00 5.00 3.62 
-58.00 5.00 3.58 
-57.00 5.00 3.49 
-56.00 5.00 3.45 
-55.00 5.00 3.52 
-54.00 5.00 3.61 
-53.00 5.00 3.68 
-52.00 5.00 3.68 
-51.00 5.00 3.78 
-50.00 5.00 3.78 
-49.00 5.00 3.72 
-48.00 5.00 3.72 
-47.00 5.00 3.80 
-46.00 5.00 3.82 
-45.00 5.00 3.77 
-44.00 5.00 3.76 
-43.00 5.00 3.75 
-42.00 5.00 3.75 
-41.00 5.00 3.76 
-40.00 5.00 3.75 
-39.00 5.00 3.77 
-38.00 5.00 3.80 
-37.00 5.00 3.86 
-36.00 5.00 3.88 
-35.00 5.00 3.89 
-34.00 5.00 3.91 
-33.00 5.00 3.94 
-32.00 5.00 3.97 
-31.00 5.00 4.00 
-30.00 5.00 4.05 
-74.00 6.00 4.12 
-73.00 6.00 4.06 
-72.00 6.00 3.98 
-71.00 6.00 3.90 
-70.00 6.00 3.82 
-69.00 6.00 3.90 
-68.00 6.00 3.84 
-67.00 6.00 3.86 
-66.00 6.00 3.86 
-65.00 6.00 3.81 
-64.00 6.00 3.77 
-63.00 6.00 3.74 
-62.00 6.00 3.72 
-61.00 6.00 3.80 
-60.00 6.00 3.77 
-59.00 6.00 3.73 
-58.00 6.00 3.66 
-57.00 6.00 3.61 
-56.00 6.00 3.58 
-55.00 6.00 3.62 
-54.00 6.00 3.69 
-53.00 6.00 3.77 
-52.00 6.00 3.72 
-51.00 6.00 3.81 
-50.00 6.00 3.86 
-49.00 6.00 3.81 
-48.00 6.00 3.80 
-47.00 6.00 3.87 
-46.00 6.00 3.90 
-45.00 6.00 3.85 
-44.00 6.00 3.82 
-43.00 6.00 3.85 
-42.00 6.00 3.84 
-41.00 6.00 3.85 
-40.00 6.00 3.85 
-39.00 6.00 3.86 
-38.00 6.00 3.89 
-37.00 6.00 3.93 
-36.00 6.00 3.96 
-35.00 6.00 3.98 
-34.00 6.00 3.99 
-33.00 6.00 4.02 
-32.00 6.00 4.05 
-31.00 6.00 4.07 
-30.00 6.00 4.11 
